MClusterID,XClusterID,MClusterSize,XClusterSize,OverlapSize,OverlapMembers,MOnlySize,MOnlyMembers,XOnlySize,XOnlyMembers,CombinedSize,CombinedMembers
1,205,281,270,24,"['samuelfl', 'uxiavelca', 'pablosande98', 'iagomillanentenza', 'aloptor', 'xoangon', 'lidiadom', 'xoanmayo', 'foojorge', 'caetano.eirea', 'clara.landesa', 'fofi94', 'juanjoseo', 'qumo4329', 'martinzapatamartinez', 'juansans98', 'exareivaj', 'isaac.dominguez4444', 'myez', 'miguel_fernandez', 'marniesan', 'manuel10suarez10', 'jdanivc', 'mmartinezsanchez']",257,"['akamsali', 'pmvd95', 'yuxian123', 'uutty2010', 'wanghb', 'policon', 'andrea.mendez', 'shihhaotsai', 'jbalderasfernandez', 'iagopardo97', 'alejandromo1610', 'rayoaki7', 'sergiogrcsnchz', 'pablosempredepor97', 'julioug1', 'anderson.bi', 'alyabra.alejandro', 'bulganb28', 'haominl1997', 'j.guedegar', 'prra6646', 'nuriamj', 'veronica.castro', 'chenre', 'mariamfontan', 'jaimedmj', 'sotmas', 'albertoangulo', 'ludoba2912', 'francisxavgr', 'thackettt', 'amirbadshah224', 'lluisgonzaga96', 'dariogarred', 'clarachapela10', '2015soham.sawant', 'junwen', 'pablocrespo11', 'iagomoscer', 'adec', 'shikhararvind', 'jesslyn', 'antonio98y', 'sstty7', 'miguelpinocarmona', 'noxis986', 'miguellopezcardenas98', 'angelaturnes', 'albertoccz', 'marinabm', 'pablomd', 'zhs002', 'e0427406', 'pablojosecalvo', 'guoxg46', 'comeseetake', 'wangjianed_1992', 'xxy0501', 'leoncc', 'arturocastro94', 'ryu.j', 'alecorti.pardo', 'edgarmtz', 'brendaorea15', '9.genest.gabriel', 'e.fisicahamza', 'rakki.datta', 'luisbarrios', 'zhang.jiayu', 'enriquevaliente17', 'martin.gutierrez', 'albertortepin', 'clarahernandez05f', 'rubenortega', 'pablo.garcia.bas', 'elena.j.g', 'pablolopezexposito', 'dariogarciaredecillas', 'joannesy', 'antonionito1993', 'elviracastillo', 'brunolopez', 'mihai.pislaru.fisica', 'ee5502', 'gkkk6', 'gmedina', 'gonzalogbb', 'chrispvnofficial', 'a997154508', 'alsyaari', 'alexsanchezcast', 'savardbastien', 'paula.bolboreta', 'isafdez', 'hewutanyuan', 'hamza32amar', 'alyabra.vargas', 'justinegiroux', 'tergel1999', 'ch2922', 'tonybocadillosgrandes', 'fabiolajsanlop', 'zewei', 'wang.yaoz', 'hdelatorre3524', 'fernando_ibarra', 'campamarin', 'austinz', 'chenxi', 'joeanszxc', 'ergobe3', 'wmy', 'e.jojusalo', 'juanjotromp', 'andreasorroche', 'yingxue58', 'danidm', 'manucro10', 'pedrogea08', 'danielfdezcalo', 'hariprasanna', 'plmolina4', 'watashi.legion', 'berzasnon', 'e.lucasnavarrog', 'jinfengleong', 'sohamsawant912', 'zakizhou', 'dang.e', 'aledes', 'soddy1996', 'guojunxiong25', 'lluissanuy', 'shizhan.flood', 'ivan1', 'anamconrado', 'lianyi96', 'aliraza2013ee360', 'niravsurajlal', 'christsun', 'zhaoyu960207', 'mari.paucom', 'michaelcameronmcdonald', 'mordor', 'elmu6301', 'blasern', 'dja19951995', 'pedrobeko98', 'floren_ff', 'isaac.carrillo', 'ejg98', 'melissa5', 'sebastianvromero', 'maurobn98', 'albacosta', 'lauragdevesa', 'david.garrido', 'savas', 'alicia.mosq', 'ottoridemar', 'kennyxsy', 'abdulhaiyum.f', 'bellmanz', 'martin32', 'jiaqi.guoguo', 'facundobonfiglio', 'e.ivanlopgar1997', 'sylim1', 'fabiola.santos', 'sergiocalo.barranha', 'elisa.vicenteei', 'al16do06', 'dyoh5119', 'ionemanuelmoralesrosales', 'esteban.figueroa', 'limengyuanli66', 'valeriamg', 'anar4331', 'isaferjim', 'bingshengliu', 'sangkyu.sun', 'zihang', 'cxiuqi1', 'mgupta15', 'costasdiego97', 'paula.mourino', 'xiaode', 'chwi7664', 'wtq77', 'miaocx714', 'chenxiwang', 'dulguun_021', 'fran.mosquera.pena', 'ralfli', 'carterkirkendoll', 'choikj', 'p.suarez97', 'hit.kamble', 'jameslin', 'alex_varela_17', 'claudia.puga', 'andrei.luneow01031999', 'songy', 'emixose', 'h_elmenier', 'simoncarloscartamil', 'jgm2096', 'xxxxiaofan', 'anselmoantorcha', 'nivedaksubramanian', 'qwe', 'yzarni89', 'gbatzorig268', 'henglund', 'jerome.alag', 'bgutierrez', 'liuman961021', 'xiaolei', 'danidrivas98', 'melonlzheng', 'essheh', 'dalder', 'rysw5590', 'nuriatellado', 'kong2020', 'feijoomartina', 'chenyue', 'elmanguito', 'alyabra', 'japrz', 'xhan009', 'aidan.rooney17', 'lucamonduzzi96', 'chema', 'juancarlosroutrera', 'davidga568', 'praveens013', 'roberto.nava', 'cmoadne', 'gonzavt15', '836054323_wj', 'salamghgh20', 'cytuslll1997', 'agarviespi', 'ero15953', 'mihaipx', 'carlosbesadaromero', 'guyu', 'antoinelegare', 'luisgfloreslarrea', 'juanariza', 'cristinacostas', 'victortorressuch', 'laurenp', 'stgermain.b', 'thunaung', 'miri23']",246,"['thddpwls257', 'siyuezheng', 'ignaciomilani', 'aht47', 'emt2', 'beper53', '5dustkd', 'zaubin42', 'adrianhochgesang', 'jrichman99', 'jenniferperez1', 'n3b3x', 'abal2474', 'xogus102929', 'suyoneee', 'ghtlstnf7', 'itskatomall', 'danielcondetorres', 'koakhyunji', 'jesusgiraldez', 'lwang82', 'chvk4161', 'finnclements', 'dbeciri45', 'lukebidulka', 'latourem', 'jlkirk', 'htj1104', 'tristram', 'yougyeongo', 'dish1498', 'hayejord', 'sukjunyeo', 'francike', 'gonserr', 'macks', 'estalin', 'nargene', 'danielm78', 'lhc33820933', 'nerwin', 'mcdonald.josh', 'franktib2', 'kirollos.morcos.km', 'm0650104.ee06g', 'alskdjfh6161', 'anamichelena', 'yjn3492', 'ezsamsuntung', 'josig2011', 'andreagcoto', 'coopjord', 'guillermocam', 'vandelei', 'bassel0elgharbawy0', 'u1285150', 'u0360918', 'martinperezmaneiro', 'u1201859', 'msubullies1', 'dale7283', 'juho4523', 'dldnals2020', 'mitchell.shields99', 'mocha7411', 'wodnjssnsk12', 'jn12su27', 'hjshook', 'mis5660', 'ziyue2', 'ohh99o9', 'socrat', 'ophelie10', 'rygr8576', 'dmeyer1998', 'shabnashreej', 'kunge0054', 'sabintandukar', 'nshamsi', 'zrm0001', 'doog9601', 'smdesrochers', 'taylordavis678', 'dnlek12', 'mertyamanoglu', 'tpollei', 'alberto4', 'ye02', 'cjsxodnd12', 'yassminsabry', 'wjdekgus77', 'dbister', 'eogn1004', 'emilioar', 'b.isenberg', 'gipes', 'ekdms0894', 'naitix', 'bsusol2', 'genius_p', 'ylanbdr', 'sportmonkey584', 'kendalhiatt', 'cjs476', 'gekco', 'parkface94', 'johnlanghout', 'georgeckchen', 'e.pmcrespo', 'k66773659', 'rachel.blaydes', 'giacomo.munari.1', 'jmy0002', 'matthewleemle2', 'leesk4869', 'nes1011', 'pedro.julian', 'iflueck2', 'petercp2', 'vetterd', 'dariushkim', 'cbo3', 'palzmq', 'aia00001', 'giung0227', 'matthewdailey', 'jaephago', 'hyerim100600', 'byeolguri', 'jakubpepas', 'kepco2020a', 'mehdibandali', 'aanupam3', 'marcospascualin', 'reyda', 'qncowlf10', 'spazos', 'supernhtr', 'qwerty0637', 'boody456366', 'ghobashy445', 'axelbelgarde', 'marshallfrye', 'jasperdeconinck', 'cbnuleejinwoo', 'glevita2', 'raymondzhou227', 'foghel96', 'toast', 'sgu20151463', 'chohyundong12', 'eserafimbortolazzo', 'josedamiangarcianoya', 'jeandavid', 'rohdej', 'graceml2', 'gcxmoffice1994', 'ryuhoin2002', 'piri940511', 'ludovick', 'corozco', 'b.benson', 'mikesnure', 'hancheyn', 'giacomo.bego', 'dorxlqmdkdlel', 'tnqls3409', 'philg', 'sooooooy314', 'rricardo0324', 'nakkulab', 'khfrum', 'blake.ballou08', 'jiaolh', 'rhrna007', 'carlosvigo1997', 'student1000', 'tmdorsey', 'cicalesej', 'sumintnals', 'pichoncillo1', 'hyerim1006000', 'jboniuk98', 'ardisch123', 'andrea.oldham97', 'dangover94', 'therahuul', 'rbb0001', 'cmoauro2', 'navya.k.shastri', 'sallysong683', 'mtanzi', 'chzh1341', 'daniel.robin22', '123whdxor', 'sschneider874', 'kesu1234', 'dhkswk96', 'eunice98k', 'jonathan.balent', 'soddi1621', 'u1121281', 'junzed2', 'mattmattmerrill', 'logankraus', 'zlapvmf', 'sherwmit', 'jedelkind0117', 'bbatuhanbilecen', 'anstjd1542', 'anais3', 'mauro_sg', 'anstpdlffj3', 'ana.rmteo', 'adp5383', 'titanking231', 'bw02203', 'bobbimatheson', 'ganaaa12a', 'alw0039', 'antonio25', 'tjtks4730', 'bha00001', 'chdu6864', 'pablocl', 'yoonek6719', 'jhryu1994', 'thomas.poulin', 'ybso1566', 'u0543041', 'idargu90', 'antoramp', 'kyserch', 'qottkf6194', 'lsj4677', 'rachelgjohnson', 'hellbomber101', 'yoojeong9925', 'declanb', 'immmin6677', 'xfiles', 'tonni1912', 'hs960531', 'qkslqksl951', 'roychoudhuryaditya2019', 'rsp79']",527,"['wanghb', 'thddpwls257', 'siyuezheng', 'andrea.mendez', 'jbalderasfernandez', 'iagopardo97', 'alejandromo1610', 'emt2', 'zaubin42', 'sergiogrcsnchz', 'beper53', 'adrianhochgesang', 'jrichman99', 'anderson.bi', 'xoangon', 'abal2474', 'xogus102929', 'alyabra.alejandro', 'ghtlstnf7', 'itskatomall', 'danielcondetorres', 'koakhyunji', 'bulganb28', 'haominl1997', 'prra6646', 'veronica.castro', 'nuriamj', 'jesusgiraldez', 'lwang82', 'mariamfontan', 'jaimedmj', 'sotmas', 'caetano.eirea', 'finnclements', 'clara.landesa', 'ludoba2912', 'francisxavgr', 'lukebidulka', 'latourem', 'thackettt', 'amirbadshah224', 'jlkirk', 'htj1104', 'yougyeongo', 'lluisgonzaga96', 'dish1498', 'hayejord', 'sukjunyeo', 'danielm78', 'clarachapela10', '2015soham.sawant', 'estalin', 'junwen', 'lhc33820933', 'nerwin', 'adec', 'shikhararvind', 'm0650104.ee06g', 'jesslyn', 'alskdjfh6161', 'sstty7', 'anamichelena', 'josig2011', 'andreagcoto', 'coopjord', 'angelaturnes', 'guillermocam', 'zhs002', 'pablojosecalvo', 'martinperezmaneiro', 'miguel_fernandez', 'u1201859', 'msubullies1', 'xxy0501', 'marniesan', 'arturocastro94', 'leoncc', 'alecorti.pardo', 'mitchell.shields99', 'mmartinezsanchez', 'e.fisicahamza', 'luisbarrios', 'zhang.jiayu', 'mis5660', 'albertortepin', 'martin.gutierrez', 'ziyue2', 'ohh99o9', 'rubenortega', 'ophelie10', 'pablo.garcia.bas', 'shabnashreej', 'pablolopezexposito', 'dariogarciaredecillas', 'antonionito1993', 'xoanmayo', 'elviracastillo', 'nshamsi', 'brunolopez', 'ee5502', 'foojorge', 'zrm0001', 'gkkk6', 'gmedina', 'gonzalogbb', 'a997154508', 'doog9601', 'smdesrochers', 'taylordavis678', 'paula.bolboreta', 'isafdez', 'hewutanyuan', 'tpollei', 'hamza32amar', 'ye02', 'cjsxodnd12', 'wjdekgus77', 'alyabra.vargas', 'tergel1999', 'ekdms0894', 'ch2922', 'naitix', 'fabiolajsanlop', 'wang.yaoz', 'sportmonkey584', 'hdelatorre3524', 'kendalhiatt', 'fernando_ibarra', 'campamarin', 'cjs476', 'gekco', 'rsp79', 'isaac.dominguez4444', 'e.pmcrespo', 'k66773659', 'chenxi', 'e.jojusalo', 'giacomo.munari.1', 'juanjotromp', 'pedro.julian', 'iflueck2', 'andreasorroche', 'petercp2', 'dariushkim', 'manucro10', 'pedrogea08', 'hariprasanna', 'plmolina4', 'aia00001', 'watashi.legion', 'matthewdailey', 'hyerim100600', 'jinfengleong', 'byeolguri', 'sohamsawant912', 'mehdibandali', 'aanupam3', 'zakizhou', 'marcospascualin', 'qncowlf10', 'spazos', 'dang.e', 'supernhtr', 'aledes', 'soddy1996', 'guojunxiong25', 'shizhan.flood', 'ivan1', 'jasperdeconinck', 'lianyi96', 'cbnuleejinwoo', 'glevita2', 'christsun', 'toast', 'michaelcameronmcdonald', 'chohyundong12', 'josedamiangarcianoya', 'blasern', 'jeandavid', 'dja19951995', 'rohdej', 'gcxmoffice1994', 'ryuhoin2002', 'floren_ff', 'ejg98', 'piri940511', 'ludovick', 'tnqls3409', 'giacomo.bego', 'sebastianvromero', 'albacosta', 'lauragdevesa', 'david.garrido', 'philg', 'alicia.mosq', 'ottoridemar', 'kennyxsy', 'rricardo0324', 'nakkulab', 'abdulhaiyum.f', 'bellmanz', 'blake.ballou08', 'jiaqi.guoguo', 'facundobonfiglio', 'e.ivanlopgar1997', 'carlosvigo1997', 'cicalesej', 'sumintnals', 'al16do06', 'dyoh5119', 'esteban.figueroa', 'limengyuanli66', 'isaferjim', 'bingshengliu', 'jdanivc', 'jboniuk98', 'cxiuqi1', 'ardisch123', 'dangover94', 'navya.k.shastri', 'therahuul', 'paula.mourino', 'xiaode', 'chwi7664', 'wtq77', 'rbb0001', 'miaocx714', 'choikj', 'p.suarez97', 'hit.kamble', 'alex_varela_17', 'claudia.puga', 'andrei.luneow01031999', 'songy', 'h_elmenier', '123whdxor', 'aloptor', 'sschneider874', 'simoncarloscartamil', 'kesu1234', 'jonathan.balent', 'lidiadom', 'qwe', 'yzarni89', 'gbatzorig268', 'jerome.alag', 'junzed2', 'mattmattmerrill', 'logankraus', 'zlapvmf', 'sherwmit', 'bbatuhanbilecen', 'dalder', 'anstjd1542', 'nuriatellado', 'anais3', 'mauro_sg', 'chenyue', 'ana.rmteo', 'alyabra', 'adp5383', 'japrz', 'bobbimatheson', 'xhan009', 'alw0039', 'antonio25', 'tjtks4730', 'bha00001', 'chema', 'praveens013', 'jhryu1994', 'thomas.poulin', 'gonzavt15', '836054323_wj', 'salamghgh20', 'u0543041', 'antoramp', 'kyserch', 'lsj4677', 'guyu', 'rachelgjohnson', 'antoinelegare', 'yoojeong9925', 'immmin6677', 'luisgfloreslarrea', 'juanariza', 'xfiles', 'victortorressuch', 'tonni1912', 'hs960531', 'laurenp', 'stgermain.b', 'thunaung', 'ybso1566', 'samuelfl', 'roychoudhuryaditya2019', 'pmvd95', 'yuxian123', 'akamsali', 'uutty2010', 'policon', 'shihhaotsai', 'ignaciomilani', 'aht47', 'uxiavelca', 'pablosande98', 'rayoaki7', '5dustkd', 'pablosempredepor97', 'jenniferperez1', 'julioug1', 'n3b3x', 'suyoneee', 'j.guedegar', 'chenre', 'chvk4161', 'dbeciri45', 'albertoangulo', 'tristram', 'dorxlqmdkdlel', 'juanjoseo', 'dariogarred', 'francike', 'gonserr', 'macks', 'mcdonald.josh', 'nargene', 'pablocrespo11', 'iagomoscer', 'franktib2', 'kirollos.morcos.km', 'antonio98y', 'miguelpinocarmona', 'noxis986', 'yjn3492', 'miguellopezcardenas98', 'ezsamsuntung', 'vandelei', 'exareivaj', 'albertoccz', 'marinabm', 'bassel0elgharbawy0', 'u1285150', 'u0360918', 'pablomd', 'e0427406', 'guoxg46', 'comeseetake', 'wangjianed_1992', 'manuel10suarez10', 'juho4523', 'ryu.j', 'dale7283', 'dldnals2020', 'edgarmtz', 'brendaorea15', '9.genest.gabriel', 'mocha7411', 'wodnjssnsk12', 'rakki.datta', 'jn12su27', 'hjshook', 'enriquevaliente17', 'clarahernandez05f', 'socrat', 'rygr8576', 'dmeyer1998', 'elena.j.g', 'kunge0054', 'joannesy', 'sabintandukar', 'mihai.pislaru.fisica', 'chrispvnofficial', 'alsyaari', 'alexsanchezcast', 'dnlek12', 'mertyamanoglu', 'savardbastien', 'yassminsabry', 'alberto4', 'justinegiroux', 'dbister', 'eogn1004', 'emilioar', 'b.isenberg', 'gipes', 'tonybocadillosgrandes', 'zewei', 'bsusol2', 'genius_p', 'ylanbdr', 'juansans98', 'parkface94', 'johnlanghout', 'georgeckchen', 'austinz', 'ergobe3', 'joeanszxc', 'wmy', 'rachel.blaydes', 'jmy0002', 'matthewleemle2', 'leesk4869', 'nes1011', 'vetterd', 'yingxue58', 'danidm', 'cbo3', 'danielfdezcalo', 'palzmq', 'giung0227', 'jaephago', 'berzasnon', 'e.lucasnavarrog', 'jakubpepas', 'kepco2020a', 'reyda', 'qwerty0637', 'boody456366', 'ghobashy445', 'axelbelgarde', 'marshallfrye', 'lluissanuy', 'anamconrado', 'aliraza2013ee360', 'niravsurajlal', 'zhaoyu960207', 'raymondzhou227', 'foghel96', 'mari.paucom', 'sgu20151463', 'mordor', 'eserafimbortolazzo', 'elmu6301', 'fofi94', 'graceml2', 'pedrobeko98', 'isaac.carrillo', 'qumo4329', 'melissa5', 'corozco', 'b.benson', 'mikesnure', 'hancheyn', 'maurobn98', 'savas', 'sooooooy314', 'khfrum', 'martin32', 'jiaolh', 'rhrna007', 'sylim1', 'fabiola.santos', 'sergiocalo.barranha', 'elisa.vicenteei', 'student1000', 'tmdorsey', 'ionemanuelmoralesrosales', 'pichoncillo1', 'valeriamg', 'anar4331', 'hyerim1006000', 'sangkyu.sun', 'zihang', 'mgupta15', 'costasdiego97', 'andrea.oldham97', 'mtanzi', 'cmoauro2', 'sallysong683', 'chenxiwang', 'dulguun_021', 'fran.mosquera.pena', 'ralfli', 'carterkirkendoll', 'iagomillanentenza', 'chzh1341', 'jameslin', 'daniel.robin22', 'emixose', 'dhkswk96', 'jgm2096', 'xxxxiaofan', 'eunice98k', 'anselmoantorcha', 'nivedaksubramanian', 'soddi1621', 'u1121281', 'henglund', 'bgutierrez', 'liuman961021', 'xiaolei', 'jedelkind0117', 'danidrivas98', 'melonlzheng', 'essheh', 'rysw5590', 'kong2020', 'feijoomartina', 'elmanguito', 'anstpdlffj3', 'titanking231', 'bw02203', 'martinzapatamartinez', 'ganaaa12a', 'aidan.rooney17', 'lucamonduzzi96', 'chdu6864', 'juancarlosroutrera', 'pablocl', 'davidga568', 'roberto.nava', 'yoonek6719', 'cmoadne', 'cytuslll1997', 'agarviespi', 'idargu90', 'ero15953', 'mihaipx', 'qottkf6194', 'carlosbesadaromero', 'myez', 'hellbomber101', 'declanb', 'cristinacostas', 'qkslqksl951', 'miri23']"
1,12,281,52,52,"['yuxian123', 'xiaode', 'wanghb', 'uutty2010', 'wtq77', 'miaocx714', 'policon', 'shihhaotsai', 'jinfengleong', 'ralfli', 'sohamsawant912', 'zakizhou', 'jameslin', 'songy', 'joannesy', 'yzarni89', 'qwe', 'ee5502', 'jerome.alag', 'zhaoyu960207', 'christsun', 'liuman961021', 'gkkk6', 'xiaolei', 'alsyaari', 'francisxavgr', 'kong2020', 'chenyue', '2015soham.sawant', 'xhan009', 'ch2922', 'jesslyn', 'kennyxsy', 'praveens013', 'cmoadne', '836054323_wj', 'cytuslll1997', 'jiaqi.guoguo', 'austinz', 'sylim1', 'e0427406', 'guyu', 'joeanszxc', 'wmy', 'guoxg46', 'comeseetake', 'wangjianed_1992', 'limengyuanli66', 'zihang', 'cxiuqi1', 'thunaung', 'hewutanyuan']",229,"['andrea.mendez', 'jbalderasfernandez', 'iagopardo97', 'alejandromo1610', 'sergiogrcsnchz', 'anderson.bi', 'xoangon', 'alyabra.alejandro', 'bulganb28', 'haominl1997', 'prra6646', 'veronica.castro', 'nuriamj', 'mariamfontan', 'jaimedmj', 'sotmas', 'caetano.eirea', 'clara.landesa', 'ludoba2912', 'thackettt', 'amirbadshah224', 'lluisgonzaga96', 'clarachapela10', 'junwen', 'adec', 'shikhararvind', 'sstty7', 'angelaturnes', 'zhs002', 'pablojosecalvo', 'miguel_fernandez', 'xxy0501', 'marniesan', 'arturocastro94', 'leoncc', 'alecorti.pardo', 'mmartinezsanchez', 'e.fisicahamza', 'luisbarrios', 'zhang.jiayu', 'albertortepin', 'martin.gutierrez', 'rubenortega', 'pablo.garcia.bas', 'pablolopezexposito', 'dariogarciaredecillas', 'antonionito1993', 'xoanmayo', 'elviracastillo', 'brunolopez', 'foojorge', 'gmedina', 'gonzalogbb', 'a997154508', 'paula.bolboreta', 'isafdez', 'hamza32amar', 'alyabra.vargas', 'tergel1999', 'fabiolajsanlop', 'wang.yaoz', 'hdelatorre3524', 'fernando_ibarra', 'campamarin', 'isaac.dominguez4444', 'chenxi', 'e.jojusalo', 'juanjotromp', 'andreasorroche', 'manucro10', 'pedrogea08', 'hariprasanna', 'plmolina4', 'watashi.legion', 'dang.e', 'aledes', 'soddy1996', 'guojunxiong25', 'shizhan.flood', 'ivan1', 'lianyi96', 'michaelcameronmcdonald', 'blasern', 'dja19951995', 'floren_ff', 'ejg98', 'sebastianvromero', 'albacosta', 'lauragdevesa', 'david.garrido', 'alicia.mosq', 'ottoridemar', 'abdulhaiyum.f', 'bellmanz', 'facundobonfiglio', 'e.ivanlopgar1997', 'al16do06', 'dyoh5119', 'esteban.figueroa', 'isaferjim', 'bingshengliu', 'jdanivc', 'paula.mourino', 'chwi7664', 'choikj', 'p.suarez97', 'hit.kamble', 'alex_varela_17', 'claudia.puga', 'andrei.luneow01031999', 'h_elmenier', 'aloptor', 'simoncarloscartamil', 'lidiadom', 'gbatzorig268', 'dalder', 'nuriatellado', 'alyabra', 'japrz', 'chema', 'gonzavt15', 'salamghgh20', 'antoinelegare', 'luisgfloreslarrea', 'juanariza', 'victortorressuch', 'laurenp', 'stgermain.b', 'samuelfl', 'pmvd95', 'akamsali', 'uxiavelca', 'pablosande98', 'rayoaki7', 'pablosempredepor97', 'julioug1', 'j.guedegar', 'chenre', 'albertoangulo', 'juanjoseo', 'dariogarred', 'pablocrespo11', 'iagomoscer', 'antonio98y', 'miguelpinocarmona', 'noxis986', 'miguellopezcardenas98', 'exareivaj', 'albertoccz', 'marinabm', 'pablomd', 'manuel10suarez10', 'ryu.j', 'edgarmtz', 'brendaorea15', '9.genest.gabriel', 'rakki.datta', 'enriquevaliente17', 'clarahernandez05f', 'elena.j.g', 'mihai.pislaru.fisica', 'chrispvnofficial', 'alexsanchezcast', 'savardbastien', 'justinegiroux', 'tonybocadillosgrandes', 'zewei', 'juansans98', 'ergobe3', 'yingxue58', 'danidm', 'danielfdezcalo', 'berzasnon', 'e.lucasnavarrog', 'lluissanuy', 'anamconrado', 'aliraza2013ee360', 'niravsurajlal', 'mari.paucom', 'mordor', 'elmu6301', 'fofi94', 'pedrobeko98', 'isaac.carrillo', 'qumo4329', 'melissa5', 'maurobn98', 'savas', 'martin32', 'fabiola.santos', 'sergiocalo.barranha', 'elisa.vicenteei', 'ionemanuelmoralesrosales', 'valeriamg', 'anar4331', 'sangkyu.sun', 'mgupta15', 'costasdiego97', 'chenxiwang', 'dulguun_021', 'fran.mosquera.pena', 'carterkirkendoll', 'iagomillanentenza', 'emixose', 'jgm2096', 'xxxxiaofan', 'anselmoantorcha', 'nivedaksubramanian', 'henglund', 'bgutierrez', 'danidrivas98', 'melonlzheng', 'essheh', 'rysw5590', 'feijoomartina', 'elmanguito', 'martinzapatamartinez', 'aidan.rooney17', 'lucamonduzzi96', 'juancarlosroutrera', 'davidga568', 'roberto.nava', 'agarviespi', 'ero15953', 'mihaipx', 'carlosbesadaromero', 'myez', 'cristinacostas', 'miri23']",0,[],281,"['wanghb', 'andrea.mendez', 'jbalderasfernandez', 'iagopardo97', 'alejandromo1610', 'sergiogrcsnchz', 'anderson.bi', 'xoangon', 'alyabra.alejandro', 'bulganb28', 'haominl1997', 'prra6646', 'veronica.castro', 'nuriamj', 'mariamfontan', 'jaimedmj', 'sotmas', 'caetano.eirea', 'clara.landesa', 'ludoba2912', 'francisxavgr', 'thackettt', 'amirbadshah224', 'lluisgonzaga96', 'clarachapela10', '2015soham.sawant', 'junwen', 'adec', 'shikhararvind', 'jesslyn', 'sstty7', 'angelaturnes', 'zhs002', 'pablojosecalvo', 'miguel_fernandez', 'xxy0501', 'marniesan', 'arturocastro94', 'leoncc', 'alecorti.pardo', 'mmartinezsanchez', 'e.fisicahamza', 'luisbarrios', 'zhang.jiayu', 'albertortepin', 'martin.gutierrez', 'rubenortega', 'pablo.garcia.bas', 'pablolopezexposito', 'dariogarciaredecillas', 'antonionito1993', 'xoanmayo', 'elviracastillo', 'brunolopez', 'ee5502', 'foojorge', 'gkkk6', 'gmedina', 'gonzalogbb', 'a997154508', 'paula.bolboreta', 'isafdez', 'hewutanyuan', 'hamza32amar', 'alyabra.vargas', 'tergel1999', 'ch2922', 'fabiolajsanlop', 'wang.yaoz', 'hdelatorre3524', 'fernando_ibarra', 'campamarin', 'isaac.dominguez4444', 'chenxi', 'e.jojusalo', 'juanjotromp', 'andreasorroche', 'manucro10', 'pedrogea08', 'hariprasanna', 'plmolina4', 'watashi.legion', 'jinfengleong', 'sohamsawant912', 'zakizhou', 'dang.e', 'aledes', 'soddy1996', 'guojunxiong25', 'shizhan.flood', 'ivan1', 'lianyi96', 'christsun', 'michaelcameronmcdonald', 'blasern', 'dja19951995', 'floren_ff', 'ejg98', 'sebastianvromero', 'albacosta', 'lauragdevesa', 'david.garrido', 'alicia.mosq', 'ottoridemar', 'kennyxsy', 'abdulhaiyum.f', 'bellmanz', 'jiaqi.guoguo', 'facundobonfiglio', 'e.ivanlopgar1997', 'al16do06', 'dyoh5119', 'esteban.figueroa', 'limengyuanli66', 'isaferjim', 'bingshengliu', 'jdanivc', 'cxiuqi1', 'paula.mourino', 'xiaode', 'chwi7664', 'wtq77', 'miaocx714', 'choikj', 'p.suarez97', 'hit.kamble', 'alex_varela_17', 'claudia.puga', 'andrei.luneow01031999', 'songy', 'h_elmenier', 'aloptor', 'simoncarloscartamil', 'lidiadom', 'qwe', 'yzarni89', 'gbatzorig268', 'jerome.alag', 'dalder', 'nuriatellado', 'chenyue', 'alyabra', 'japrz', 'xhan009', 'chema', 'praveens013', 'gonzavt15', '836054323_wj', 'salamghgh20', 'guyu', 'antoinelegare', 'luisgfloreslarrea', 'juanariza', 'victortorressuch', 'laurenp', 'stgermain.b', 'thunaung', 'samuelfl', 'pmvd95', 'yuxian123', 'akamsali', 'uutty2010', 'policon', 'shihhaotsai', 'uxiavelca', 'pablosande98', 'rayoaki7', 'pablosempredepor97', 'julioug1', 'j.guedegar', 'chenre', 'albertoangulo', 'juanjoseo', 'dariogarred', 'pablocrespo11', 'iagomoscer', 'antonio98y', 'miguelpinocarmona', 'noxis986', 'miguellopezcardenas98', 'exareivaj', 'albertoccz', 'marinabm', 'pablomd', 'e0427406', 'guoxg46', 'comeseetake', 'wangjianed_1992', 'manuel10suarez10', 'ryu.j', 'edgarmtz', 'brendaorea15', '9.genest.gabriel', 'rakki.datta', 'enriquevaliente17', 'clarahernandez05f', 'elena.j.g', 'joannesy', 'mihai.pislaru.fisica', 'chrispvnofficial', 'alsyaari', 'alexsanchezcast', 'savardbastien', 'justinegiroux', 'tonybocadillosgrandes', 'zewei', 'juansans98', 'austinz', 'ergobe3', 'joeanszxc', 'wmy', 'yingxue58', 'danidm', 'danielfdezcalo', 'berzasnon', 'e.lucasnavarrog', 'lluissanuy', 'anamconrado', 'aliraza2013ee360', 'niravsurajlal', 'zhaoyu960207', 'mari.paucom', 'mordor', 'elmu6301', 'fofi94', 'pedrobeko98', 'isaac.carrillo', 'qumo4329', 'melissa5', 'maurobn98', 'savas', 'martin32', 'sylim1', 'fabiola.santos', 'sergiocalo.barranha', 'elisa.vicenteei', 'ionemanuelmoralesrosales', 'valeriamg', 'anar4331', 'sangkyu.sun', 'zihang', 'mgupta15', 'costasdiego97', 'chenxiwang', 'dulguun_021', 'fran.mosquera.pena', 'ralfli', 'carterkirkendoll', 'iagomillanentenza', 'jameslin', 'emixose', 'jgm2096', 'xxxxiaofan', 'anselmoantorcha', 'nivedaksubramanian', 'henglund', 'bgutierrez', 'liuman961021', 'xiaolei', 'danidrivas98', 'melonlzheng', 'essheh', 'rysw5590', 'kong2020', 'feijoomartina', 'elmanguito', 'martinzapatamartinez', 'aidan.rooney17', 'lucamonduzzi96', 'juancarlosroutrera', 'davidga568', 'roberto.nava', 'cmoadne', 'cytuslll1997', 'agarviespi', 'ero15953', 'mihaipx', 'carlosbesadaromero', 'myez', 'cristinacostas', 'miri23']"
1,20,281,35,30,"['samuelfl', 'paula.mourino', 'pablosande98', 'p.suarez97', 'alex_varela_17', 'emixose', 'simoncarloscartamil', 'mmartinezsanchez', 'xoanmayo', 'danidrivas98', 'ludoba2912', 'nuriatellado', 'fofi94', 'juanjoseo', 'pedrobeko98', 'clarachapela10', 'martinzapatamartinez', 'tonybocadillosgrandes', 'iagomoscer', 'albacosta', 'alicia.mosq', 'angelaturnes', 'exareivaj', 'facundobonfiglio', 'myez', 'miguel_fernandez', 'marniesan', 'arturocastro94', 'jdanivc', 'costasdiego97']",251,"['wanghb', 'andrea.mendez', 'jbalderasfernandez', 'iagopardo97', 'alejandromo1610', 'sergiogrcsnchz', 'anderson.bi', 'xoangon', 'alyabra.alejandro', 'bulganb28', 'haominl1997', 'prra6646', 'veronica.castro', 'nuriamj', 'mariamfontan', 'jaimedmj', 'sotmas', 'caetano.eirea', 'clara.landesa', 'francisxavgr', 'thackettt', 'amirbadshah224', 'lluisgonzaga96', '2015soham.sawant', 'junwen', 'adec', 'shikhararvind', 'jesslyn', 'sstty7', 'zhs002', 'pablojosecalvo', 'xxy0501', 'leoncc', 'alecorti.pardo', 'e.fisicahamza', 'luisbarrios', 'zhang.jiayu', 'albertortepin', 'martin.gutierrez', 'rubenortega', 'pablo.garcia.bas', 'pablolopezexposito', 'dariogarciaredecillas', 'antonionito1993', 'elviracastillo', 'brunolopez', 'ee5502', 'foojorge', 'gkkk6', 'gmedina', 'gonzalogbb', 'a997154508', 'paula.bolboreta', 'isafdez', 'hewutanyuan', 'hamza32amar', 'alyabra.vargas', 'tergel1999', 'ch2922', 'fabiolajsanlop', 'wang.yaoz', 'hdelatorre3524', 'fernando_ibarra', 'campamarin', 'isaac.dominguez4444', 'chenxi', 'e.jojusalo', 'juanjotromp', 'andreasorroche', 'manucro10', 'pedrogea08', 'hariprasanna', 'plmolina4', 'watashi.legion', 'jinfengleong', 'sohamsawant912', 'zakizhou', 'dang.e', 'aledes', 'soddy1996', 'guojunxiong25', 'shizhan.flood', 'ivan1', 'lianyi96', 'christsun', 'michaelcameronmcdonald', 'blasern', 'dja19951995', 'floren_ff', 'ejg98', 'sebastianvromero', 'lauragdevesa', 'david.garrido', 'ottoridemar', 'kennyxsy', 'abdulhaiyum.f', 'bellmanz', 'jiaqi.guoguo', 'e.ivanlopgar1997', 'al16do06', 'dyoh5119', 'esteban.figueroa', 'limengyuanli66', 'isaferjim', 'bingshengliu', 'cxiuqi1', 'xiaode', 'chwi7664', 'wtq77', 'miaocx714', 'choikj', 'hit.kamble', 'claudia.puga', 'andrei.luneow01031999', 'songy', 'h_elmenier', 'aloptor', 'lidiadom', 'qwe', 'yzarni89', 'gbatzorig268', 'jerome.alag', 'dalder', 'chenyue', 'alyabra', 'japrz', 'xhan009', 'chema', 'praveens013', 'gonzavt15', '836054323_wj', 'salamghgh20', 'guyu', 'antoinelegare', 'luisgfloreslarrea', 'juanariza', 'victortorressuch', 'laurenp', 'stgermain.b', 'thunaung', 'pmvd95', 'yuxian123', 'akamsali', 'uutty2010', 'policon', 'shihhaotsai', 'uxiavelca', 'rayoaki7', 'pablosempredepor97', 'julioug1', 'j.guedegar', 'chenre', 'albertoangulo', 'dariogarred', 'pablocrespo11', 'antonio98y', 'miguelpinocarmona', 'noxis986', 'miguellopezcardenas98', 'albertoccz', 'marinabm', 'pablomd', 'e0427406', 'guoxg46', 'comeseetake', 'wangjianed_1992', 'manuel10suarez10', 'ryu.j', 'edgarmtz', 'brendaorea15', '9.genest.gabriel', 'rakki.datta', 'enriquevaliente17', 'clarahernandez05f', 'elena.j.g', 'joannesy', 'mihai.pislaru.fisica', 'chrispvnofficial', 'alsyaari', 'alexsanchezcast', 'savardbastien', 'justinegiroux', 'zewei', 'juansans98', 'austinz', 'ergobe3', 'joeanszxc', 'wmy', 'yingxue58', 'danidm', 'danielfdezcalo', 'berzasnon', 'e.lucasnavarrog', 'lluissanuy', 'anamconrado', 'aliraza2013ee360', 'niravsurajlal', 'zhaoyu960207', 'mari.paucom', 'mordor', 'elmu6301', 'isaac.carrillo', 'qumo4329', 'melissa5', 'maurobn98', 'savas', 'martin32', 'sylim1', 'fabiola.santos', 'sergiocalo.barranha', 'elisa.vicenteei', 'ionemanuelmoralesrosales', 'valeriamg', 'anar4331', 'sangkyu.sun', 'zihang', 'mgupta15', 'chenxiwang', 'dulguun_021', 'fran.mosquera.pena', 'ralfli', 'carterkirkendoll', 'iagomillanentenza', 'jameslin', 'jgm2096', 'xxxxiaofan', 'anselmoantorcha', 'nivedaksubramanian', 'henglund', 'bgutierrez', 'liuman961021', 'xiaolei', 'melonlzheng', 'essheh', 'rysw5590', 'kong2020', 'feijoomartina', 'elmanguito', 'aidan.rooney17', 'lucamonduzzi96', 'juancarlosroutrera', 'davidga568', 'roberto.nava', 'cmoadne', 'cytuslll1997', 'agarviespi', 'ero15953', 'mihaipx', 'carlosbesadaromero', 'cristinacostas', 'miri23']",5,"['martinperezmaneiro', 'daviland97', 'xoel98', 'josedamiangarcianoya', 'maxistral']",286,"['wanghb', 'andrea.mendez', 'jbalderasfernandez', 'iagopardo97', 'alejandromo1610', 'sergiogrcsnchz', 'anderson.bi', 'xoangon', 'alyabra.alejandro', 'bulganb28', 'haominl1997', 'prra6646', 'veronica.castro', 'nuriamj', 'mariamfontan', 'jaimedmj', 'sotmas', 'caetano.eirea', 'clara.landesa', 'ludoba2912', 'francisxavgr', 'thackettt', 'amirbadshah224', 'lluisgonzaga96', 'clarachapela10', '2015soham.sawant', 'junwen', 'adec', 'shikhararvind', 'jesslyn', 'sstty7', 'angelaturnes', 'zhs002', 'pablojosecalvo', 'martinperezmaneiro', 'miguel_fernandez', 'xxy0501', 'marniesan', 'arturocastro94', 'leoncc', 'alecorti.pardo', 'mmartinezsanchez', 'e.fisicahamza', 'luisbarrios', 'zhang.jiayu', 'albertortepin', 'martin.gutierrez', 'rubenortega', 'pablo.garcia.bas', 'pablolopezexposito', 'dariogarciaredecillas', 'antonionito1993', 'xoanmayo', 'elviracastillo', 'brunolopez', 'ee5502', 'foojorge', 'gkkk6', 'gmedina', 'gonzalogbb', 'a997154508', 'paula.bolboreta', 'isafdez', 'hewutanyuan', 'hamza32amar', 'alyabra.vargas', 'tergel1999', 'ch2922', 'fabiolajsanlop', 'wang.yaoz', 'hdelatorre3524', 'fernando_ibarra', 'campamarin', 'isaac.dominguez4444', 'chenxi', 'e.jojusalo', 'juanjotromp', 'andreasorroche', 'manucro10', 'pedrogea08', 'hariprasanna', 'plmolina4', 'watashi.legion', 'jinfengleong', 'sohamsawant912', 'zakizhou', 'dang.e', 'aledes', 'soddy1996', 'guojunxiong25', 'shizhan.flood', 'ivan1', 'lianyi96', 'christsun', 'michaelcameronmcdonald', 'josedamiangarcianoya', 'blasern', 'dja19951995', 'floren_ff', 'ejg98', 'sebastianvromero', 'albacosta', 'lauragdevesa', 'david.garrido', 'alicia.mosq', 'ottoridemar', 'kennyxsy', 'abdulhaiyum.f', 'bellmanz', 'jiaqi.guoguo', 'facundobonfiglio', 'e.ivanlopgar1997', 'al16do06', 'dyoh5119', 'esteban.figueroa', 'limengyuanli66', 'isaferjim', 'bingshengliu', 'jdanivc', 'cxiuqi1', 'paula.mourino', 'xiaode', 'chwi7664', 'wtq77', 'miaocx714', 'choikj', 'p.suarez97', 'hit.kamble', 'alex_varela_17', 'claudia.puga', 'andrei.luneow01031999', 'songy', 'h_elmenier', 'aloptor', 'simoncarloscartamil', 'lidiadom', 'qwe', 'yzarni89', 'gbatzorig268', 'jerome.alag', 'dalder', 'nuriatellado', 'chenyue', 'alyabra', 'japrz', 'xhan009', 'chema', 'praveens013', 'gonzavt15', '836054323_wj', 'salamghgh20', 'guyu', 'antoinelegare', 'luisgfloreslarrea', 'juanariza', 'victortorressuch', 'laurenp', 'stgermain.b', 'thunaung', 'samuelfl', 'pmvd95', 'yuxian123', 'akamsali', 'uutty2010', 'policon', 'shihhaotsai', 'uxiavelca', 'pablosande98', 'rayoaki7', 'pablosempredepor97', 'julioug1', 'maxistral', 'j.guedegar', 'chenre', 'albertoangulo', 'xoel98', 'juanjoseo', 'dariogarred', 'pablocrespo11', 'iagomoscer', 'antonio98y', 'miguelpinocarmona', 'noxis986', 'miguellopezcardenas98', 'exareivaj', 'albertoccz', 'marinabm', 'pablomd', 'e0427406', 'guoxg46', 'comeseetake', 'wangjianed_1992', 'manuel10suarez10', 'ryu.j', 'edgarmtz', 'brendaorea15', '9.genest.gabriel', 'rakki.datta', 'enriquevaliente17', 'clarahernandez05f', 'elena.j.g', 'joannesy', 'mihai.pislaru.fisica', 'chrispvnofficial', 'alsyaari', 'alexsanchezcast', 'savardbastien', 'justinegiroux', 'tonybocadillosgrandes', 'zewei', 'juansans98', 'austinz', 'ergobe3', 'joeanszxc', 'wmy', 'yingxue58', 'danidm', 'danielfdezcalo', 'berzasnon', 'e.lucasnavarrog', 'daviland97', 'lluissanuy', 'anamconrado', 'aliraza2013ee360', 'niravsurajlal', 'zhaoyu960207', 'mari.paucom', 'mordor', 'elmu6301', 'fofi94', 'pedrobeko98', 'isaac.carrillo', 'qumo4329', 'melissa5', 'maurobn98', 'savas', 'martin32', 'sylim1', 'fabiola.santos', 'sergiocalo.barranha', 'elisa.vicenteei', 'ionemanuelmoralesrosales', 'valeriamg', 'anar4331', 'sangkyu.sun', 'zihang', 'mgupta15', 'costasdiego97', 'chenxiwang', 'dulguun_021', 'fran.mosquera.pena', 'ralfli', 'carterkirkendoll', 'iagomillanentenza', 'jameslin', 'emixose', 'jgm2096', 'xxxxiaofan', 'anselmoantorcha', 'nivedaksubramanian', 'henglund', 'bgutierrez', 'liuman961021', 'xiaolei', 'danidrivas98', 'melonlzheng', 'essheh', 'rysw5590', 'kong2020', 'feijoomartina', 'elmanguito', 'martinzapatamartinez', 'aidan.rooney17', 'lucamonduzzi96', 'juancarlosroutrera', 'davidga568', 'roberto.nava', 'cmoadne', 'cytuslll1997', 'agarviespi', 'ero15953', 'mihaipx', 'carlosbesadaromero', 'myez', 'cristinacostas', 'miri23']"
1,28,281,28,24,"['fran.mosquera.pena', 'iagopardo97', 'pablosande98', 'p.suarez97', 'emixose', 'simoncarloscartamil', 'nuriamj', 'danidrivas98', 'ludoba2912', 'nuriatellado', 'fofi94', 'pedrobeko98', 'clarachapela10', 'martinzapatamartinez', 'tonybocadillosgrandes', 'iagomoscer', 'albacosta', 'alicia.mosq', 'angelaturnes', 'facundobonfiglio', 'myez', 'cristinacostas', 'arturocastro94', 'mmartinezsanchez']",257,"['wanghb', 'andrea.mendez', 'jbalderasfernandez', 'alejandromo1610', 'sergiogrcsnchz', 'anderson.bi', 'xoangon', 'alyabra.alejandro', 'bulganb28', 'haominl1997', 'prra6646', 'veronica.castro', 'mariamfontan', 'jaimedmj', 'sotmas', 'caetano.eirea', 'clara.landesa', 'francisxavgr', 'thackettt', 'amirbadshah224', 'lluisgonzaga96', '2015soham.sawant', 'junwen', 'adec', 'shikhararvind', 'jesslyn', 'sstty7', 'zhs002', 'pablojosecalvo', 'miguel_fernandez', 'xxy0501', 'marniesan', 'leoncc', 'alecorti.pardo', 'e.fisicahamza', 'luisbarrios', 'zhang.jiayu', 'albertortepin', 'martin.gutierrez', 'rubenortega', 'pablo.garcia.bas', 'pablolopezexposito', 'dariogarciaredecillas', 'antonionito1993', 'xoanmayo', 'elviracastillo', 'brunolopez', 'ee5502', 'foojorge', 'gkkk6', 'gmedina', 'gonzalogbb', 'a997154508', 'paula.bolboreta', 'isafdez', 'hewutanyuan', 'hamza32amar', 'alyabra.vargas', 'tergel1999', 'ch2922', 'fabiolajsanlop', 'wang.yaoz', 'hdelatorre3524', 'fernando_ibarra', 'campamarin', 'isaac.dominguez4444', 'chenxi', 'e.jojusalo', 'juanjotromp', 'andreasorroche', 'manucro10', 'pedrogea08', 'hariprasanna', 'plmolina4', 'watashi.legion', 'jinfengleong', 'sohamsawant912', 'zakizhou', 'dang.e', 'aledes', 'soddy1996', 'guojunxiong25', 'shizhan.flood', 'ivan1', 'lianyi96', 'christsun', 'michaelcameronmcdonald', 'blasern', 'dja19951995', 'floren_ff', 'ejg98', 'sebastianvromero', 'lauragdevesa', 'david.garrido', 'ottoridemar', 'kennyxsy', 'abdulhaiyum.f', 'bellmanz', 'jiaqi.guoguo', 'e.ivanlopgar1997', 'al16do06', 'dyoh5119', 'esteban.figueroa', 'limengyuanli66', 'isaferjim', 'bingshengliu', 'jdanivc', 'cxiuqi1', 'paula.mourino', 'xiaode', 'chwi7664', 'wtq77', 'miaocx714', 'choikj', 'hit.kamble', 'alex_varela_17', 'claudia.puga', 'andrei.luneow01031999', 'songy', 'h_elmenier', 'aloptor', 'lidiadom', 'qwe', 'yzarni89', 'gbatzorig268', 'jerome.alag', 'dalder', 'chenyue', 'alyabra', 'japrz', 'xhan009', 'chema', 'praveens013', 'gonzavt15', '836054323_wj', 'salamghgh20', 'guyu', 'antoinelegare', 'luisgfloreslarrea', 'juanariza', 'victortorressuch', 'laurenp', 'stgermain.b', 'thunaung', 'samuelfl', 'pmvd95', 'yuxian123', 'akamsali', 'uutty2010', 'policon', 'shihhaotsai', 'uxiavelca', 'rayoaki7', 'pablosempredepor97', 'julioug1', 'j.guedegar', 'chenre', 'albertoangulo', 'juanjoseo', 'dariogarred', 'pablocrespo11', 'antonio98y', 'miguelpinocarmona', 'noxis986', 'miguellopezcardenas98', 'exareivaj', 'albertoccz', 'marinabm', 'pablomd', 'e0427406', 'guoxg46', 'comeseetake', 'wangjianed_1992', 'manuel10suarez10', 'ryu.j', 'edgarmtz', 'brendaorea15', '9.genest.gabriel', 'rakki.datta', 'enriquevaliente17', 'clarahernandez05f', 'elena.j.g', 'joannesy', 'mihai.pislaru.fisica', 'chrispvnofficial', 'alsyaari', 'alexsanchezcast', 'savardbastien', 'justinegiroux', 'zewei', 'juansans98', 'austinz', 'ergobe3', 'joeanszxc', 'wmy', 'yingxue58', 'danidm', 'danielfdezcalo', 'berzasnon', 'e.lucasnavarrog', 'lluissanuy', 'anamconrado', 'aliraza2013ee360', 'niravsurajlal', 'zhaoyu960207', 'mari.paucom', 'mordor', 'elmu6301', 'isaac.carrillo', 'qumo4329', 'melissa5', 'maurobn98', 'savas', 'martin32', 'sylim1', 'fabiola.santos', 'sergiocalo.barranha', 'elisa.vicenteei', 'ionemanuelmoralesrosales', 'valeriamg', 'anar4331', 'sangkyu.sun', 'zihang', 'mgupta15', 'costasdiego97', 'chenxiwang', 'dulguun_021', 'ralfli', 'carterkirkendoll', 'iagomillanentenza', 'jameslin', 'jgm2096', 'xxxxiaofan', 'anselmoantorcha', 'nivedaksubramanian', 'henglund', 'bgutierrez', 'liuman961021', 'xiaolei', 'melonlzheng', 'essheh', 'rysw5590', 'kong2020', 'feijoomartina', 'elmanguito', 'aidan.rooney17', 'lucamonduzzi96', 'juancarlosroutrera', 'davidga568', 'roberto.nava', 'cmoadne', 'cytuslll1997', 'agarviespi', 'ero15953', 'mihaipx', 'carlosbesadaromero', 'miri23']",4,"['xoel98', 'maxistral', 'josedamiangarcianoya', 'daviland97']",285,"['wanghb', 'andrea.mendez', 'jbalderasfernandez', 'iagopardo97', 'alejandromo1610', 'sergiogrcsnchz', 'anderson.bi', 'xoangon', 'alyabra.alejandro', 'bulganb28', 'haominl1997', 'prra6646', 'veronica.castro', 'nuriamj', 'mariamfontan', 'jaimedmj', 'sotmas', 'caetano.eirea', 'clara.landesa', 'ludoba2912', 'francisxavgr', 'thackettt', 'amirbadshah224', 'lluisgonzaga96', 'clarachapela10', '2015soham.sawant', 'junwen', 'adec', 'shikhararvind', 'jesslyn', 'sstty7', 'angelaturnes', 'zhs002', 'pablojosecalvo', 'miguel_fernandez', 'xxy0501', 'marniesan', 'arturocastro94', 'leoncc', 'alecorti.pardo', 'mmartinezsanchez', 'e.fisicahamza', 'luisbarrios', 'zhang.jiayu', 'albertortepin', 'martin.gutierrez', 'rubenortega', 'pablo.garcia.bas', 'pablolopezexposito', 'dariogarciaredecillas', 'antonionito1993', 'xoanmayo', 'elviracastillo', 'brunolopez', 'ee5502', 'foojorge', 'gkkk6', 'gmedina', 'gonzalogbb', 'a997154508', 'paula.bolboreta', 'isafdez', 'hewutanyuan', 'hamza32amar', 'alyabra.vargas', 'tergel1999', 'ch2922', 'fabiolajsanlop', 'wang.yaoz', 'hdelatorre3524', 'fernando_ibarra', 'campamarin', 'isaac.dominguez4444', 'chenxi', 'e.jojusalo', 'juanjotromp', 'andreasorroche', 'manucro10', 'pedrogea08', 'hariprasanna', 'plmolina4', 'watashi.legion', 'jinfengleong', 'sohamsawant912', 'zakizhou', 'dang.e', 'aledes', 'soddy1996', 'guojunxiong25', 'shizhan.flood', 'ivan1', 'lianyi96', 'christsun', 'michaelcameronmcdonald', 'josedamiangarcianoya', 'blasern', 'dja19951995', 'floren_ff', 'ejg98', 'sebastianvromero', 'albacosta', 'lauragdevesa', 'david.garrido', 'alicia.mosq', 'ottoridemar', 'kennyxsy', 'abdulhaiyum.f', 'bellmanz', 'jiaqi.guoguo', 'facundobonfiglio', 'e.ivanlopgar1997', 'al16do06', 'dyoh5119', 'esteban.figueroa', 'limengyuanli66', 'isaferjim', 'bingshengliu', 'jdanivc', 'cxiuqi1', 'paula.mourino', 'xiaode', 'chwi7664', 'wtq77', 'miaocx714', 'choikj', 'p.suarez97', 'hit.kamble', 'alex_varela_17', 'claudia.puga', 'andrei.luneow01031999', 'songy', 'h_elmenier', 'aloptor', 'simoncarloscartamil', 'lidiadom', 'qwe', 'yzarni89', 'gbatzorig268', 'jerome.alag', 'dalder', 'nuriatellado', 'chenyue', 'alyabra', 'japrz', 'xhan009', 'chema', 'praveens013', 'gonzavt15', '836054323_wj', 'salamghgh20', 'guyu', 'antoinelegare', 'luisgfloreslarrea', 'juanariza', 'victortorressuch', 'laurenp', 'stgermain.b', 'thunaung', 'samuelfl', 'pmvd95', 'yuxian123', 'akamsali', 'uutty2010', 'policon', 'shihhaotsai', 'uxiavelca', 'pablosande98', 'rayoaki7', 'pablosempredepor97', 'julioug1', 'maxistral', 'j.guedegar', 'chenre', 'albertoangulo', 'xoel98', 'juanjoseo', 'dariogarred', 'pablocrespo11', 'iagomoscer', 'antonio98y', 'miguelpinocarmona', 'noxis986', 'miguellopezcardenas98', 'exareivaj', 'albertoccz', 'marinabm', 'pablomd', 'e0427406', 'guoxg46', 'comeseetake', 'wangjianed_1992', 'manuel10suarez10', 'ryu.j', 'edgarmtz', 'brendaorea15', '9.genest.gabriel', 'rakki.datta', 'enriquevaliente17', 'clarahernandez05f', 'elena.j.g', 'joannesy', 'mihai.pislaru.fisica', 'chrispvnofficial', 'alsyaari', 'alexsanchezcast', 'savardbastien', 'justinegiroux', 'tonybocadillosgrandes', 'zewei', 'juansans98', 'austinz', 'ergobe3', 'joeanszxc', 'wmy', 'yingxue58', 'danidm', 'danielfdezcalo', 'berzasnon', 'e.lucasnavarrog', 'daviland97', 'lluissanuy', 'anamconrado', 'aliraza2013ee360', 'niravsurajlal', 'zhaoyu960207', 'mari.paucom', 'mordor', 'elmu6301', 'fofi94', 'pedrobeko98', 'isaac.carrillo', 'qumo4329', 'melissa5', 'maurobn98', 'savas', 'martin32', 'sylim1', 'fabiola.santos', 'sergiocalo.barranha', 'elisa.vicenteei', 'ionemanuelmoralesrosales', 'valeriamg', 'anar4331', 'sangkyu.sun', 'zihang', 'mgupta15', 'costasdiego97', 'chenxiwang', 'dulguun_021', 'fran.mosquera.pena', 'ralfli', 'carterkirkendoll', 'iagomillanentenza', 'jameslin', 'emixose', 'jgm2096', 'xxxxiaofan', 'anselmoantorcha', 'nivedaksubramanian', 'henglund', 'bgutierrez', 'liuman961021', 'xiaolei', 'danidrivas98', 'melonlzheng', 'essheh', 'rysw5590', 'kong2020', 'feijoomartina', 'elmanguito', 'martinzapatamartinez', 'aidan.rooney17', 'lucamonduzzi96', 'juancarlosroutrera', 'davidga568', 'roberto.nava', 'cmoadne', 'cytuslll1997', 'agarviespi', 'ero15953', 'mihaipx', 'carlosbesadaromero', 'myez', 'cristinacostas', 'miri23']"
1,17,281,20,16,"['samuelfl', 'mmartinezsanchez', 'carlosbesadaromero', 'myez', 'martinzapatamartinez', 'pablosande98', 'p.suarez97', 'miguel_fernandez', 'jdanivc', 'angelaturnes', 'marniesan', 'xoangon', 'fofi94', 'feijoomartina', 'exareivaj', 'costasdiego97']",265,"['wanghb', 'andrea.mendez', 'jbalderasfernandez', 'iagopardo97', 'alejandromo1610', 'sergiogrcsnchz', 'anderson.bi', 'alyabra.alejandro', 'bulganb28', 'haominl1997', 'prra6646', 'veronica.castro', 'nuriamj', 'mariamfontan', 'jaimedmj', 'sotmas', 'caetano.eirea', 'clara.landesa', 'ludoba2912', 'francisxavgr', 'thackettt', 'amirbadshah224', 'lluisgonzaga96', 'clarachapela10', '2015soham.sawant', 'junwen', 'adec', 'shikhararvind', 'jesslyn', 'sstty7', 'zhs002', 'pablojosecalvo', 'xxy0501', 'arturocastro94', 'leoncc', 'alecorti.pardo', 'e.fisicahamza', 'luisbarrios', 'zhang.jiayu', 'albertortepin', 'martin.gutierrez', 'rubenortega', 'pablo.garcia.bas', 'pablolopezexposito', 'dariogarciaredecillas', 'antonionito1993', 'xoanmayo', 'elviracastillo', 'brunolopez', 'ee5502', 'foojorge', 'gkkk6', 'gmedina', 'gonzalogbb', 'a997154508', 'paula.bolboreta', 'isafdez', 'hewutanyuan', 'hamza32amar', 'alyabra.vargas', 'tergel1999', 'ch2922', 'fabiolajsanlop', 'wang.yaoz', 'hdelatorre3524', 'fernando_ibarra', 'campamarin', 'isaac.dominguez4444', 'chenxi', 'e.jojusalo', 'juanjotromp', 'andreasorroche', 'manucro10', 'pedrogea08', 'hariprasanna', 'plmolina4', 'watashi.legion', 'jinfengleong', 'sohamsawant912', 'zakizhou', 'dang.e', 'aledes', 'soddy1996', 'guojunxiong25', 'shizhan.flood', 'ivan1', 'lianyi96', 'christsun', 'michaelcameronmcdonald', 'blasern', 'dja19951995', 'floren_ff', 'ejg98', 'sebastianvromero', 'albacosta', 'lauragdevesa', 'david.garrido', 'alicia.mosq', 'ottoridemar', 'kennyxsy', 'abdulhaiyum.f', 'bellmanz', 'jiaqi.guoguo', 'facundobonfiglio', 'e.ivanlopgar1997', 'al16do06', 'dyoh5119', 'esteban.figueroa', 'limengyuanli66', 'isaferjim', 'bingshengliu', 'cxiuqi1', 'paula.mourino', 'xiaode', 'chwi7664', 'wtq77', 'miaocx714', 'choikj', 'hit.kamble', 'alex_varela_17', 'claudia.puga', 'andrei.luneow01031999', 'songy', 'h_elmenier', 'aloptor', 'simoncarloscartamil', 'lidiadom', 'qwe', 'yzarni89', 'gbatzorig268', 'jerome.alag', 'dalder', 'nuriatellado', 'chenyue', 'alyabra', 'japrz', 'xhan009', 'chema', 'praveens013', 'gonzavt15', '836054323_wj', 'salamghgh20', 'guyu', 'antoinelegare', 'luisgfloreslarrea', 'juanariza', 'victortorressuch', 'laurenp', 'stgermain.b', 'thunaung', 'pmvd95', 'yuxian123', 'akamsali', 'uutty2010', 'policon', 'shihhaotsai', 'uxiavelca', 'rayoaki7', 'pablosempredepor97', 'julioug1', 'j.guedegar', 'chenre', 'albertoangulo', 'juanjoseo', 'dariogarred', 'pablocrespo11', 'iagomoscer', 'antonio98y', 'miguelpinocarmona', 'noxis986', 'miguellopezcardenas98', 'albertoccz', 'marinabm', 'pablomd', 'e0427406', 'guoxg46', 'comeseetake', 'wangjianed_1992', 'manuel10suarez10', 'ryu.j', 'edgarmtz', 'brendaorea15', '9.genest.gabriel', 'rakki.datta', 'enriquevaliente17', 'clarahernandez05f', 'elena.j.g', 'joannesy', 'mihai.pislaru.fisica', 'chrispvnofficial', 'alsyaari', 'alexsanchezcast', 'savardbastien', 'justinegiroux', 'tonybocadillosgrandes', 'zewei', 'juansans98', 'austinz', 'ergobe3', 'joeanszxc', 'wmy', 'yingxue58', 'danidm', 'danielfdezcalo', 'berzasnon', 'e.lucasnavarrog', 'lluissanuy', 'anamconrado', 'aliraza2013ee360', 'niravsurajlal', 'zhaoyu960207', 'mari.paucom', 'mordor', 'elmu6301', 'pedrobeko98', 'isaac.carrillo', 'qumo4329', 'melissa5', 'maurobn98', 'savas', 'martin32', 'sylim1', 'fabiola.santos', 'sergiocalo.barranha', 'elisa.vicenteei', 'ionemanuelmoralesrosales', 'valeriamg', 'anar4331', 'sangkyu.sun', 'zihang', 'mgupta15', 'chenxiwang', 'dulguun_021', 'fran.mosquera.pena', 'ralfli', 'carterkirkendoll', 'iagomillanentenza', 'jameslin', 'emixose', 'jgm2096', 'xxxxiaofan', 'anselmoantorcha', 'nivedaksubramanian', 'henglund', 'bgutierrez', 'liuman961021', 'xiaolei', 'danidrivas98', 'melonlzheng', 'essheh', 'rysw5590', 'kong2020', 'elmanguito', 'aidan.rooney17', 'lucamonduzzi96', 'juancarlosroutrera', 'davidga568', 'roberto.nava', 'cmoadne', 'cytuslll1997', 'agarviespi', 'ero15953', 'mihaipx', 'cristinacostas', 'miri23']",4,"['maxistral', 'ana.rmteo', 'pedrotouris', 'xoel98']",285,"['wanghb', 'andrea.mendez', 'jbalderasfernandez', 'iagopardo97', 'alejandromo1610', 'sergiogrcsnchz', 'anderson.bi', 'xoangon', 'alyabra.alejandro', 'bulganb28', 'haominl1997', 'prra6646', 'veronica.castro', 'nuriamj', 'mariamfontan', 'jaimedmj', 'sotmas', 'caetano.eirea', 'clara.landesa', 'ludoba2912', 'francisxavgr', 'thackettt', 'amirbadshah224', 'lluisgonzaga96', 'clarachapela10', '2015soham.sawant', 'junwen', 'adec', 'shikhararvind', 'jesslyn', 'sstty7', 'angelaturnes', 'zhs002', 'pablojosecalvo', 'miguel_fernandez', 'xxy0501', 'marniesan', 'arturocastro94', 'leoncc', 'alecorti.pardo', 'mmartinezsanchez', 'e.fisicahamza', 'luisbarrios', 'zhang.jiayu', 'albertortepin', 'martin.gutierrez', 'rubenortega', 'pablo.garcia.bas', 'pablolopezexposito', 'dariogarciaredecillas', 'antonionito1993', 'xoanmayo', 'elviracastillo', 'brunolopez', 'ee5502', 'foojorge', 'gkkk6', 'gmedina', 'gonzalogbb', 'a997154508', 'paula.bolboreta', 'isafdez', 'hewutanyuan', 'hamza32amar', 'alyabra.vargas', 'tergel1999', 'ch2922', 'fabiolajsanlop', 'wang.yaoz', 'hdelatorre3524', 'fernando_ibarra', 'campamarin', 'isaac.dominguez4444', 'chenxi', 'e.jojusalo', 'juanjotromp', 'andreasorroche', 'manucro10', 'pedrogea08', 'hariprasanna', 'plmolina4', 'watashi.legion', 'jinfengleong', 'sohamsawant912', 'zakizhou', 'dang.e', 'aledes', 'soddy1996', 'guojunxiong25', 'shizhan.flood', 'ivan1', 'lianyi96', 'christsun', 'michaelcameronmcdonald', 'blasern', 'dja19951995', 'floren_ff', 'ejg98', 'sebastianvromero', 'albacosta', 'lauragdevesa', 'david.garrido', 'alicia.mosq', 'ottoridemar', 'kennyxsy', 'abdulhaiyum.f', 'bellmanz', 'jiaqi.guoguo', 'facundobonfiglio', 'e.ivanlopgar1997', 'al16do06', 'dyoh5119', 'esteban.figueroa', 'limengyuanli66', 'isaferjim', 'bingshengliu', 'jdanivc', 'cxiuqi1', 'paula.mourino', 'xiaode', 'chwi7664', 'wtq77', 'miaocx714', 'choikj', 'p.suarez97', 'hit.kamble', 'alex_varela_17', 'claudia.puga', 'andrei.luneow01031999', 'songy', 'h_elmenier', 'aloptor', 'simoncarloscartamil', 'lidiadom', 'qwe', 'yzarni89', 'gbatzorig268', 'jerome.alag', 'dalder', 'nuriatellado', 'chenyue', 'ana.rmteo', 'alyabra', 'japrz', 'xhan009', 'chema', 'praveens013', 'gonzavt15', '836054323_wj', 'salamghgh20', 'guyu', 'antoinelegare', 'luisgfloreslarrea', 'juanariza', 'victortorressuch', 'laurenp', 'stgermain.b', 'thunaung', 'samuelfl', 'pmvd95', 'yuxian123', 'akamsali', 'uutty2010', 'policon', 'shihhaotsai', 'uxiavelca', 'pablosande98', 'rayoaki7', 'pablosempredepor97', 'julioug1', 'maxistral', 'j.guedegar', 'chenre', 'albertoangulo', 'xoel98', 'juanjoseo', 'dariogarred', 'pablocrespo11', 'iagomoscer', 'antonio98y', 'miguelpinocarmona', 'noxis986', 'miguellopezcardenas98', 'exareivaj', 'albertoccz', 'marinabm', 'pablomd', 'e0427406', 'guoxg46', 'comeseetake', 'wangjianed_1992', 'manuel10suarez10', 'ryu.j', 'edgarmtz', 'brendaorea15', '9.genest.gabriel', 'rakki.datta', 'enriquevaliente17', 'clarahernandez05f', 'elena.j.g', 'joannesy', 'mihai.pislaru.fisica', 'chrispvnofficial', 'alsyaari', 'alexsanchezcast', 'savardbastien', 'justinegiroux', 'tonybocadillosgrandes', 'zewei', 'juansans98', 'austinz', 'ergobe3', 'joeanszxc', 'wmy', 'yingxue58', 'danidm', 'danielfdezcalo', 'berzasnon', 'e.lucasnavarrog', 'lluissanuy', 'anamconrado', 'aliraza2013ee360', 'niravsurajlal', 'zhaoyu960207', 'mari.paucom', 'mordor', 'elmu6301', 'fofi94', 'pedrobeko98', 'isaac.carrillo', 'qumo4329', 'melissa5', 'maurobn98', 'savas', 'martin32', 'sylim1', 'fabiola.santos', 'sergiocalo.barranha', 'elisa.vicenteei', 'ionemanuelmoralesrosales', 'valeriamg', 'anar4331', 'sangkyu.sun', 'zihang', 'mgupta15', 'costasdiego97', 'chenxiwang', 'dulguun_021', 'fran.mosquera.pena', 'ralfli', 'carterkirkendoll', 'iagomillanentenza', 'jameslin', 'emixose', 'jgm2096', 'xxxxiaofan', 'anselmoantorcha', 'nivedaksubramanian', 'henglund', 'bgutierrez', 'liuman961021', 'xiaolei', 'danidrivas98', 'melonlzheng', 'essheh', 'rysw5590', 'kong2020', 'feijoomartina', 'elmanguito', 'martinzapatamartinez', 'aidan.rooney17', 'lucamonduzzi96', 'pedrotouris', 'juancarlosroutrera', 'davidga568', 'roberto.nava', 'cmoadne', 'cytuslll1997', 'agarviespi', 'ero15953', 'mihaipx', 'carlosbesadaromero', 'myez', 'cristinacostas', 'miri23']"
1,11,281,16,12,"['e.ivanlopgar1997', 'pmvd95', 'e.fisicahamza', 'elisa.vicenteei', 'ergobe3', 'mariamfontan', 'juancarlosroutrera', 'sergiogrcsnchz', 'pablo.garcia.bas', 'andreasorroche', 'alexsanchezcast', 'albertoccz']",269,"['wanghb', 'andrea.mendez', 'jbalderasfernandez', 'iagopardo97', 'alejandromo1610', 'anderson.bi', 'xoangon', 'alyabra.alejandro', 'bulganb28', 'haominl1997', 'prra6646', 'veronica.castro', 'nuriamj', 'jaimedmj', 'sotmas', 'caetano.eirea', 'clara.landesa', 'ludoba2912', 'francisxavgr', 'thackettt', 'amirbadshah224', 'lluisgonzaga96', 'clarachapela10', '2015soham.sawant', 'junwen', 'adec', 'shikhararvind', 'jesslyn', 'sstty7', 'angelaturnes', 'zhs002', 'pablojosecalvo', 'miguel_fernandez', 'xxy0501', 'marniesan', 'arturocastro94', 'leoncc', 'alecorti.pardo', 'mmartinezsanchez', 'luisbarrios', 'zhang.jiayu', 'albertortepin', 'martin.gutierrez', 'rubenortega', 'pablolopezexposito', 'dariogarciaredecillas', 'antonionito1993', 'xoanmayo', 'elviracastillo', 'brunolopez', 'ee5502', 'foojorge', 'gkkk6', 'gmedina', 'gonzalogbb', 'a997154508', 'paula.bolboreta', 'isafdez', 'hewutanyuan', 'hamza32amar', 'alyabra.vargas', 'tergel1999', 'ch2922', 'fabiolajsanlop', 'wang.yaoz', 'hdelatorre3524', 'fernando_ibarra', 'campamarin', 'isaac.dominguez4444', 'chenxi', 'e.jojusalo', 'juanjotromp', 'manucro10', 'pedrogea08', 'hariprasanna', 'plmolina4', 'watashi.legion', 'jinfengleong', 'sohamsawant912', 'zakizhou', 'dang.e', 'aledes', 'soddy1996', 'guojunxiong25', 'shizhan.flood', 'ivan1', 'lianyi96', 'christsun', 'michaelcameronmcdonald', 'blasern', 'dja19951995', 'floren_ff', 'ejg98', 'sebastianvromero', 'albacosta', 'lauragdevesa', 'david.garrido', 'alicia.mosq', 'ottoridemar', 'kennyxsy', 'abdulhaiyum.f', 'bellmanz', 'jiaqi.guoguo', 'facundobonfiglio', 'al16do06', 'dyoh5119', 'esteban.figueroa', 'limengyuanli66', 'isaferjim', 'bingshengliu', 'jdanivc', 'cxiuqi1', 'paula.mourino', 'xiaode', 'chwi7664', 'wtq77', 'miaocx714', 'choikj', 'p.suarez97', 'hit.kamble', 'alex_varela_17', 'claudia.puga', 'andrei.luneow01031999', 'songy', 'h_elmenier', 'aloptor', 'simoncarloscartamil', 'lidiadom', 'qwe', 'yzarni89', 'gbatzorig268', 'jerome.alag', 'dalder', 'nuriatellado', 'chenyue', 'alyabra', 'japrz', 'xhan009', 'chema', 'praveens013', 'gonzavt15', '836054323_wj', 'salamghgh20', 'guyu', 'antoinelegare', 'luisgfloreslarrea', 'juanariza', 'victortorressuch', 'laurenp', 'stgermain.b', 'thunaung', 'samuelfl', 'yuxian123', 'akamsali', 'uutty2010', 'policon', 'shihhaotsai', 'uxiavelca', 'pablosande98', 'rayoaki7', 'pablosempredepor97', 'julioug1', 'j.guedegar', 'chenre', 'albertoangulo', 'juanjoseo', 'dariogarred', 'pablocrespo11', 'iagomoscer', 'antonio98y', 'miguelpinocarmona', 'noxis986', 'miguellopezcardenas98', 'exareivaj', 'marinabm', 'pablomd', 'e0427406', 'guoxg46', 'comeseetake', 'wangjianed_1992', 'manuel10suarez10', 'ryu.j', 'edgarmtz', 'brendaorea15', '9.genest.gabriel', 'rakki.datta', 'enriquevaliente17', 'clarahernandez05f', 'elena.j.g', 'joannesy', 'mihai.pislaru.fisica', 'chrispvnofficial', 'alsyaari', 'savardbastien', 'justinegiroux', 'tonybocadillosgrandes', 'zewei', 'juansans98', 'austinz', 'joeanszxc', 'wmy', 'yingxue58', 'danidm', 'danielfdezcalo', 'berzasnon', 'e.lucasnavarrog', 'lluissanuy', 'anamconrado', 'aliraza2013ee360', 'niravsurajlal', 'zhaoyu960207', 'mari.paucom', 'mordor', 'elmu6301', 'fofi94', 'pedrobeko98', 'isaac.carrillo', 'qumo4329', 'melissa5', 'maurobn98', 'savas', 'martin32', 'sylim1', 'fabiola.santos', 'sergiocalo.barranha', 'ionemanuelmoralesrosales', 'valeriamg', 'anar4331', 'sangkyu.sun', 'zihang', 'mgupta15', 'costasdiego97', 'chenxiwang', 'dulguun_021', 'fran.mosquera.pena', 'ralfli', 'carterkirkendoll', 'iagomillanentenza', 'jameslin', 'emixose', 'jgm2096', 'xxxxiaofan', 'anselmoantorcha', 'nivedaksubramanian', 'henglund', 'bgutierrez', 'liuman961021', 'xiaolei', 'danidrivas98', 'melonlzheng', 'essheh', 'rysw5590', 'kong2020', 'feijoomartina', 'elmanguito', 'martinzapatamartinez', 'aidan.rooney17', 'lucamonduzzi96', 'davidga568', 'roberto.nava', 'cmoadne', 'cytuslll1997', 'agarviespi', 'ero15953', 'mihaipx', 'carlosbesadaromero', 'myez', 'cristinacostas', 'miri23']",4,"['pichoncillo1', 'miguelrm', 'marioherreroglez34', 'luciavilchezz']",285,"['wanghb', 'andrea.mendez', 'jbalderasfernandez', 'iagopardo97', 'alejandromo1610', 'sergiogrcsnchz', 'anderson.bi', 'xoangon', 'alyabra.alejandro', 'bulganb28', 'haominl1997', 'prra6646', 'veronica.castro', 'nuriamj', 'mariamfontan', 'jaimedmj', 'sotmas', 'caetano.eirea', 'clara.landesa', 'ludoba2912', 'francisxavgr', 'thackettt', 'amirbadshah224', 'lluisgonzaga96', 'clarachapela10', '2015soham.sawant', 'junwen', 'adec', 'shikhararvind', 'jesslyn', 'sstty7', 'angelaturnes', 'zhs002', 'pablojosecalvo', 'miguel_fernandez', 'xxy0501', 'marniesan', 'arturocastro94', 'leoncc', 'alecorti.pardo', 'mmartinezsanchez', 'e.fisicahamza', 'luisbarrios', 'zhang.jiayu', 'albertortepin', 'martin.gutierrez', 'rubenortega', 'pablo.garcia.bas', 'pablolopezexposito', 'dariogarciaredecillas', 'antonionito1993', 'xoanmayo', 'elviracastillo', 'brunolopez', 'ee5502', 'foojorge', 'gkkk6', 'gmedina', 'gonzalogbb', 'a997154508', 'paula.bolboreta', 'isafdez', 'hewutanyuan', 'hamza32amar', 'alyabra.vargas', 'miguelrm', 'tergel1999', 'ch2922', 'fabiolajsanlop', 'wang.yaoz', 'hdelatorre3524', 'fernando_ibarra', 'campamarin', 'isaac.dominguez4444', 'chenxi', 'e.jojusalo', 'juanjotromp', 'andreasorroche', 'manucro10', 'pedrogea08', 'hariprasanna', 'plmolina4', 'watashi.legion', 'jinfengleong', 'sohamsawant912', 'zakizhou', 'dang.e', 'aledes', 'soddy1996', 'guojunxiong25', 'shizhan.flood', 'ivan1', 'lianyi96', 'christsun', 'michaelcameronmcdonald', 'blasern', 'dja19951995', 'floren_ff', 'ejg98', 'sebastianvromero', 'albacosta', 'lauragdevesa', 'david.garrido', 'alicia.mosq', 'ottoridemar', 'kennyxsy', 'abdulhaiyum.f', 'bellmanz', 'jiaqi.guoguo', 'facundobonfiglio', 'e.ivanlopgar1997', 'al16do06', 'dyoh5119', 'esteban.figueroa', 'limengyuanli66', 'isaferjim', 'bingshengliu', 'jdanivc', 'cxiuqi1', 'paula.mourino', 'xiaode', 'chwi7664', 'wtq77', 'miaocx714', 'choikj', 'p.suarez97', 'hit.kamble', 'alex_varela_17', 'claudia.puga', 'andrei.luneow01031999', 'songy', 'h_elmenier', 'aloptor', 'simoncarloscartamil', 'lidiadom', 'qwe', 'yzarni89', 'gbatzorig268', 'jerome.alag', 'dalder', 'nuriatellado', 'chenyue', 'alyabra', 'japrz', 'xhan009', 'chema', 'praveens013', 'gonzavt15', '836054323_wj', 'salamghgh20', 'guyu', 'antoinelegare', 'luisgfloreslarrea', 'juanariza', 'victortorressuch', 'laurenp', 'stgermain.b', 'thunaung', 'samuelfl', 'pmvd95', 'yuxian123', 'akamsali', 'uutty2010', 'policon', 'shihhaotsai', 'uxiavelca', 'pablosande98', 'rayoaki7', 'pablosempredepor97', 'julioug1', 'j.guedegar', 'chenre', 'albertoangulo', 'juanjoseo', 'dariogarred', 'pablocrespo11', 'iagomoscer', 'antonio98y', 'miguelpinocarmona', 'noxis986', 'miguellopezcardenas98', 'exareivaj', 'albertoccz', 'marinabm', 'pablomd', 'e0427406', 'guoxg46', 'comeseetake', 'wangjianed_1992', 'manuel10suarez10', 'ryu.j', 'edgarmtz', 'brendaorea15', '9.genest.gabriel', 'rakki.datta', 'enriquevaliente17', 'clarahernandez05f', 'elena.j.g', 'joannesy', 'mihai.pislaru.fisica', 'chrispvnofficial', 'alsyaari', 'alexsanchezcast', 'savardbastien', 'justinegiroux', 'tonybocadillosgrandes', 'zewei', 'juansans98', 'austinz', 'ergobe3', 'joeanszxc', 'wmy', 'yingxue58', 'danidm', 'danielfdezcalo', 'berzasnon', 'e.lucasnavarrog', 'marioherreroglez34', 'lluissanuy', 'anamconrado', 'aliraza2013ee360', 'luciavilchezz', 'niravsurajlal', 'zhaoyu960207', 'mari.paucom', 'mordor', 'elmu6301', 'fofi94', 'pedrobeko98', 'isaac.carrillo', 'qumo4329', 'melissa5', 'maurobn98', 'savas', 'martin32', 'sylim1', 'fabiola.santos', 'sergiocalo.barranha', 'elisa.vicenteei', 'ionemanuelmoralesrosales', 'pichoncillo1', 'valeriamg', 'anar4331', 'sangkyu.sun', 'zihang', 'mgupta15', 'costasdiego97', 'chenxiwang', 'dulguun_021', 'fran.mosquera.pena', 'ralfli', 'carterkirkendoll', 'iagomillanentenza', 'jameslin', 'emixose', 'jgm2096', 'xxxxiaofan', 'anselmoantorcha', 'nivedaksubramanian', 'henglund', 'bgutierrez', 'liuman961021', 'xiaolei', 'danidrivas98', 'melonlzheng', 'essheh', 'rysw5590', 'kong2020', 'feijoomartina', 'elmanguito', 'martinzapatamartinez', 'aidan.rooney17', 'lucamonduzzi96', 'juancarlosroutrera', 'davidga568', 'roberto.nava', 'cmoadne', 'cytuslll1997', 'agarviespi', 'ero15953', 'mihaipx', 'carlosbesadaromero', 'myez', 'cristinacostas', 'miri23']"
1,21,281,15,13,"['juanjoseo', 'antonionito1993', 'pmvd95', 'j.guedegar', 'xoanmayo', 'alex_varela_17', 'clara.landesa', 'davidga568', 'pablosempredepor97', 'emixose', 'isaferjim', 'xoangon', 'danielfdezcalo']",268,"['wanghb', 'andrea.mendez', 'jbalderasfernandez', 'iagopardo97', 'alejandromo1610', 'sergiogrcsnchz', 'anderson.bi', 'alyabra.alejandro', 'bulganb28', 'haominl1997', 'prra6646', 'veronica.castro', 'nuriamj', 'mariamfontan', 'jaimedmj', 'sotmas', 'caetano.eirea', 'ludoba2912', 'francisxavgr', 'thackettt', 'amirbadshah224', 'lluisgonzaga96', 'clarachapela10', '2015soham.sawant', 'junwen', 'adec', 'shikhararvind', 'jesslyn', 'sstty7', 'angelaturnes', 'zhs002', 'pablojosecalvo', 'miguel_fernandez', 'xxy0501', 'marniesan', 'arturocastro94', 'leoncc', 'alecorti.pardo', 'mmartinezsanchez', 'e.fisicahamza', 'luisbarrios', 'zhang.jiayu', 'albertortepin', 'martin.gutierrez', 'rubenortega', 'pablo.garcia.bas', 'pablolopezexposito', 'dariogarciaredecillas', 'elviracastillo', 'brunolopez', 'ee5502', 'foojorge', 'gkkk6', 'gmedina', 'gonzalogbb', 'a997154508', 'paula.bolboreta', 'isafdez', 'hewutanyuan', 'hamza32amar', 'alyabra.vargas', 'tergel1999', 'ch2922', 'fabiolajsanlop', 'wang.yaoz', 'hdelatorre3524', 'fernando_ibarra', 'campamarin', 'isaac.dominguez4444', 'chenxi', 'e.jojusalo', 'juanjotromp', 'andreasorroche', 'manucro10', 'pedrogea08', 'hariprasanna', 'plmolina4', 'watashi.legion', 'jinfengleong', 'sohamsawant912', 'zakizhou', 'dang.e', 'aledes', 'soddy1996', 'guojunxiong25', 'shizhan.flood', 'ivan1', 'lianyi96', 'christsun', 'michaelcameronmcdonald', 'blasern', 'dja19951995', 'floren_ff', 'ejg98', 'sebastianvromero', 'albacosta', 'lauragdevesa', 'david.garrido', 'alicia.mosq', 'ottoridemar', 'kennyxsy', 'abdulhaiyum.f', 'bellmanz', 'jiaqi.guoguo', 'facundobonfiglio', 'e.ivanlopgar1997', 'al16do06', 'dyoh5119', 'esteban.figueroa', 'limengyuanli66', 'bingshengliu', 'jdanivc', 'cxiuqi1', 'paula.mourino', 'xiaode', 'chwi7664', 'wtq77', 'miaocx714', 'choikj', 'p.suarez97', 'hit.kamble', 'claudia.puga', 'andrei.luneow01031999', 'songy', 'h_elmenier', 'aloptor', 'simoncarloscartamil', 'lidiadom', 'qwe', 'yzarni89', 'gbatzorig268', 'jerome.alag', 'dalder', 'nuriatellado', 'chenyue', 'alyabra', 'japrz', 'xhan009', 'chema', 'praveens013', 'gonzavt15', '836054323_wj', 'salamghgh20', 'guyu', 'antoinelegare', 'luisgfloreslarrea', 'juanariza', 'victortorressuch', 'laurenp', 'stgermain.b', 'thunaung', 'samuelfl', 'yuxian123', 'akamsali', 'uutty2010', 'policon', 'shihhaotsai', 'uxiavelca', 'pablosande98', 'rayoaki7', 'julioug1', 'chenre', 'albertoangulo', 'dariogarred', 'pablocrespo11', 'iagomoscer', 'antonio98y', 'miguelpinocarmona', 'noxis986', 'miguellopezcardenas98', 'exareivaj', 'albertoccz', 'marinabm', 'pablomd', 'e0427406', 'guoxg46', 'comeseetake', 'wangjianed_1992', 'manuel10suarez10', 'ryu.j', 'edgarmtz', 'brendaorea15', '9.genest.gabriel', 'rakki.datta', 'enriquevaliente17', 'clarahernandez05f', 'elena.j.g', 'joannesy', 'mihai.pislaru.fisica', 'chrispvnofficial', 'alsyaari', 'alexsanchezcast', 'savardbastien', 'justinegiroux', 'tonybocadillosgrandes', 'zewei', 'juansans98', 'austinz', 'ergobe3', 'joeanszxc', 'wmy', 'yingxue58', 'danidm', 'berzasnon', 'e.lucasnavarrog', 'lluissanuy', 'anamconrado', 'aliraza2013ee360', 'niravsurajlal', 'zhaoyu960207', 'mari.paucom', 'mordor', 'elmu6301', 'fofi94', 'pedrobeko98', 'isaac.carrillo', 'qumo4329', 'melissa5', 'maurobn98', 'savas', 'martin32', 'sylim1', 'fabiola.santos', 'sergiocalo.barranha', 'elisa.vicenteei', 'ionemanuelmoralesrosales', 'valeriamg', 'anar4331', 'sangkyu.sun', 'zihang', 'mgupta15', 'costasdiego97', 'chenxiwang', 'dulguun_021', 'fran.mosquera.pena', 'ralfli', 'carterkirkendoll', 'iagomillanentenza', 'jameslin', 'jgm2096', 'xxxxiaofan', 'anselmoantorcha', 'nivedaksubramanian', 'henglund', 'bgutierrez', 'liuman961021', 'xiaolei', 'danidrivas98', 'melonlzheng', 'essheh', 'rysw5590', 'kong2020', 'feijoomartina', 'elmanguito', 'martinzapatamartinez', 'aidan.rooney17', 'lucamonduzzi96', 'juancarlosroutrera', 'roberto.nava', 'cmoadne', 'cytuslll1997', 'agarviespi', 'ero15953', 'mihaipx', 'carlosbesadaromero', 'myez', 'cristinacostas', 'miri23']",2,"['dique', 'antonio25']",283,"['wanghb', 'andrea.mendez', 'jbalderasfernandez', 'iagopardo97', 'alejandromo1610', 'sergiogrcsnchz', 'anderson.bi', 'xoangon', 'alyabra.alejandro', 'bulganb28', 'haominl1997', 'prra6646', 'veronica.castro', 'nuriamj', 'mariamfontan', 'jaimedmj', 'sotmas', 'caetano.eirea', 'clara.landesa', 'ludoba2912', 'francisxavgr', 'thackettt', 'amirbadshah224', 'lluisgonzaga96', 'clarachapela10', '2015soham.sawant', 'junwen', 'adec', 'shikhararvind', 'jesslyn', 'sstty7', 'angelaturnes', 'zhs002', 'pablojosecalvo', 'miguel_fernandez', 'xxy0501', 'marniesan', 'arturocastro94', 'leoncc', 'alecorti.pardo', 'mmartinezsanchez', 'e.fisicahamza', 'luisbarrios', 'zhang.jiayu', 'albertortepin', 'martin.gutierrez', 'rubenortega', 'pablo.garcia.bas', 'pablolopezexposito', 'dariogarciaredecillas', 'antonionito1993', 'xoanmayo', 'elviracastillo', 'brunolopez', 'ee5502', 'foojorge', 'gkkk6', 'gmedina', 'gonzalogbb', 'a997154508', 'paula.bolboreta', 'isafdez', 'hewutanyuan', 'hamza32amar', 'alyabra.vargas', 'tergel1999', 'ch2922', 'fabiolajsanlop', 'wang.yaoz', 'hdelatorre3524', 'fernando_ibarra', 'campamarin', 'isaac.dominguez4444', 'chenxi', 'e.jojusalo', 'juanjotromp', 'andreasorroche', 'manucro10', 'pedrogea08', 'hariprasanna', 'plmolina4', 'watashi.legion', 'jinfengleong', 'sohamsawant912', 'zakizhou', 'dang.e', 'aledes', 'soddy1996', 'guojunxiong25', 'shizhan.flood', 'ivan1', 'lianyi96', 'christsun', 'michaelcameronmcdonald', 'blasern', 'dja19951995', 'floren_ff', 'ejg98', 'sebastianvromero', 'albacosta', 'lauragdevesa', 'david.garrido', 'alicia.mosq', 'ottoridemar', 'kennyxsy', 'abdulhaiyum.f', 'bellmanz', 'jiaqi.guoguo', 'facundobonfiglio', 'e.ivanlopgar1997', 'al16do06', 'dyoh5119', 'esteban.figueroa', 'limengyuanli66', 'isaferjim', 'bingshengliu', 'jdanivc', 'cxiuqi1', 'paula.mourino', 'xiaode', 'chwi7664', 'wtq77', 'miaocx714', 'choikj', 'p.suarez97', 'hit.kamble', 'alex_varela_17', 'claudia.puga', 'andrei.luneow01031999', 'songy', 'h_elmenier', 'aloptor', 'simoncarloscartamil', 'lidiadom', 'qwe', 'yzarni89', 'gbatzorig268', 'jerome.alag', 'dalder', 'nuriatellado', 'chenyue', 'alyabra', 'japrz', 'xhan009', 'antonio25', 'chema', 'praveens013', 'gonzavt15', '836054323_wj', 'salamghgh20', 'guyu', 'antoinelegare', 'luisgfloreslarrea', 'juanariza', 'victortorressuch', 'laurenp', 'stgermain.b', 'thunaung', 'samuelfl', 'pmvd95', 'yuxian123', 'akamsali', 'uutty2010', 'policon', 'shihhaotsai', 'uxiavelca', 'pablosande98', 'rayoaki7', 'pablosempredepor97', 'julioug1', 'j.guedegar', 'chenre', 'albertoangulo', 'juanjoseo', 'dariogarred', 'pablocrespo11', 'iagomoscer', 'antonio98y', 'miguelpinocarmona', 'noxis986', 'miguellopezcardenas98', 'exareivaj', 'albertoccz', 'marinabm', 'pablomd', 'e0427406', 'guoxg46', 'comeseetake', 'wangjianed_1992', 'manuel10suarez10', 'ryu.j', 'edgarmtz', 'brendaorea15', '9.genest.gabriel', 'rakki.datta', 'enriquevaliente17', 'clarahernandez05f', 'elena.j.g', 'joannesy', 'mihai.pislaru.fisica', 'chrispvnofficial', 'alsyaari', 'alexsanchezcast', 'savardbastien', 'justinegiroux', 'tonybocadillosgrandes', 'zewei', 'juansans98', 'austinz', 'ergobe3', 'joeanszxc', 'wmy', 'yingxue58', 'danidm', 'danielfdezcalo', 'berzasnon', 'e.lucasnavarrog', 'lluissanuy', 'anamconrado', 'aliraza2013ee360', 'niravsurajlal', 'zhaoyu960207', 'mari.paucom', 'mordor', 'elmu6301', 'fofi94', 'pedrobeko98', 'isaac.carrillo', 'qumo4329', 'melissa5', 'maurobn98', 'savas', 'martin32', 'sylim1', 'fabiola.santos', 'sergiocalo.barranha', 'elisa.vicenteei', 'ionemanuelmoralesrosales', 'valeriamg', 'anar4331', 'sangkyu.sun', 'zihang', 'mgupta15', 'costasdiego97', 'chenxiwang', 'dulguun_021', 'fran.mosquera.pena', 'ralfli', 'carterkirkendoll', 'iagomillanentenza', 'jameslin', 'emixose', 'jgm2096', 'xxxxiaofan', 'anselmoantorcha', 'nivedaksubramanian', 'henglund', 'bgutierrez', 'liuman961021', 'xiaolei', 'danidrivas98', 'melonlzheng', 'essheh', 'rysw5590', 'kong2020', 'feijoomartina', 'elmanguito', 'martinzapatamartinez', 'aidan.rooney17', 'lucamonduzzi96', 'juancarlosroutrera', 'davidga568', 'roberto.nava', 'cmoadne', 'cytuslll1997', 'agarviespi', 'ero15953', 'mihaipx', 'carlosbesadaromero', 'myez', 'dique', 'cristinacostas', 'miri23']"
1,9,281,14,1,['sstty7'],280,"['wanghb', 'andrea.mendez', 'jbalderasfernandez', 'iagopardo97', 'alejandromo1610', 'sergiogrcsnchz', 'anderson.bi', 'xoangon', 'alyabra.alejandro', 'bulganb28', 'haominl1997', 'prra6646', 'veronica.castro', 'nuriamj', 'mariamfontan', 'jaimedmj', 'sotmas', 'caetano.eirea', 'clara.landesa', 'ludoba2912', 'francisxavgr', 'thackettt', 'amirbadshah224', 'lluisgonzaga96', 'clarachapela10', '2015soham.sawant', 'junwen', 'adec', 'shikhararvind', 'jesslyn', 'angelaturnes', 'zhs002', 'pablojosecalvo', 'miguel_fernandez', 'xxy0501', 'marniesan', 'arturocastro94', 'leoncc', 'alecorti.pardo', 'mmartinezsanchez', 'e.fisicahamza', 'luisbarrios', 'zhang.jiayu', 'albertortepin', 'martin.gutierrez', 'rubenortega', 'pablo.garcia.bas', 'pablolopezexposito', 'dariogarciaredecillas', 'antonionito1993', 'xoanmayo', 'elviracastillo', 'brunolopez', 'ee5502', 'foojorge', 'gkkk6', 'gmedina', 'gonzalogbb', 'a997154508', 'paula.bolboreta', 'isafdez', 'hewutanyuan', 'hamza32amar', 'alyabra.vargas', 'tergel1999', 'ch2922', 'fabiolajsanlop', 'wang.yaoz', 'hdelatorre3524', 'fernando_ibarra', 'campamarin', 'isaac.dominguez4444', 'chenxi', 'e.jojusalo', 'juanjotromp', 'andreasorroche', 'manucro10', 'pedrogea08', 'hariprasanna', 'plmolina4', 'watashi.legion', 'jinfengleong', 'sohamsawant912', 'zakizhou', 'dang.e', 'aledes', 'soddy1996', 'guojunxiong25', 'shizhan.flood', 'ivan1', 'lianyi96', 'christsun', 'michaelcameronmcdonald', 'blasern', 'dja19951995', 'floren_ff', 'ejg98', 'sebastianvromero', 'albacosta', 'lauragdevesa', 'david.garrido', 'alicia.mosq', 'ottoridemar', 'kennyxsy', 'abdulhaiyum.f', 'bellmanz', 'jiaqi.guoguo', 'facundobonfiglio', 'e.ivanlopgar1997', 'al16do06', 'dyoh5119', 'esteban.figueroa', 'limengyuanli66', 'isaferjim', 'bingshengliu', 'jdanivc', 'cxiuqi1', 'paula.mourino', 'xiaode', 'chwi7664', 'wtq77', 'miaocx714', 'choikj', 'p.suarez97', 'hit.kamble', 'alex_varela_17', 'claudia.puga', 'andrei.luneow01031999', 'songy', 'h_elmenier', 'aloptor', 'simoncarloscartamil', 'lidiadom', 'qwe', 'yzarni89', 'gbatzorig268', 'jerome.alag', 'dalder', 'nuriatellado', 'chenyue', 'alyabra', 'japrz', 'xhan009', 'chema', 'praveens013', 'gonzavt15', '836054323_wj', 'salamghgh20', 'guyu', 'antoinelegare', 'luisgfloreslarrea', 'juanariza', 'victortorressuch', 'laurenp', 'stgermain.b', 'thunaung', 'samuelfl', 'pmvd95', 'yuxian123', 'akamsali', 'uutty2010', 'policon', 'shihhaotsai', 'uxiavelca', 'pablosande98', 'rayoaki7', 'pablosempredepor97', 'julioug1', 'j.guedegar', 'chenre', 'albertoangulo', 'juanjoseo', 'dariogarred', 'pablocrespo11', 'iagomoscer', 'antonio98y', 'miguelpinocarmona', 'noxis986', 'miguellopezcardenas98', 'exareivaj', 'albertoccz', 'marinabm', 'pablomd', 'e0427406', 'guoxg46', 'comeseetake', 'wangjianed_1992', 'manuel10suarez10', 'ryu.j', 'edgarmtz', 'brendaorea15', '9.genest.gabriel', 'rakki.datta', 'enriquevaliente17', 'clarahernandez05f', 'elena.j.g', 'joannesy', 'mihai.pislaru.fisica', 'chrispvnofficial', 'alsyaari', 'alexsanchezcast', 'savardbastien', 'justinegiroux', 'tonybocadillosgrandes', 'zewei', 'juansans98', 'austinz', 'ergobe3', 'joeanszxc', 'wmy', 'yingxue58', 'danidm', 'danielfdezcalo', 'berzasnon', 'e.lucasnavarrog', 'lluissanuy', 'anamconrado', 'aliraza2013ee360', 'niravsurajlal', 'zhaoyu960207', 'mari.paucom', 'mordor', 'elmu6301', 'fofi94', 'pedrobeko98', 'isaac.carrillo', 'qumo4329', 'melissa5', 'maurobn98', 'savas', 'martin32', 'sylim1', 'fabiola.santos', 'sergiocalo.barranha', 'elisa.vicenteei', 'ionemanuelmoralesrosales', 'valeriamg', 'anar4331', 'sangkyu.sun', 'zihang', 'mgupta15', 'costasdiego97', 'chenxiwang', 'dulguun_021', 'fran.mosquera.pena', 'ralfli', 'carterkirkendoll', 'iagomillanentenza', 'jameslin', 'emixose', 'jgm2096', 'xxxxiaofan', 'anselmoantorcha', 'nivedaksubramanian', 'henglund', 'bgutierrez', 'liuman961021', 'xiaolei', 'danidrivas98', 'melonlzheng', 'essheh', 'rysw5590', 'kong2020', 'feijoomartina', 'elmanguito', 'martinzapatamartinez', 'aidan.rooney17', 'lucamonduzzi96', 'juancarlosroutrera', 'davidga568', 'roberto.nava', 'cmoadne', 'cytuslll1997', 'agarviespi', 'ero15953', 'mihaipx', 'carlosbesadaromero', 'myez', 'cristinacostas', 'miri23']",13,"['jaephago', 'dangover94', 'kimys4u', 'kangtoltol', 'yujincho', 'eb32862', 'qjjh1217', 'sjhoon96', 'kimyoungkyen', 'siggy36', 'minho9534', 'anstpdlffj3', 'dorxlqmdkdlel']",294,"['wanghb', 'andrea.mendez', 'jbalderasfernandez', 'kangtoltol', 'iagopardo97', 'alejandromo1610', 'sergiogrcsnchz', 'anderson.bi', 'xoangon', 'alyabra.alejandro', 'bulganb28', 'haominl1997', 'prra6646', 'veronica.castro', 'nuriamj', 'mariamfontan', 'jaimedmj', 'sotmas', 'caetano.eirea', 'clara.landesa', 'ludoba2912', 'francisxavgr', 'thackettt', 'amirbadshah224', 'lluisgonzaga96', 'clarachapela10', '2015soham.sawant', 'junwen', 'adec', 'shikhararvind', 'jesslyn', 'sstty7', 'angelaturnes', 'zhs002', 'pablojosecalvo', 'miguel_fernandez', 'xxy0501', 'marniesan', 'arturocastro94', 'leoncc', 'alecorti.pardo', 'mmartinezsanchez', 'e.fisicahamza', 'luisbarrios', 'zhang.jiayu', 'albertortepin', 'martin.gutierrez', 'rubenortega', 'pablo.garcia.bas', 'pablolopezexposito', 'dariogarciaredecillas', 'antonionito1993', 'xoanmayo', 'elviracastillo', 'brunolopez', 'ee5502', 'foojorge', 'gkkk6', 'gmedina', 'gonzalogbb', 'a997154508', 'paula.bolboreta', 'isafdez', 'hewutanyuan', 'hamza32amar', 'alyabra.vargas', 'tergel1999', 'ch2922', 'fabiolajsanlop', 'wang.yaoz', 'hdelatorre3524', 'fernando_ibarra', 'campamarin', 'isaac.dominguez4444', 'chenxi', 'e.jojusalo', 'juanjotromp', 'andreasorroche', 'manucro10', 'pedrogea08', 'hariprasanna', 'plmolina4', 'watashi.legion', 'jinfengleong', 'sohamsawant912', 'zakizhou', 'dang.e', 'aledes', 'soddy1996', 'guojunxiong25', 'shizhan.flood', 'ivan1', 'lianyi96', 'christsun', 'michaelcameronmcdonald', 'blasern', 'dja19951995', 'floren_ff', 'ejg98', 'sebastianvromero', 'albacosta', 'lauragdevesa', 'david.garrido', 'alicia.mosq', 'ottoridemar', 'kennyxsy', 'abdulhaiyum.f', 'bellmanz', 'jiaqi.guoguo', 'facundobonfiglio', 'e.ivanlopgar1997', 'al16do06', 'dyoh5119', 'esteban.figueroa', 'limengyuanli66', 'isaferjim', 'bingshengliu', 'jdanivc', 'cxiuqi1', 'dangover94', 'paula.mourino', 'xiaode', 'chwi7664', 'wtq77', 'miaocx714', 'choikj', 'p.suarez97', 'hit.kamble', 'alex_varela_17', 'claudia.puga', 'andrei.luneow01031999', 'songy', 'h_elmenier', 'aloptor', 'simoncarloscartamil', 'siggy36', 'lidiadom', 'qwe', 'yzarni89', 'gbatzorig268', 'jerome.alag', 'eb32862', 'dalder', 'nuriatellado', 'chenyue', 'alyabra', 'japrz', 'xhan009', 'chema', 'praveens013', 'gonzavt15', '836054323_wj', 'salamghgh20', 'guyu', 'antoinelegare', 'luisgfloreslarrea', 'juanariza', 'victortorressuch', 'laurenp', 'stgermain.b', 'thunaung', 'samuelfl', 'pmvd95', 'yuxian123', 'akamsali', 'uutty2010', 'policon', 'shihhaotsai', 'uxiavelca', 'pablosande98', 'rayoaki7', 'pablosempredepor97', 'sjhoon96', 'julioug1', 'kimyoungkyen', 'j.guedegar', 'chenre', 'albertoangulo', 'dorxlqmdkdlel', 'juanjoseo', 'dariogarred', 'pablocrespo11', 'iagomoscer', 'antonio98y', 'miguelpinocarmona', 'noxis986', 'miguellopezcardenas98', 'exareivaj', 'albertoccz', 'marinabm', 'pablomd', 'e0427406', 'guoxg46', 'comeseetake', 'wangjianed_1992', 'manuel10suarez10', 'ryu.j', 'edgarmtz', 'brendaorea15', '9.genest.gabriel', 'rakki.datta', 'enriquevaliente17', 'clarahernandez05f', 'elena.j.g', 'joannesy', 'mihai.pislaru.fisica', 'chrispvnofficial', 'alsyaari', 'alexsanchezcast', 'savardbastien', 'justinegiroux', 'tonybocadillosgrandes', 'zewei', 'juansans98', 'austinz', 'ergobe3', 'joeanszxc', 'wmy', 'yingxue58', 'danidm', 'danielfdezcalo', 'minho9534', 'jaephago', 'berzasnon', 'e.lucasnavarrog', 'lluissanuy', 'anamconrado', 'aliraza2013ee360', 'niravsurajlal', 'zhaoyu960207', 'mari.paucom', 'qjjh1217', 'mordor', 'elmu6301', 'fofi94', 'pedrobeko98', 'isaac.carrillo', 'qumo4329', 'melissa5', 'maurobn98', 'savas', 'martin32', 'sylim1', 'fabiola.santos', 'sergiocalo.barranha', 'elisa.vicenteei', 'ionemanuelmoralesrosales', 'valeriamg', 'anar4331', 'sangkyu.sun', 'zihang', 'mgupta15', 'costasdiego97', 'chenxiwang', 'dulguun_021', 'fran.mosquera.pena', 'ralfli', 'carterkirkendoll', 'kimys4u', 'iagomillanentenza', 'jameslin', 'emixose', 'jgm2096', 'xxxxiaofan', 'anselmoantorcha', 'nivedaksubramanian', 'henglund', 'bgutierrez', 'liuman961021', 'xiaolei', 'danidrivas98', 'melonlzheng', 'essheh', 'rysw5590', 'kong2020', 'feijoomartina', 'elmanguito', 'anstpdlffj3', 'martinzapatamartinez', 'aidan.rooney17', 'lucamonduzzi96', 'yujincho', 'juancarlosroutrera', 'davidga568', 'roberto.nava', 'cmoadne', 'cytuslll1997', 'agarviespi', 'ero15953', 'mihaipx', 'carlosbesadaromero', 'myez', 'cristinacostas', 'miri23']"
1,15,281,14,13,"['alyabra', 'isaac.carrillo', 'veronica.castro', 'fabiola.santos', 'martin.gutierrez', 'mari.paucom', 'claudia.puga', 'luisgfloreslarrea', 'esteban.figueroa', 'roberto.nava', 'fernando_ibarra', 'edgarmtz', 'brendaorea15']",268,"['wanghb', 'andrea.mendez', 'jbalderasfernandez', 'iagopardo97', 'alejandromo1610', 'sergiogrcsnchz', 'anderson.bi', 'xoangon', 'alyabra.alejandro', 'bulganb28', 'haominl1997', 'prra6646', 'nuriamj', 'mariamfontan', 'jaimedmj', 'sotmas', 'caetano.eirea', 'clara.landesa', 'ludoba2912', 'francisxavgr', 'thackettt', 'amirbadshah224', 'lluisgonzaga96', 'clarachapela10', '2015soham.sawant', 'junwen', 'adec', 'shikhararvind', 'jesslyn', 'sstty7', 'angelaturnes', 'zhs002', 'pablojosecalvo', 'miguel_fernandez', 'xxy0501', 'marniesan', 'arturocastro94', 'leoncc', 'alecorti.pardo', 'mmartinezsanchez', 'e.fisicahamza', 'luisbarrios', 'zhang.jiayu', 'albertortepin', 'rubenortega', 'pablo.garcia.bas', 'pablolopezexposito', 'dariogarciaredecillas', 'antonionito1993', 'xoanmayo', 'elviracastillo', 'brunolopez', 'ee5502', 'foojorge', 'gkkk6', 'gmedina', 'gonzalogbb', 'a997154508', 'paula.bolboreta', 'isafdez', 'hewutanyuan', 'hamza32amar', 'alyabra.vargas', 'tergel1999', 'ch2922', 'fabiolajsanlop', 'wang.yaoz', 'hdelatorre3524', 'campamarin', 'isaac.dominguez4444', 'chenxi', 'e.jojusalo', 'juanjotromp', 'andreasorroche', 'manucro10', 'pedrogea08', 'hariprasanna', 'plmolina4', 'watashi.legion', 'jinfengleong', 'sohamsawant912', 'zakizhou', 'dang.e', 'aledes', 'soddy1996', 'guojunxiong25', 'shizhan.flood', 'ivan1', 'lianyi96', 'christsun', 'michaelcameronmcdonald', 'blasern', 'dja19951995', 'floren_ff', 'ejg98', 'sebastianvromero', 'albacosta', 'lauragdevesa', 'david.garrido', 'alicia.mosq', 'ottoridemar', 'kennyxsy', 'abdulhaiyum.f', 'bellmanz', 'jiaqi.guoguo', 'facundobonfiglio', 'e.ivanlopgar1997', 'al16do06', 'dyoh5119', 'limengyuanli66', 'isaferjim', 'bingshengliu', 'jdanivc', 'cxiuqi1', 'paula.mourino', 'xiaode', 'chwi7664', 'wtq77', 'miaocx714', 'choikj', 'p.suarez97', 'hit.kamble', 'alex_varela_17', 'andrei.luneow01031999', 'songy', 'h_elmenier', 'aloptor', 'simoncarloscartamil', 'lidiadom', 'qwe', 'yzarni89', 'gbatzorig268', 'jerome.alag', 'dalder', 'nuriatellado', 'chenyue', 'japrz', 'xhan009', 'chema', 'praveens013', 'gonzavt15', '836054323_wj', 'salamghgh20', 'guyu', 'antoinelegare', 'juanariza', 'victortorressuch', 'laurenp', 'stgermain.b', 'thunaung', 'samuelfl', 'pmvd95', 'yuxian123', 'akamsali', 'uutty2010', 'policon', 'shihhaotsai', 'uxiavelca', 'pablosande98', 'rayoaki7', 'pablosempredepor97', 'julioug1', 'j.guedegar', 'chenre', 'albertoangulo', 'juanjoseo', 'dariogarred', 'pablocrespo11', 'iagomoscer', 'antonio98y', 'miguelpinocarmona', 'noxis986', 'miguellopezcardenas98', 'exareivaj', 'albertoccz', 'marinabm', 'pablomd', 'e0427406', 'guoxg46', 'comeseetake', 'wangjianed_1992', 'manuel10suarez10', 'ryu.j', '9.genest.gabriel', 'rakki.datta', 'enriquevaliente17', 'clarahernandez05f', 'elena.j.g', 'joannesy', 'mihai.pislaru.fisica', 'chrispvnofficial', 'alsyaari', 'alexsanchezcast', 'savardbastien', 'justinegiroux', 'tonybocadillosgrandes', 'zewei', 'juansans98', 'austinz', 'ergobe3', 'joeanszxc', 'wmy', 'yingxue58', 'danidm', 'danielfdezcalo', 'berzasnon', 'e.lucasnavarrog', 'lluissanuy', 'anamconrado', 'aliraza2013ee360', 'niravsurajlal', 'zhaoyu960207', 'mordor', 'elmu6301', 'fofi94', 'pedrobeko98', 'qumo4329', 'melissa5', 'maurobn98', 'savas', 'martin32', 'sylim1', 'sergiocalo.barranha', 'elisa.vicenteei', 'ionemanuelmoralesrosales', 'valeriamg', 'anar4331', 'sangkyu.sun', 'zihang', 'mgupta15', 'costasdiego97', 'chenxiwang', 'dulguun_021', 'fran.mosquera.pena', 'ralfli', 'carterkirkendoll', 'iagomillanentenza', 'jameslin', 'emixose', 'jgm2096', 'xxxxiaofan', 'anselmoantorcha', 'nivedaksubramanian', 'henglund', 'bgutierrez', 'liuman961021', 'xiaolei', 'danidrivas98', 'melonlzheng', 'essheh', 'rysw5590', 'kong2020', 'feijoomartina', 'elmanguito', 'martinzapatamartinez', 'aidan.rooney17', 'lucamonduzzi96', 'juancarlosroutrera', 'davidga568', 'cmoadne', 'cytuslll1997', 'agarviespi', 'ero15953', 'mihaipx', 'carlosbesadaromero', 'myez', 'cristinacostas', 'miri23']",1,['andreallanas'],282,"['wanghb', 'andrea.mendez', 'jbalderasfernandez', 'iagopardo97', 'alejandromo1610', 'sergiogrcsnchz', 'anderson.bi', 'xoangon', 'alyabra.alejandro', 'bulganb28', 'haominl1997', 'prra6646', 'veronica.castro', 'nuriamj', 'mariamfontan', 'jaimedmj', 'sotmas', 'caetano.eirea', 'clara.landesa', 'ludoba2912', 'francisxavgr', 'thackettt', 'amirbadshah224', 'lluisgonzaga96', 'clarachapela10', '2015soham.sawant', 'junwen', 'adec', 'shikhararvind', 'jesslyn', 'sstty7', 'angelaturnes', 'zhs002', 'pablojosecalvo', 'miguel_fernandez', 'xxy0501', 'marniesan', 'arturocastro94', 'leoncc', 'alecorti.pardo', 'mmartinezsanchez', 'e.fisicahamza', 'luisbarrios', 'zhang.jiayu', 'albertortepin', 'martin.gutierrez', 'rubenortega', 'pablo.garcia.bas', 'pablolopezexposito', 'dariogarciaredecillas', 'antonionito1993', 'xoanmayo', 'elviracastillo', 'brunolopez', 'ee5502', 'foojorge', 'gkkk6', 'gmedina', 'gonzalogbb', 'a997154508', 'paula.bolboreta', 'isafdez', 'hewutanyuan', 'hamza32amar', 'alyabra.vargas', 'tergel1999', 'ch2922', 'fabiolajsanlop', 'wang.yaoz', 'hdelatorre3524', 'fernando_ibarra', 'campamarin', 'isaac.dominguez4444', 'chenxi', 'e.jojusalo', 'juanjotromp', 'andreasorroche', 'manucro10', 'pedrogea08', 'hariprasanna', 'plmolina4', 'watashi.legion', 'jinfengleong', 'sohamsawant912', 'zakizhou', 'dang.e', 'aledes', 'soddy1996', 'guojunxiong25', 'shizhan.flood', 'ivan1', 'lianyi96', 'christsun', 'michaelcameronmcdonald', 'blasern', 'dja19951995', 'floren_ff', 'ejg98', 'sebastianvromero', 'albacosta', 'lauragdevesa', 'david.garrido', 'alicia.mosq', 'ottoridemar', 'kennyxsy', 'abdulhaiyum.f', 'bellmanz', 'jiaqi.guoguo', 'facundobonfiglio', 'e.ivanlopgar1997', 'al16do06', 'dyoh5119', 'esteban.figueroa', 'limengyuanli66', 'isaferjim', 'bingshengliu', 'jdanivc', 'cxiuqi1', 'paula.mourino', 'xiaode', 'chwi7664', 'wtq77', 'miaocx714', 'choikj', 'p.suarez97', 'hit.kamble', 'alex_varela_17', 'claudia.puga', 'andrei.luneow01031999', 'songy', 'h_elmenier', 'aloptor', 'simoncarloscartamil', 'lidiadom', 'qwe', 'yzarni89', 'gbatzorig268', 'jerome.alag', 'dalder', 'nuriatellado', 'chenyue', 'alyabra', 'japrz', 'xhan009', 'chema', 'praveens013', 'gonzavt15', '836054323_wj', 'salamghgh20', 'guyu', 'antoinelegare', 'luisgfloreslarrea', 'juanariza', 'victortorressuch', 'laurenp', 'stgermain.b', 'thunaung', 'samuelfl', 'pmvd95', 'yuxian123', 'akamsali', 'uutty2010', 'policon', 'shihhaotsai', 'uxiavelca', 'pablosande98', 'rayoaki7', 'pablosempredepor97', 'julioug1', 'j.guedegar', 'chenre', 'albertoangulo', 'juanjoseo', 'dariogarred', 'pablocrespo11', 'iagomoscer', 'antonio98y', 'miguelpinocarmona', 'noxis986', 'miguellopezcardenas98', 'exareivaj', 'albertoccz', 'marinabm', 'pablomd', 'e0427406', 'guoxg46', 'comeseetake', 'wangjianed_1992', 'manuel10suarez10', 'ryu.j', 'edgarmtz', 'brendaorea15', '9.genest.gabriel', 'rakki.datta', 'enriquevaliente17', 'clarahernandez05f', 'elena.j.g', 'joannesy', 'mihai.pislaru.fisica', 'chrispvnofficial', 'alsyaari', 'alexsanchezcast', 'savardbastien', 'justinegiroux', 'tonybocadillosgrandes', 'zewei', 'juansans98', 'austinz', 'ergobe3', 'joeanszxc', 'wmy', 'yingxue58', 'danidm', 'danielfdezcalo', 'berzasnon', 'e.lucasnavarrog', 'andreallanas', 'lluissanuy', 'anamconrado', 'aliraza2013ee360', 'niravsurajlal', 'zhaoyu960207', 'mari.paucom', 'mordor', 'elmu6301', 'fofi94', 'pedrobeko98', 'isaac.carrillo', 'qumo4329', 'melissa5', 'maurobn98', 'savas', 'martin32', 'sylim1', 'fabiola.santos', 'sergiocalo.barranha', 'elisa.vicenteei', 'ionemanuelmoralesrosales', 'valeriamg', 'anar4331', 'sangkyu.sun', 'zihang', 'mgupta15', 'costasdiego97', 'chenxiwang', 'dulguun_021', 'fran.mosquera.pena', 'ralfli', 'carterkirkendoll', 'iagomillanentenza', 'jameslin', 'emixose', 'jgm2096', 'xxxxiaofan', 'anselmoantorcha', 'nivedaksubramanian', 'henglund', 'bgutierrez', 'liuman961021', 'xiaolei', 'danidrivas98', 'melonlzheng', 'essheh', 'rysw5590', 'kong2020', 'feijoomartina', 'elmanguito', 'martinzapatamartinez', 'aidan.rooney17', 'lucamonduzzi96', 'juancarlosroutrera', 'davidga568', 'roberto.nava', 'cmoadne', 'cytuslll1997', 'agarviespi', 'ero15953', 'mihaipx', 'carlosbesadaromero', 'myez', 'cristinacostas', 'miri23']"
1,18,281,13,13,"['nivedaksubramanian', 'haominl1997', 'chenxiwang', 'junwen', 'henglund', 'brunolopez', 'niravsurajlal', 'sotmas', 'shikhararvind', 'ottoridemar', 'thackettt', 'hariprasanna', 'xxxxiaofan']",268,"['wanghb', 'andrea.mendez', 'jbalderasfernandez', 'iagopardo97', 'alejandromo1610', 'sergiogrcsnchz', 'anderson.bi', 'xoangon', 'alyabra.alejandro', 'bulganb28', 'prra6646', 'veronica.castro', 'nuriamj', 'mariamfontan', 'jaimedmj', 'caetano.eirea', 'clara.landesa', 'ludoba2912', 'francisxavgr', 'amirbadshah224', 'lluisgonzaga96', 'clarachapela10', '2015soham.sawant', 'adec', 'jesslyn', 'sstty7', 'angelaturnes', 'zhs002', 'pablojosecalvo', 'miguel_fernandez', 'xxy0501', 'marniesan', 'arturocastro94', 'leoncc', 'alecorti.pardo', 'mmartinezsanchez', 'e.fisicahamza', 'luisbarrios', 'zhang.jiayu', 'albertortepin', 'martin.gutierrez', 'rubenortega', 'pablo.garcia.bas', 'pablolopezexposito', 'dariogarciaredecillas', 'antonionito1993', 'xoanmayo', 'elviracastillo', 'ee5502', 'foojorge', 'gkkk6', 'gmedina', 'gonzalogbb', 'a997154508', 'paula.bolboreta', 'isafdez', 'hewutanyuan', 'hamza32amar', 'alyabra.vargas', 'tergel1999', 'ch2922', 'fabiolajsanlop', 'wang.yaoz', 'hdelatorre3524', 'fernando_ibarra', 'campamarin', 'isaac.dominguez4444', 'chenxi', 'e.jojusalo', 'juanjotromp', 'andreasorroche', 'manucro10', 'pedrogea08', 'plmolina4', 'watashi.legion', 'jinfengleong', 'sohamsawant912', 'zakizhou', 'dang.e', 'aledes', 'soddy1996', 'guojunxiong25', 'shizhan.flood', 'ivan1', 'lianyi96', 'christsun', 'michaelcameronmcdonald', 'blasern', 'dja19951995', 'floren_ff', 'ejg98', 'sebastianvromero', 'albacosta', 'lauragdevesa', 'david.garrido', 'alicia.mosq', 'kennyxsy', 'abdulhaiyum.f', 'bellmanz', 'jiaqi.guoguo', 'facundobonfiglio', 'e.ivanlopgar1997', 'al16do06', 'dyoh5119', 'esteban.figueroa', 'limengyuanli66', 'isaferjim', 'bingshengliu', 'jdanivc', 'cxiuqi1', 'paula.mourino', 'xiaode', 'chwi7664', 'wtq77', 'miaocx714', 'choikj', 'p.suarez97', 'hit.kamble', 'alex_varela_17', 'claudia.puga', 'andrei.luneow01031999', 'songy', 'h_elmenier', 'aloptor', 'simoncarloscartamil', 'lidiadom', 'qwe', 'yzarni89', 'gbatzorig268', 'jerome.alag', 'dalder', 'nuriatellado', 'chenyue', 'alyabra', 'japrz', 'xhan009', 'chema', 'praveens013', 'gonzavt15', '836054323_wj', 'salamghgh20', 'guyu', 'antoinelegare', 'luisgfloreslarrea', 'juanariza', 'victortorressuch', 'laurenp', 'stgermain.b', 'thunaung', 'samuelfl', 'pmvd95', 'yuxian123', 'akamsali', 'uutty2010', 'policon', 'shihhaotsai', 'uxiavelca', 'pablosande98', 'rayoaki7', 'pablosempredepor97', 'julioug1', 'j.guedegar', 'chenre', 'albertoangulo', 'juanjoseo', 'dariogarred', 'pablocrespo11', 'iagomoscer', 'antonio98y', 'miguelpinocarmona', 'noxis986', 'miguellopezcardenas98', 'exareivaj', 'albertoccz', 'marinabm', 'pablomd', 'e0427406', 'guoxg46', 'comeseetake', 'wangjianed_1992', 'manuel10suarez10', 'ryu.j', 'edgarmtz', 'brendaorea15', '9.genest.gabriel', 'rakki.datta', 'enriquevaliente17', 'clarahernandez05f', 'elena.j.g', 'joannesy', 'mihai.pislaru.fisica', 'chrispvnofficial', 'alsyaari', 'alexsanchezcast', 'savardbastien', 'justinegiroux', 'tonybocadillosgrandes', 'zewei', 'juansans98', 'austinz', 'ergobe3', 'joeanszxc', 'wmy', 'yingxue58', 'danidm', 'danielfdezcalo', 'berzasnon', 'e.lucasnavarrog', 'lluissanuy', 'anamconrado', 'aliraza2013ee360', 'zhaoyu960207', 'mari.paucom', 'mordor', 'elmu6301', 'fofi94', 'pedrobeko98', 'isaac.carrillo', 'qumo4329', 'melissa5', 'maurobn98', 'savas', 'martin32', 'sylim1', 'fabiola.santos', 'sergiocalo.barranha', 'elisa.vicenteei', 'ionemanuelmoralesrosales', 'valeriamg', 'anar4331', 'sangkyu.sun', 'zihang', 'mgupta15', 'costasdiego97', 'dulguun_021', 'fran.mosquera.pena', 'ralfli', 'carterkirkendoll', 'iagomillanentenza', 'jameslin', 'emixose', 'jgm2096', 'anselmoantorcha', 'bgutierrez', 'liuman961021', 'xiaolei', 'danidrivas98', 'melonlzheng', 'essheh', 'rysw5590', 'kong2020', 'feijoomartina', 'elmanguito', 'martinzapatamartinez', 'aidan.rooney17', 'lucamonduzzi96', 'juancarlosroutrera', 'davidga568', 'roberto.nava', 'cmoadne', 'cytuslll1997', 'agarviespi', 'ero15953', 'mihaipx', 'carlosbesadaromero', 'myez', 'cristinacostas', 'miri23']",0,[],281,"['wanghb', 'andrea.mendez', 'jbalderasfernandez', 'iagopardo97', 'alejandromo1610', 'sergiogrcsnchz', 'anderson.bi', 'xoangon', 'alyabra.alejandro', 'bulganb28', 'haominl1997', 'prra6646', 'veronica.castro', 'nuriamj', 'mariamfontan', 'jaimedmj', 'sotmas', 'caetano.eirea', 'clara.landesa', 'ludoba2912', 'francisxavgr', 'thackettt', 'amirbadshah224', 'lluisgonzaga96', 'clarachapela10', '2015soham.sawant', 'junwen', 'adec', 'shikhararvind', 'jesslyn', 'sstty7', 'angelaturnes', 'zhs002', 'pablojosecalvo', 'miguel_fernandez', 'xxy0501', 'marniesan', 'arturocastro94', 'leoncc', 'alecorti.pardo', 'mmartinezsanchez', 'e.fisicahamza', 'luisbarrios', 'zhang.jiayu', 'albertortepin', 'martin.gutierrez', 'rubenortega', 'pablo.garcia.bas', 'pablolopezexposito', 'dariogarciaredecillas', 'antonionito1993', 'xoanmayo', 'elviracastillo', 'brunolopez', 'ee5502', 'foojorge', 'gkkk6', 'gmedina', 'gonzalogbb', 'a997154508', 'paula.bolboreta', 'isafdez', 'hewutanyuan', 'hamza32amar', 'alyabra.vargas', 'tergel1999', 'ch2922', 'fabiolajsanlop', 'wang.yaoz', 'hdelatorre3524', 'fernando_ibarra', 'campamarin', 'isaac.dominguez4444', 'chenxi', 'e.jojusalo', 'juanjotromp', 'andreasorroche', 'manucro10', 'pedrogea08', 'hariprasanna', 'plmolina4', 'watashi.legion', 'jinfengleong', 'sohamsawant912', 'zakizhou', 'dang.e', 'aledes', 'soddy1996', 'guojunxiong25', 'shizhan.flood', 'ivan1', 'lianyi96', 'christsun', 'michaelcameronmcdonald', 'blasern', 'dja19951995', 'floren_ff', 'ejg98', 'sebastianvromero', 'albacosta', 'lauragdevesa', 'david.garrido', 'alicia.mosq', 'ottoridemar', 'kennyxsy', 'abdulhaiyum.f', 'bellmanz', 'jiaqi.guoguo', 'facundobonfiglio', 'e.ivanlopgar1997', 'al16do06', 'dyoh5119', 'esteban.figueroa', 'limengyuanli66', 'isaferjim', 'bingshengliu', 'jdanivc', 'cxiuqi1', 'paula.mourino', 'xiaode', 'chwi7664', 'wtq77', 'miaocx714', 'choikj', 'p.suarez97', 'hit.kamble', 'alex_varela_17', 'claudia.puga', 'andrei.luneow01031999', 'songy', 'h_elmenier', 'aloptor', 'simoncarloscartamil', 'lidiadom', 'qwe', 'yzarni89', 'gbatzorig268', 'jerome.alag', 'dalder', 'nuriatellado', 'chenyue', 'alyabra', 'japrz', 'xhan009', 'chema', 'praveens013', 'gonzavt15', '836054323_wj', 'salamghgh20', 'guyu', 'antoinelegare', 'luisgfloreslarrea', 'juanariza', 'victortorressuch', 'laurenp', 'stgermain.b', 'thunaung', 'samuelfl', 'pmvd95', 'yuxian123', 'akamsali', 'uutty2010', 'policon', 'shihhaotsai', 'uxiavelca', 'pablosande98', 'rayoaki7', 'pablosempredepor97', 'julioug1', 'j.guedegar', 'chenre', 'albertoangulo', 'juanjoseo', 'dariogarred', 'pablocrespo11', 'iagomoscer', 'antonio98y', 'miguelpinocarmona', 'noxis986', 'miguellopezcardenas98', 'exareivaj', 'albertoccz', 'marinabm', 'pablomd', 'e0427406', 'guoxg46', 'comeseetake', 'wangjianed_1992', 'manuel10suarez10', 'ryu.j', 'edgarmtz', 'brendaorea15', '9.genest.gabriel', 'rakki.datta', 'enriquevaliente17', 'clarahernandez05f', 'elena.j.g', 'joannesy', 'mihai.pislaru.fisica', 'chrispvnofficial', 'alsyaari', 'alexsanchezcast', 'savardbastien', 'justinegiroux', 'tonybocadillosgrandes', 'zewei', 'juansans98', 'austinz', 'ergobe3', 'joeanszxc', 'wmy', 'yingxue58', 'danidm', 'danielfdezcalo', 'berzasnon', 'e.lucasnavarrog', 'lluissanuy', 'anamconrado', 'aliraza2013ee360', 'niravsurajlal', 'zhaoyu960207', 'mari.paucom', 'mordor', 'elmu6301', 'fofi94', 'pedrobeko98', 'isaac.carrillo', 'qumo4329', 'melissa5', 'maurobn98', 'savas', 'martin32', 'sylim1', 'fabiola.santos', 'sergiocalo.barranha', 'elisa.vicenteei', 'ionemanuelmoralesrosales', 'valeriamg', 'anar4331', 'sangkyu.sun', 'zihang', 'mgupta15', 'costasdiego97', 'chenxiwang', 'dulguun_021', 'fran.mosquera.pena', 'ralfli', 'carterkirkendoll', 'iagomillanentenza', 'jameslin', 'emixose', 'jgm2096', 'xxxxiaofan', 'anselmoantorcha', 'nivedaksubramanian', 'henglund', 'bgutierrez', 'liuman961021', 'xiaolei', 'danidrivas98', 'melonlzheng', 'essheh', 'rysw5590', 'kong2020', 'feijoomartina', 'elmanguito', 'martinzapatamartinez', 'aidan.rooney17', 'lucamonduzzi96', 'juancarlosroutrera', 'davidga568', 'roberto.nava', 'cmoadne', 'cytuslll1997', 'agarviespi', 'ero15953', 'mihaipx', 'carlosbesadaromero', 'myez', 'cristinacostas', 'miri23']"
1,19,281,13,7,"['juanjoseo', 'isaac.dominguez4444', 'foojorge', 'uxiavelca', 'iagomillanentenza', 'noxis986', 'juansans98']",274,"['wanghb', 'andrea.mendez', 'jbalderasfernandez', 'iagopardo97', 'alejandromo1610', 'sergiogrcsnchz', 'anderson.bi', 'xoangon', 'alyabra.alejandro', 'bulganb28', 'haominl1997', 'prra6646', 'veronica.castro', 'nuriamj', 'mariamfontan', 'jaimedmj', 'sotmas', 'caetano.eirea', 'clara.landesa', 'ludoba2912', 'francisxavgr', 'thackettt', 'amirbadshah224', 'lluisgonzaga96', 'clarachapela10', '2015soham.sawant', 'junwen', 'adec', 'shikhararvind', 'jesslyn', 'sstty7', 'angelaturnes', 'zhs002', 'pablojosecalvo', 'miguel_fernandez', 'xxy0501', 'marniesan', 'arturocastro94', 'leoncc', 'alecorti.pardo', 'mmartinezsanchez', 'e.fisicahamza', 'luisbarrios', 'zhang.jiayu', 'albertortepin', 'martin.gutierrez', 'rubenortega', 'pablo.garcia.bas', 'pablolopezexposito', 'dariogarciaredecillas', 'antonionito1993', 'xoanmayo', 'elviracastillo', 'brunolopez', 'ee5502', 'gkkk6', 'gmedina', 'gonzalogbb', 'a997154508', 'paula.bolboreta', 'isafdez', 'hewutanyuan', 'hamza32amar', 'alyabra.vargas', 'tergel1999', 'ch2922', 'fabiolajsanlop', 'wang.yaoz', 'hdelatorre3524', 'fernando_ibarra', 'campamarin', 'chenxi', 'e.jojusalo', 'juanjotromp', 'andreasorroche', 'manucro10', 'pedrogea08', 'hariprasanna', 'plmolina4', 'watashi.legion', 'jinfengleong', 'sohamsawant912', 'zakizhou', 'dang.e', 'aledes', 'soddy1996', 'guojunxiong25', 'shizhan.flood', 'ivan1', 'lianyi96', 'christsun', 'michaelcameronmcdonald', 'blasern', 'dja19951995', 'floren_ff', 'ejg98', 'sebastianvromero', 'albacosta', 'lauragdevesa', 'david.garrido', 'alicia.mosq', 'ottoridemar', 'kennyxsy', 'abdulhaiyum.f', 'bellmanz', 'jiaqi.guoguo', 'facundobonfiglio', 'e.ivanlopgar1997', 'al16do06', 'dyoh5119', 'esteban.figueroa', 'limengyuanli66', 'isaferjim', 'bingshengliu', 'jdanivc', 'cxiuqi1', 'paula.mourino', 'xiaode', 'chwi7664', 'wtq77', 'miaocx714', 'choikj', 'p.suarez97', 'hit.kamble', 'alex_varela_17', 'claudia.puga', 'andrei.luneow01031999', 'songy', 'h_elmenier', 'aloptor', 'simoncarloscartamil', 'lidiadom', 'qwe', 'yzarni89', 'gbatzorig268', 'jerome.alag', 'dalder', 'nuriatellado', 'chenyue', 'alyabra', 'japrz', 'xhan009', 'chema', 'praveens013', 'gonzavt15', '836054323_wj', 'salamghgh20', 'guyu', 'antoinelegare', 'luisgfloreslarrea', 'juanariza', 'victortorressuch', 'laurenp', 'stgermain.b', 'thunaung', 'samuelfl', 'pmvd95', 'yuxian123', 'akamsali', 'uutty2010', 'policon', 'shihhaotsai', 'pablosande98', 'rayoaki7', 'pablosempredepor97', 'julioug1', 'j.guedegar', 'chenre', 'albertoangulo', 'dariogarred', 'pablocrespo11', 'iagomoscer', 'antonio98y', 'miguelpinocarmona', 'miguellopezcardenas98', 'exareivaj', 'albertoccz', 'marinabm', 'pablomd', 'e0427406', 'guoxg46', 'comeseetake', 'wangjianed_1992', 'manuel10suarez10', 'ryu.j', 'edgarmtz', 'brendaorea15', '9.genest.gabriel', 'rakki.datta', 'enriquevaliente17', 'clarahernandez05f', 'elena.j.g', 'joannesy', 'mihai.pislaru.fisica', 'chrispvnofficial', 'alsyaari', 'alexsanchezcast', 'savardbastien', 'justinegiroux', 'tonybocadillosgrandes', 'zewei', 'austinz', 'ergobe3', 'joeanszxc', 'wmy', 'yingxue58', 'danidm', 'danielfdezcalo', 'berzasnon', 'e.lucasnavarrog', 'lluissanuy', 'anamconrado', 'aliraza2013ee360', 'niravsurajlal', 'zhaoyu960207', 'mari.paucom', 'mordor', 'elmu6301', 'fofi94', 'pedrobeko98', 'isaac.carrillo', 'qumo4329', 'melissa5', 'maurobn98', 'savas', 'martin32', 'sylim1', 'fabiola.santos', 'sergiocalo.barranha', 'elisa.vicenteei', 'ionemanuelmoralesrosales', 'valeriamg', 'anar4331', 'sangkyu.sun', 'zihang', 'mgupta15', 'costasdiego97', 'chenxiwang', 'dulguun_021', 'fran.mosquera.pena', 'ralfli', 'carterkirkendoll', 'jameslin', 'emixose', 'jgm2096', 'xxxxiaofan', 'anselmoantorcha', 'nivedaksubramanian', 'henglund', 'bgutierrez', 'liuman961021', 'xiaolei', 'danidrivas98', 'melonlzheng', 'essheh', 'rysw5590', 'kong2020', 'feijoomartina', 'elmanguito', 'martinzapatamartinez', 'aidan.rooney17', 'lucamonduzzi96', 'juancarlosroutrera', 'davidga568', 'roberto.nava', 'cmoadne', 'cytuslll1997', 'agarviespi', 'ero15953', 'mihaipx', 'carlosbesadaromero', 'myez', 'cristinacostas', 'miri23']",6,"['danielcondetorres', 'fsuarez', 'jesusgiraldez', 'albertosanchezberti', 'xie2', 'andreagcoto']",287,"['wanghb', 'andrea.mendez', 'jbalderasfernandez', 'iagopardo97', 'alejandromo1610', 'sergiogrcsnchz', 'anderson.bi', 'xoangon', 'alyabra.alejandro', 'danielcondetorres', 'bulganb28', 'haominl1997', 'prra6646', 'veronica.castro', 'nuriamj', 'jesusgiraldez', 'mariamfontan', 'jaimedmj', 'sotmas', 'caetano.eirea', 'clara.landesa', 'ludoba2912', 'francisxavgr', 'thackettt', 'amirbadshah224', 'lluisgonzaga96', 'clarachapela10', '2015soham.sawant', 'junwen', 'adec', 'shikhararvind', 'jesslyn', 'sstty7', 'andreagcoto', 'angelaturnes', 'zhs002', 'pablojosecalvo', 'miguel_fernandez', 'xxy0501', 'marniesan', 'arturocastro94', 'leoncc', 'alecorti.pardo', 'mmartinezsanchez', 'e.fisicahamza', 'luisbarrios', 'zhang.jiayu', 'albertortepin', 'martin.gutierrez', 'rubenortega', 'pablo.garcia.bas', 'pablolopezexposito', 'dariogarciaredecillas', 'antonionito1993', 'xoanmayo', 'elviracastillo', 'brunolopez', 'ee5502', 'foojorge', 'gkkk6', 'gmedina', 'gonzalogbb', 'a997154508', 'paula.bolboreta', 'isafdez', 'hewutanyuan', 'hamza32amar', 'alyabra.vargas', 'albertosanchezberti', 'tergel1999', 'ch2922', 'fabiolajsanlop', 'wang.yaoz', 'hdelatorre3524', 'fernando_ibarra', 'campamarin', 'isaac.dominguez4444', 'chenxi', 'e.jojusalo', 'juanjotromp', 'andreasorroche', 'manucro10', 'pedrogea08', 'hariprasanna', 'plmolina4', 'watashi.legion', 'jinfengleong', 'sohamsawant912', 'zakizhou', 'dang.e', 'aledes', 'soddy1996', 'guojunxiong25', 'shizhan.flood', 'ivan1', 'lianyi96', 'christsun', 'michaelcameronmcdonald', 'blasern', 'dja19951995', 'floren_ff', 'ejg98', 'sebastianvromero', 'albacosta', 'lauragdevesa', 'david.garrido', 'alicia.mosq', 'ottoridemar', 'kennyxsy', 'abdulhaiyum.f', 'bellmanz', 'jiaqi.guoguo', 'facundobonfiglio', 'e.ivanlopgar1997', 'al16do06', 'dyoh5119', 'esteban.figueroa', 'limengyuanli66', 'isaferjim', 'bingshengliu', 'jdanivc', 'cxiuqi1', 'paula.mourino', 'xiaode', 'chwi7664', 'wtq77', 'miaocx714', 'choikj', 'p.suarez97', 'hit.kamble', 'alex_varela_17', 'claudia.puga', 'andrei.luneow01031999', 'songy', 'h_elmenier', 'aloptor', 'simoncarloscartamil', 'lidiadom', 'qwe', 'yzarni89', 'gbatzorig268', 'jerome.alag', 'dalder', 'nuriatellado', 'chenyue', 'alyabra', 'japrz', 'xhan009', 'chema', 'praveens013', 'gonzavt15', '836054323_wj', 'salamghgh20', 'guyu', 'antoinelegare', 'luisgfloreslarrea', 'juanariza', 'victortorressuch', 'laurenp', 'stgermain.b', 'thunaung', 'samuelfl', 'pmvd95', 'yuxian123', 'akamsali', 'uutty2010', 'policon', 'shihhaotsai', 'uxiavelca', 'pablosande98', 'rayoaki7', 'pablosempredepor97', 'julioug1', 'j.guedegar', 'chenre', 'albertoangulo', 'juanjoseo', 'dariogarred', 'pablocrespo11', 'iagomoscer', 'antonio98y', 'miguelpinocarmona', 'noxis986', 'miguellopezcardenas98', 'exareivaj', 'albertoccz', 'marinabm', 'pablomd', 'e0427406', 'guoxg46', 'comeseetake', 'wangjianed_1992', 'xie2', 'manuel10suarez10', 'ryu.j', 'edgarmtz', 'brendaorea15', '9.genest.gabriel', 'rakki.datta', 'enriquevaliente17', 'clarahernandez05f', 'elena.j.g', 'joannesy', 'mihai.pislaru.fisica', 'chrispvnofficial', 'alsyaari', 'alexsanchezcast', 'savardbastien', 'justinegiroux', 'tonybocadillosgrandes', 'zewei', 'juansans98', 'austinz', 'ergobe3', 'joeanszxc', 'wmy', 'yingxue58', 'danidm', 'danielfdezcalo', 'berzasnon', 'e.lucasnavarrog', 'lluissanuy', 'anamconrado', 'aliraza2013ee360', 'niravsurajlal', 'zhaoyu960207', 'mari.paucom', 'mordor', 'elmu6301', 'fofi94', 'pedrobeko98', 'isaac.carrillo', 'qumo4329', 'melissa5', 'maurobn98', 'savas', 'martin32', 'sylim1', 'fabiola.santos', 'sergiocalo.barranha', 'elisa.vicenteei', 'ionemanuelmoralesrosales', 'valeriamg', 'anar4331', 'sangkyu.sun', 'zihang', 'mgupta15', 'costasdiego97', 'chenxiwang', 'dulguun_021', 'fran.mosquera.pena', 'ralfli', 'carterkirkendoll', 'iagomillanentenza', 'jameslin', 'emixose', 'jgm2096', 'xxxxiaofan', 'anselmoantorcha', 'nivedaksubramanian', 'fsuarez', 'henglund', 'bgutierrez', 'liuman961021', 'xiaolei', 'danidrivas98', 'melonlzheng', 'essheh', 'rysw5590', 'kong2020', 'feijoomartina', 'elmanguito', 'martinzapatamartinez', 'aidan.rooney17', 'lucamonduzzi96', 'juancarlosroutrera', 'davidga568', 'roberto.nava', 'cmoadne', 'cytuslll1997', 'agarviespi', 'ero15953', 'mihaipx', 'carlosbesadaromero', 'myez', 'cristinacostas', 'miri23']"
1,22,281,11,10,"['shizhan.flood', 'zhang.jiayu', 'chenre', 'wang.yaoz', 'leoncc', 'dang.e', 'yingxue58', 'ryu.j', 'bingshengliu', 'laurenp']",271,"['wanghb', 'andrea.mendez', 'jbalderasfernandez', 'iagopardo97', 'alejandromo1610', 'sergiogrcsnchz', 'anderson.bi', 'xoangon', 'alyabra.alejandro', 'bulganb28', 'haominl1997', 'prra6646', 'veronica.castro', 'nuriamj', 'mariamfontan', 'jaimedmj', 'sotmas', 'caetano.eirea', 'clara.landesa', 'ludoba2912', 'francisxavgr', 'thackettt', 'amirbadshah224', 'lluisgonzaga96', 'clarachapela10', '2015soham.sawant', 'junwen', 'adec', 'shikhararvind', 'jesslyn', 'sstty7', 'angelaturnes', 'zhs002', 'pablojosecalvo', 'miguel_fernandez', 'xxy0501', 'marniesan', 'arturocastro94', 'alecorti.pardo', 'mmartinezsanchez', 'e.fisicahamza', 'luisbarrios', 'albertortepin', 'martin.gutierrez', 'rubenortega', 'pablo.garcia.bas', 'pablolopezexposito', 'dariogarciaredecillas', 'antonionito1993', 'xoanmayo', 'elviracastillo', 'brunolopez', 'ee5502', 'foojorge', 'gkkk6', 'gmedina', 'gonzalogbb', 'a997154508', 'paula.bolboreta', 'isafdez', 'hewutanyuan', 'hamza32amar', 'alyabra.vargas', 'tergel1999', 'ch2922', 'fabiolajsanlop', 'hdelatorre3524', 'fernando_ibarra', 'campamarin', 'isaac.dominguez4444', 'chenxi', 'e.jojusalo', 'juanjotromp', 'andreasorroche', 'manucro10', 'pedrogea08', 'hariprasanna', 'plmolina4', 'watashi.legion', 'jinfengleong', 'sohamsawant912', 'zakizhou', 'aledes', 'soddy1996', 'guojunxiong25', 'ivan1', 'lianyi96', 'christsun', 'michaelcameronmcdonald', 'blasern', 'dja19951995', 'floren_ff', 'ejg98', 'sebastianvromero', 'albacosta', 'lauragdevesa', 'david.garrido', 'alicia.mosq', 'ottoridemar', 'kennyxsy', 'abdulhaiyum.f', 'bellmanz', 'jiaqi.guoguo', 'facundobonfiglio', 'e.ivanlopgar1997', 'al16do06', 'dyoh5119', 'esteban.figueroa', 'limengyuanli66', 'isaferjim', 'jdanivc', 'cxiuqi1', 'paula.mourino', 'xiaode', 'chwi7664', 'wtq77', 'miaocx714', 'choikj', 'p.suarez97', 'hit.kamble', 'alex_varela_17', 'claudia.puga', 'andrei.luneow01031999', 'songy', 'h_elmenier', 'aloptor', 'simoncarloscartamil', 'lidiadom', 'qwe', 'yzarni89', 'gbatzorig268', 'jerome.alag', 'dalder', 'nuriatellado', 'chenyue', 'alyabra', 'japrz', 'xhan009', 'chema', 'praveens013', 'gonzavt15', '836054323_wj', 'salamghgh20', 'guyu', 'antoinelegare', 'luisgfloreslarrea', 'juanariza', 'victortorressuch', 'stgermain.b', 'thunaung', 'samuelfl', 'pmvd95', 'yuxian123', 'akamsali', 'uutty2010', 'policon', 'shihhaotsai', 'uxiavelca', 'pablosande98', 'rayoaki7', 'pablosempredepor97', 'julioug1', 'j.guedegar', 'albertoangulo', 'juanjoseo', 'dariogarred', 'pablocrespo11', 'iagomoscer', 'antonio98y', 'miguelpinocarmona', 'noxis986', 'miguellopezcardenas98', 'exareivaj', 'albertoccz', 'marinabm', 'pablomd', 'e0427406', 'guoxg46', 'comeseetake', 'wangjianed_1992', 'manuel10suarez10', 'edgarmtz', 'brendaorea15', '9.genest.gabriel', 'rakki.datta', 'enriquevaliente17', 'clarahernandez05f', 'elena.j.g', 'joannesy', 'mihai.pislaru.fisica', 'chrispvnofficial', 'alsyaari', 'alexsanchezcast', 'savardbastien', 'justinegiroux', 'tonybocadillosgrandes', 'zewei', 'juansans98', 'austinz', 'ergobe3', 'joeanszxc', 'wmy', 'danidm', 'danielfdezcalo', 'berzasnon', 'e.lucasnavarrog', 'lluissanuy', 'anamconrado', 'aliraza2013ee360', 'niravsurajlal', 'zhaoyu960207', 'mari.paucom', 'mordor', 'elmu6301', 'fofi94', 'pedrobeko98', 'isaac.carrillo', 'qumo4329', 'melissa5', 'maurobn98', 'savas', 'martin32', 'sylim1', 'fabiola.santos', 'sergiocalo.barranha', 'elisa.vicenteei', 'ionemanuelmoralesrosales', 'valeriamg', 'anar4331', 'sangkyu.sun', 'zihang', 'mgupta15', 'costasdiego97', 'chenxiwang', 'dulguun_021', 'fran.mosquera.pena', 'ralfli', 'carterkirkendoll', 'iagomillanentenza', 'jameslin', 'emixose', 'jgm2096', 'xxxxiaofan', 'anselmoantorcha', 'nivedaksubramanian', 'henglund', 'bgutierrez', 'liuman961021', 'xiaolei', 'danidrivas98', 'melonlzheng', 'essheh', 'rysw5590', 'kong2020', 'feijoomartina', 'elmanguito', 'martinzapatamartinez', 'aidan.rooney17', 'lucamonduzzi96', 'juancarlosroutrera', 'davidga568', 'roberto.nava', 'cmoadne', 'cytuslll1997', 'agarviespi', 'ero15953', 'mihaipx', 'carlosbesadaromero', 'myez', 'cristinacostas', 'miri23']",1,['yu.c'],282,"['wanghb', 'andrea.mendez', 'jbalderasfernandez', 'iagopardo97', 'alejandromo1610', 'sergiogrcsnchz', 'anderson.bi', 'xoangon', 'yu.c', 'alyabra.alejandro', 'bulganb28', 'haominl1997', 'prra6646', 'veronica.castro', 'nuriamj', 'mariamfontan', 'jaimedmj', 'sotmas', 'caetano.eirea', 'clara.landesa', 'ludoba2912', 'francisxavgr', 'thackettt', 'amirbadshah224', 'lluisgonzaga96', 'clarachapela10', '2015soham.sawant', 'junwen', 'adec', 'shikhararvind', 'jesslyn', 'sstty7', 'angelaturnes', 'zhs002', 'pablojosecalvo', 'miguel_fernandez', 'xxy0501', 'marniesan', 'arturocastro94', 'leoncc', 'alecorti.pardo', 'mmartinezsanchez', 'e.fisicahamza', 'luisbarrios', 'zhang.jiayu', 'albertortepin', 'martin.gutierrez', 'rubenortega', 'pablo.garcia.bas', 'pablolopezexposito', 'dariogarciaredecillas', 'antonionito1993', 'xoanmayo', 'elviracastillo', 'brunolopez', 'ee5502', 'foojorge', 'gkkk6', 'gmedina', 'gonzalogbb', 'a997154508', 'paula.bolboreta', 'isafdez', 'hewutanyuan', 'hamza32amar', 'alyabra.vargas', 'tergel1999', 'ch2922', 'fabiolajsanlop', 'wang.yaoz', 'hdelatorre3524', 'fernando_ibarra', 'campamarin', 'isaac.dominguez4444', 'chenxi', 'e.jojusalo', 'juanjotromp', 'andreasorroche', 'manucro10', 'pedrogea08', 'hariprasanna', 'plmolina4', 'watashi.legion', 'jinfengleong', 'sohamsawant912', 'zakizhou', 'dang.e', 'aledes', 'soddy1996', 'guojunxiong25', 'shizhan.flood', 'ivan1', 'lianyi96', 'christsun', 'michaelcameronmcdonald', 'blasern', 'dja19951995', 'floren_ff', 'ejg98', 'sebastianvromero', 'albacosta', 'lauragdevesa', 'david.garrido', 'alicia.mosq', 'ottoridemar', 'kennyxsy', 'abdulhaiyum.f', 'bellmanz', 'jiaqi.guoguo', 'facundobonfiglio', 'e.ivanlopgar1997', 'al16do06', 'dyoh5119', 'esteban.figueroa', 'limengyuanli66', 'isaferjim', 'bingshengliu', 'jdanivc', 'cxiuqi1', 'paula.mourino', 'xiaode', 'chwi7664', 'wtq77', 'miaocx714', 'choikj', 'p.suarez97', 'hit.kamble', 'alex_varela_17', 'claudia.puga', 'andrei.luneow01031999', 'songy', 'h_elmenier', 'aloptor', 'simoncarloscartamil', 'lidiadom', 'qwe', 'yzarni89', 'gbatzorig268', 'jerome.alag', 'dalder', 'nuriatellado', 'chenyue', 'alyabra', 'japrz', 'xhan009', 'chema', 'praveens013', 'gonzavt15', '836054323_wj', 'salamghgh20', 'guyu', 'antoinelegare', 'luisgfloreslarrea', 'juanariza', 'victortorressuch', 'laurenp', 'stgermain.b', 'thunaung', 'samuelfl', 'pmvd95', 'yuxian123', 'akamsali', 'uutty2010', 'policon', 'shihhaotsai', 'uxiavelca', 'pablosande98', 'rayoaki7', 'pablosempredepor97', 'julioug1', 'j.guedegar', 'chenre', 'albertoangulo', 'juanjoseo', 'dariogarred', 'pablocrespo11', 'iagomoscer', 'antonio98y', 'miguelpinocarmona', 'noxis986', 'miguellopezcardenas98', 'exareivaj', 'albertoccz', 'marinabm', 'pablomd', 'e0427406', 'guoxg46', 'comeseetake', 'wangjianed_1992', 'manuel10suarez10', 'ryu.j', 'edgarmtz', 'brendaorea15', '9.genest.gabriel', 'rakki.datta', 'enriquevaliente17', 'clarahernandez05f', 'elena.j.g', 'joannesy', 'mihai.pislaru.fisica', 'chrispvnofficial', 'alsyaari', 'alexsanchezcast', 'savardbastien', 'justinegiroux', 'tonybocadillosgrandes', 'zewei', 'juansans98', 'austinz', 'ergobe3', 'joeanszxc', 'wmy', 'yingxue58', 'danidm', 'danielfdezcalo', 'berzasnon', 'e.lucasnavarrog', 'lluissanuy', 'anamconrado', 'aliraza2013ee360', 'niravsurajlal', 'zhaoyu960207', 'mari.paucom', 'mordor', 'elmu6301', 'fofi94', 'pedrobeko98', 'isaac.carrillo', 'qumo4329', 'melissa5', 'maurobn98', 'savas', 'martin32', 'sylim1', 'fabiola.santos', 'sergiocalo.barranha', 'elisa.vicenteei', 'ionemanuelmoralesrosales', 'valeriamg', 'anar4331', 'sangkyu.sun', 'zihang', 'mgupta15', 'costasdiego97', 'chenxiwang', 'dulguun_021', 'fran.mosquera.pena', 'ralfli', 'carterkirkendoll', 'iagomillanentenza', 'jameslin', 'emixose', 'jgm2096', 'xxxxiaofan', 'anselmoantorcha', 'nivedaksubramanian', 'henglund', 'bgutierrez', 'liuman961021', 'xiaolei', 'danidrivas98', 'melonlzheng', 'essheh', 'rysw5590', 'kong2020', 'feijoomartina', 'elmanguito', 'martinzapatamartinez', 'aidan.rooney17', 'lucamonduzzi96', 'juancarlosroutrera', 'davidga568', 'roberto.nava', 'cmoadne', 'cytuslll1997', 'agarviespi', 'ero15953', 'mihaipx', 'carlosbesadaromero', 'myez', 'cristinacostas', 'miri23']"
1,210,281,11,6,"['nuriamj', 'myez', 'miguel_fernandez', 'p.suarez97', 'xoangon', 'angelaturnes']",275,"['wanghb', 'andrea.mendez', 'jbalderasfernandez', 'iagopardo97', 'alejandromo1610', 'sergiogrcsnchz', 'anderson.bi', 'alyabra.alejandro', 'bulganb28', 'haominl1997', 'prra6646', 'veronica.castro', 'mariamfontan', 'jaimedmj', 'sotmas', 'caetano.eirea', 'clara.landesa', 'ludoba2912', 'francisxavgr', 'thackettt', 'amirbadshah224', 'lluisgonzaga96', 'clarachapela10', '2015soham.sawant', 'junwen', 'adec', 'shikhararvind', 'jesslyn', 'sstty7', 'zhs002', 'pablojosecalvo', 'xxy0501', 'marniesan', 'arturocastro94', 'leoncc', 'alecorti.pardo', 'mmartinezsanchez', 'e.fisicahamza', 'luisbarrios', 'zhang.jiayu', 'albertortepin', 'martin.gutierrez', 'rubenortega', 'pablo.garcia.bas', 'pablolopezexposito', 'dariogarciaredecillas', 'antonionito1993', 'xoanmayo', 'elviracastillo', 'brunolopez', 'ee5502', 'foojorge', 'gkkk6', 'gmedina', 'gonzalogbb', 'a997154508', 'paula.bolboreta', 'isafdez', 'hewutanyuan', 'hamza32amar', 'alyabra.vargas', 'tergel1999', 'ch2922', 'fabiolajsanlop', 'wang.yaoz', 'hdelatorre3524', 'fernando_ibarra', 'campamarin', 'isaac.dominguez4444', 'chenxi', 'e.jojusalo', 'juanjotromp', 'andreasorroche', 'manucro10', 'pedrogea08', 'hariprasanna', 'plmolina4', 'watashi.legion', 'jinfengleong', 'sohamsawant912', 'zakizhou', 'dang.e', 'aledes', 'soddy1996', 'guojunxiong25', 'shizhan.flood', 'ivan1', 'lianyi96', 'christsun', 'michaelcameronmcdonald', 'blasern', 'dja19951995', 'floren_ff', 'ejg98', 'sebastianvromero', 'albacosta', 'lauragdevesa', 'david.garrido', 'alicia.mosq', 'ottoridemar', 'kennyxsy', 'abdulhaiyum.f', 'bellmanz', 'jiaqi.guoguo', 'facundobonfiglio', 'e.ivanlopgar1997', 'al16do06', 'dyoh5119', 'esteban.figueroa', 'limengyuanli66', 'isaferjim', 'bingshengliu', 'jdanivc', 'cxiuqi1', 'paula.mourino', 'xiaode', 'chwi7664', 'wtq77', 'miaocx714', 'choikj', 'hit.kamble', 'alex_varela_17', 'claudia.puga', 'andrei.luneow01031999', 'songy', 'h_elmenier', 'aloptor', 'simoncarloscartamil', 'lidiadom', 'qwe', 'yzarni89', 'gbatzorig268', 'jerome.alag', 'dalder', 'nuriatellado', 'chenyue', 'alyabra', 'japrz', 'xhan009', 'chema', 'praveens013', 'gonzavt15', '836054323_wj', 'salamghgh20', 'guyu', 'antoinelegare', 'luisgfloreslarrea', 'juanariza', 'victortorressuch', 'laurenp', 'stgermain.b', 'thunaung', 'samuelfl', 'pmvd95', 'yuxian123', 'akamsali', 'uutty2010', 'policon', 'shihhaotsai', 'uxiavelca', 'pablosande98', 'rayoaki7', 'pablosempredepor97', 'julioug1', 'j.guedegar', 'chenre', 'albertoangulo', 'juanjoseo', 'dariogarred', 'pablocrespo11', 'iagomoscer', 'antonio98y', 'miguelpinocarmona', 'noxis986', 'miguellopezcardenas98', 'exareivaj', 'albertoccz', 'marinabm', 'pablomd', 'e0427406', 'guoxg46', 'comeseetake', 'wangjianed_1992', 'manuel10suarez10', 'ryu.j', 'edgarmtz', 'brendaorea15', '9.genest.gabriel', 'rakki.datta', 'enriquevaliente17', 'clarahernandez05f', 'elena.j.g', 'joannesy', 'mihai.pislaru.fisica', 'chrispvnofficial', 'alsyaari', 'alexsanchezcast', 'savardbastien', 'justinegiroux', 'tonybocadillosgrandes', 'zewei', 'juansans98', 'austinz', 'ergobe3', 'joeanszxc', 'wmy', 'yingxue58', 'danidm', 'danielfdezcalo', 'berzasnon', 'e.lucasnavarrog', 'lluissanuy', 'anamconrado', 'aliraza2013ee360', 'niravsurajlal', 'zhaoyu960207', 'mari.paucom', 'mordor', 'elmu6301', 'fofi94', 'pedrobeko98', 'isaac.carrillo', 'qumo4329', 'melissa5', 'maurobn98', 'savas', 'martin32', 'sylim1', 'fabiola.santos', 'sergiocalo.barranha', 'elisa.vicenteei', 'ionemanuelmoralesrosales', 'valeriamg', 'anar4331', 'sangkyu.sun', 'zihang', 'mgupta15', 'costasdiego97', 'chenxiwang', 'dulguun_021', 'fran.mosquera.pena', 'ralfli', 'carterkirkendoll', 'iagomillanentenza', 'jameslin', 'emixose', 'jgm2096', 'xxxxiaofan', 'anselmoantorcha', 'nivedaksubramanian', 'henglund', 'bgutierrez', 'liuman961021', 'xiaolei', 'danidrivas98', 'melonlzheng', 'essheh', 'rysw5590', 'kong2020', 'feijoomartina', 'elmanguito', 'martinzapatamartinez', 'aidan.rooney17', 'lucamonduzzi96', 'juancarlosroutrera', 'davidga568', 'roberto.nava', 'cmoadne', 'cytuslll1997', 'agarviespi', 'ero15953', 'mihaipx', 'carlosbesadaromero', 'cristinacostas', 'miri23']",5,"['ana.rmteo', 'pedrotouris', 'pedrogz', 'josedamiangarcianoya', 'mauro_sg']",286,"['wanghb', 'andrea.mendez', 'jbalderasfernandez', 'iagopardo97', 'alejandromo1610', 'sergiogrcsnchz', 'anderson.bi', 'xoangon', 'alyabra.alejandro', 'bulganb28', 'haominl1997', 'prra6646', 'veronica.castro', 'nuriamj', 'mariamfontan', 'jaimedmj', 'sotmas', 'caetano.eirea', 'clara.landesa', 'ludoba2912', 'francisxavgr', 'thackettt', 'amirbadshah224', 'lluisgonzaga96', 'clarachapela10', '2015soham.sawant', 'junwen', 'adec', 'shikhararvind', 'jesslyn', 'sstty7', 'angelaturnes', 'zhs002', 'pablojosecalvo', 'miguel_fernandez', 'pedrogz', 'xxy0501', 'marniesan', 'arturocastro94', 'leoncc', 'alecorti.pardo', 'mmartinezsanchez', 'e.fisicahamza', 'luisbarrios', 'zhang.jiayu', 'albertortepin', 'martin.gutierrez', 'rubenortega', 'pablo.garcia.bas', 'pablolopezexposito', 'dariogarciaredecillas', 'antonionito1993', 'xoanmayo', 'elviracastillo', 'brunolopez', 'ee5502', 'foojorge', 'gkkk6', 'gmedina', 'gonzalogbb', 'a997154508', 'paula.bolboreta', 'isafdez', 'hewutanyuan', 'hamza32amar', 'alyabra.vargas', 'tergel1999', 'ch2922', 'fabiolajsanlop', 'wang.yaoz', 'hdelatorre3524', 'fernando_ibarra', 'campamarin', 'isaac.dominguez4444', 'chenxi', 'e.jojusalo', 'juanjotromp', 'andreasorroche', 'manucro10', 'pedrogea08', 'hariprasanna', 'plmolina4', 'watashi.legion', 'jinfengleong', 'sohamsawant912', 'zakizhou', 'dang.e', 'aledes', 'soddy1996', 'guojunxiong25', 'shizhan.flood', 'ivan1', 'lianyi96', 'christsun', 'michaelcameronmcdonald', 'josedamiangarcianoya', 'blasern', 'dja19951995', 'floren_ff', 'ejg98', 'sebastianvromero', 'albacosta', 'lauragdevesa', 'david.garrido', 'alicia.mosq', 'ottoridemar', 'kennyxsy', 'abdulhaiyum.f', 'bellmanz', 'jiaqi.guoguo', 'facundobonfiglio', 'e.ivanlopgar1997', 'al16do06', 'dyoh5119', 'esteban.figueroa', 'limengyuanli66', 'isaferjim', 'bingshengliu', 'jdanivc', 'cxiuqi1', 'paula.mourino', 'xiaode', 'chwi7664', 'wtq77', 'miaocx714', 'choikj', 'p.suarez97', 'hit.kamble', 'alex_varela_17', 'claudia.puga', 'andrei.luneow01031999', 'songy', 'h_elmenier', 'aloptor', 'simoncarloscartamil', 'lidiadom', 'qwe', 'yzarni89', 'gbatzorig268', 'jerome.alag', 'dalder', 'nuriatellado', 'mauro_sg', 'chenyue', 'ana.rmteo', 'alyabra', 'japrz', 'xhan009', 'chema', 'praveens013', 'gonzavt15', '836054323_wj', 'salamghgh20', 'guyu', 'antoinelegare', 'luisgfloreslarrea', 'juanariza', 'victortorressuch', 'laurenp', 'stgermain.b', 'thunaung', 'samuelfl', 'pmvd95', 'yuxian123', 'akamsali', 'uutty2010', 'policon', 'shihhaotsai', 'uxiavelca', 'pablosande98', 'rayoaki7', 'pablosempredepor97', 'julioug1', 'j.guedegar', 'chenre', 'albertoangulo', 'juanjoseo', 'dariogarred', 'pablocrespo11', 'iagomoscer', 'antonio98y', 'miguelpinocarmona', 'noxis986', 'miguellopezcardenas98', 'exareivaj', 'albertoccz', 'marinabm', 'pablomd', 'e0427406', 'guoxg46', 'comeseetake', 'wangjianed_1992', 'manuel10suarez10', 'ryu.j', 'edgarmtz', 'brendaorea15', '9.genest.gabriel', 'rakki.datta', 'enriquevaliente17', 'clarahernandez05f', 'elena.j.g', 'joannesy', 'mihai.pislaru.fisica', 'chrispvnofficial', 'alsyaari', 'alexsanchezcast', 'savardbastien', 'justinegiroux', 'tonybocadillosgrandes', 'zewei', 'juansans98', 'austinz', 'ergobe3', 'joeanszxc', 'wmy', 'yingxue58', 'danidm', 'danielfdezcalo', 'berzasnon', 'e.lucasnavarrog', 'lluissanuy', 'anamconrado', 'aliraza2013ee360', 'niravsurajlal', 'zhaoyu960207', 'mari.paucom', 'mordor', 'elmu6301', 'fofi94', 'pedrobeko98', 'isaac.carrillo', 'qumo4329', 'melissa5', 'maurobn98', 'savas', 'martin32', 'sylim1', 'fabiola.santos', 'sergiocalo.barranha', 'elisa.vicenteei', 'ionemanuelmoralesrosales', 'valeriamg', 'anar4331', 'sangkyu.sun', 'zihang', 'mgupta15', 'costasdiego97', 'chenxiwang', 'dulguun_021', 'fran.mosquera.pena', 'ralfli', 'carterkirkendoll', 'iagomillanentenza', 'jameslin', 'emixose', 'jgm2096', 'xxxxiaofan', 'anselmoantorcha', 'nivedaksubramanian', 'henglund', 'bgutierrez', 'liuman961021', 'xiaolei', 'danidrivas98', 'melonlzheng', 'essheh', 'rysw5590', 'kong2020', 'feijoomartina', 'elmanguito', 'martinzapatamartinez', 'aidan.rooney17', 'lucamonduzzi96', 'pedrotouris', 'juancarlosroutrera', 'davidga568', 'roberto.nava', 'cmoadne', 'cytuslll1997', 'agarviespi', 'ero15953', 'mihaipx', 'carlosbesadaromero', 'myez', 'cristinacostas', 'miri23']"
1,16,281,10,3,"['chwi7664', 'qumo4329', 'elmu6301']",278,"['wanghb', 'andrea.mendez', 'jbalderasfernandez', 'iagopardo97', 'alejandromo1610', 'sergiogrcsnchz', 'anderson.bi', 'xoangon', 'alyabra.alejandro', 'bulganb28', 'haominl1997', 'prra6646', 'veronica.castro', 'nuriamj', 'mariamfontan', 'jaimedmj', 'sotmas', 'caetano.eirea', 'clara.landesa', 'ludoba2912', 'francisxavgr', 'thackettt', 'amirbadshah224', 'lluisgonzaga96', 'clarachapela10', '2015soham.sawant', 'junwen', 'adec', 'shikhararvind', 'jesslyn', 'sstty7', 'angelaturnes', 'zhs002', 'pablojosecalvo', 'miguel_fernandez', 'xxy0501', 'marniesan', 'arturocastro94', 'leoncc', 'alecorti.pardo', 'mmartinezsanchez', 'e.fisicahamza', 'luisbarrios', 'zhang.jiayu', 'albertortepin', 'martin.gutierrez', 'rubenortega', 'pablo.garcia.bas', 'pablolopezexposito', 'dariogarciaredecillas', 'antonionito1993', 'xoanmayo', 'elviracastillo', 'brunolopez', 'ee5502', 'foojorge', 'gkkk6', 'gmedina', 'gonzalogbb', 'a997154508', 'paula.bolboreta', 'isafdez', 'hewutanyuan', 'hamza32amar', 'alyabra.vargas', 'tergel1999', 'ch2922', 'fabiolajsanlop', 'wang.yaoz', 'hdelatorre3524', 'fernando_ibarra', 'campamarin', 'isaac.dominguez4444', 'chenxi', 'e.jojusalo', 'juanjotromp', 'andreasorroche', 'manucro10', 'pedrogea08', 'hariprasanna', 'plmolina4', 'watashi.legion', 'jinfengleong', 'sohamsawant912', 'zakizhou', 'dang.e', 'aledes', 'soddy1996', 'guojunxiong25', 'shizhan.flood', 'ivan1', 'lianyi96', 'christsun', 'michaelcameronmcdonald', 'blasern', 'dja19951995', 'floren_ff', 'ejg98', 'sebastianvromero', 'albacosta', 'lauragdevesa', 'david.garrido', 'alicia.mosq', 'ottoridemar', 'kennyxsy', 'abdulhaiyum.f', 'bellmanz', 'jiaqi.guoguo', 'facundobonfiglio', 'e.ivanlopgar1997', 'al16do06', 'dyoh5119', 'esteban.figueroa', 'limengyuanli66', 'isaferjim', 'bingshengliu', 'jdanivc', 'cxiuqi1', 'paula.mourino', 'xiaode', 'wtq77', 'miaocx714', 'choikj', 'p.suarez97', 'hit.kamble', 'alex_varela_17', 'claudia.puga', 'andrei.luneow01031999', 'songy', 'h_elmenier', 'aloptor', 'simoncarloscartamil', 'lidiadom', 'qwe', 'yzarni89', 'gbatzorig268', 'jerome.alag', 'dalder', 'nuriatellado', 'chenyue', 'alyabra', 'japrz', 'xhan009', 'chema', 'praveens013', 'gonzavt15', '836054323_wj', 'salamghgh20', 'guyu', 'antoinelegare', 'luisgfloreslarrea', 'juanariza', 'victortorressuch', 'laurenp', 'stgermain.b', 'thunaung', 'samuelfl', 'pmvd95', 'yuxian123', 'akamsali', 'uutty2010', 'policon', 'shihhaotsai', 'uxiavelca', 'pablosande98', 'rayoaki7', 'pablosempredepor97', 'julioug1', 'j.guedegar', 'chenre', 'albertoangulo', 'juanjoseo', 'dariogarred', 'pablocrespo11', 'iagomoscer', 'antonio98y', 'miguelpinocarmona', 'noxis986', 'miguellopezcardenas98', 'exareivaj', 'albertoccz', 'marinabm', 'pablomd', 'e0427406', 'guoxg46', 'comeseetake', 'wangjianed_1992', 'manuel10suarez10', 'ryu.j', 'edgarmtz', 'brendaorea15', '9.genest.gabriel', 'rakki.datta', 'enriquevaliente17', 'clarahernandez05f', 'elena.j.g', 'joannesy', 'mihai.pislaru.fisica', 'chrispvnofficial', 'alsyaari', 'alexsanchezcast', 'savardbastien', 'justinegiroux', 'tonybocadillosgrandes', 'zewei', 'juansans98', 'austinz', 'ergobe3', 'joeanszxc', 'wmy', 'yingxue58', 'danidm', 'danielfdezcalo', 'berzasnon', 'e.lucasnavarrog', 'lluissanuy', 'anamconrado', 'aliraza2013ee360', 'niravsurajlal', 'zhaoyu960207', 'mari.paucom', 'mordor', 'fofi94', 'pedrobeko98', 'isaac.carrillo', 'melissa5', 'maurobn98', 'savas', 'martin32', 'sylim1', 'fabiola.santos', 'sergiocalo.barranha', 'elisa.vicenteei', 'ionemanuelmoralesrosales', 'valeriamg', 'anar4331', 'sangkyu.sun', 'zihang', 'mgupta15', 'costasdiego97', 'chenxiwang', 'dulguun_021', 'fran.mosquera.pena', 'ralfli', 'carterkirkendoll', 'iagomillanentenza', 'jameslin', 'emixose', 'jgm2096', 'xxxxiaofan', 'anselmoantorcha', 'nivedaksubramanian', 'henglund', 'bgutierrez', 'liuman961021', 'xiaolei', 'danidrivas98', 'melonlzheng', 'essheh', 'rysw5590', 'kong2020', 'feijoomartina', 'elmanguito', 'martinzapatamartinez', 'aidan.rooney17', 'lucamonduzzi96', 'juancarlosroutrera', 'davidga568', 'roberto.nava', 'cmoadne', 'cytuslll1997', 'agarviespi', 'ero15953', 'mihaipx', 'carlosbesadaromero', 'myez', 'cristinacostas', 'miri23']",7,"['n3b3x', 'chzh1341', 'chdu6864', 'dale7283', 'kesu1234', 'abal2474', 'dish1498']",288,"['wanghb', 'andrea.mendez', 'jbalderasfernandez', 'iagopardo97', 'alejandromo1610', 'sergiogrcsnchz', 'anderson.bi', 'xoangon', 'abal2474', 'alyabra.alejandro', 'bulganb28', 'haominl1997', 'prra6646', 'veronica.castro', 'nuriamj', 'mariamfontan', 'jaimedmj', 'sotmas', 'caetano.eirea', 'clara.landesa', 'ludoba2912', 'francisxavgr', 'thackettt', 'amirbadshah224', 'lluisgonzaga96', 'dish1498', 'clarachapela10', '2015soham.sawant', 'junwen', 'adec', 'shikhararvind', 'jesslyn', 'sstty7', 'angelaturnes', 'zhs002', 'pablojosecalvo', 'miguel_fernandez', 'xxy0501', 'marniesan', 'arturocastro94', 'leoncc', 'alecorti.pardo', 'mmartinezsanchez', 'e.fisicahamza', 'luisbarrios', 'zhang.jiayu', 'albertortepin', 'martin.gutierrez', 'rubenortega', 'pablo.garcia.bas', 'pablolopezexposito', 'dariogarciaredecillas', 'antonionito1993', 'xoanmayo', 'elviracastillo', 'brunolopez', 'ee5502', 'foojorge', 'gkkk6', 'gmedina', 'gonzalogbb', 'a997154508', 'paula.bolboreta', 'isafdez', 'hewutanyuan', 'hamza32amar', 'alyabra.vargas', 'tergel1999', 'ch2922', 'fabiolajsanlop', 'wang.yaoz', 'hdelatorre3524', 'fernando_ibarra', 'campamarin', 'isaac.dominguez4444', 'chenxi', 'e.jojusalo', 'juanjotromp', 'andreasorroche', 'manucro10', 'pedrogea08', 'hariprasanna', 'plmolina4', 'watashi.legion', 'jinfengleong', 'sohamsawant912', 'zakizhou', 'dang.e', 'aledes', 'soddy1996', 'guojunxiong25', 'shizhan.flood', 'ivan1', 'lianyi96', 'christsun', 'michaelcameronmcdonald', 'blasern', 'dja19951995', 'floren_ff', 'ejg98', 'sebastianvromero', 'albacosta', 'lauragdevesa', 'david.garrido', 'alicia.mosq', 'ottoridemar', 'kennyxsy', 'abdulhaiyum.f', 'bellmanz', 'jiaqi.guoguo', 'facundobonfiglio', 'e.ivanlopgar1997', 'al16do06', 'dyoh5119', 'esteban.figueroa', 'limengyuanli66', 'isaferjim', 'bingshengliu', 'jdanivc', 'cxiuqi1', 'paula.mourino', 'xiaode', 'chwi7664', 'wtq77', 'miaocx714', 'choikj', 'p.suarez97', 'hit.kamble', 'alex_varela_17', 'claudia.puga', 'andrei.luneow01031999', 'songy', 'h_elmenier', 'aloptor', 'kesu1234', 'simoncarloscartamil', 'lidiadom', 'qwe', 'yzarni89', 'gbatzorig268', 'jerome.alag', 'dalder', 'nuriatellado', 'chenyue', 'alyabra', 'japrz', 'xhan009', 'chema', 'praveens013', 'gonzavt15', '836054323_wj', 'salamghgh20', 'guyu', 'antoinelegare', 'luisgfloreslarrea', 'juanariza', 'victortorressuch', 'laurenp', 'stgermain.b', 'thunaung', 'samuelfl', 'pmvd95', 'yuxian123', 'akamsali', 'uutty2010', 'policon', 'shihhaotsai', 'uxiavelca', 'pablosande98', 'rayoaki7', 'pablosempredepor97', 'julioug1', 'n3b3x', 'j.guedegar', 'chenre', 'albertoangulo', 'juanjoseo', 'dariogarred', 'pablocrespo11', 'iagomoscer', 'antonio98y', 'miguelpinocarmona', 'noxis986', 'miguellopezcardenas98', 'exareivaj', 'albertoccz', 'marinabm', 'pablomd', 'e0427406', 'guoxg46', 'comeseetake', 'wangjianed_1992', 'manuel10suarez10', 'dale7283', 'ryu.j', 'edgarmtz', 'brendaorea15', '9.genest.gabriel', 'rakki.datta', 'enriquevaliente17', 'clarahernandez05f', 'elena.j.g', 'joannesy', 'mihai.pislaru.fisica', 'chrispvnofficial', 'alsyaari', 'alexsanchezcast', 'savardbastien', 'justinegiroux', 'tonybocadillosgrandes', 'zewei', 'juansans98', 'austinz', 'ergobe3', 'joeanszxc', 'wmy', 'yingxue58', 'danidm', 'danielfdezcalo', 'berzasnon', 'e.lucasnavarrog', 'lluissanuy', 'anamconrado', 'aliraza2013ee360', 'niravsurajlal', 'zhaoyu960207', 'mari.paucom', 'mordor', 'elmu6301', 'fofi94', 'pedrobeko98', 'isaac.carrillo', 'qumo4329', 'melissa5', 'maurobn98', 'savas', 'martin32', 'sylim1', 'fabiola.santos', 'sergiocalo.barranha', 'elisa.vicenteei', 'ionemanuelmoralesrosales', 'valeriamg', 'anar4331', 'sangkyu.sun', 'zihang', 'mgupta15', 'costasdiego97', 'chenxiwang', 'dulguun_021', 'fran.mosquera.pena', 'ralfli', 'carterkirkendoll', 'iagomillanentenza', 'chzh1341', 'jameslin', 'emixose', 'jgm2096', 'xxxxiaofan', 'anselmoantorcha', 'nivedaksubramanian', 'henglund', 'bgutierrez', 'liuman961021', 'xiaolei', 'danidrivas98', 'melonlzheng', 'essheh', 'rysw5590', 'kong2020', 'feijoomartina', 'elmanguito', 'martinzapatamartinez', 'aidan.rooney17', 'lucamonduzzi96', 'chdu6864', 'juancarlosroutrera', 'davidga568', 'roberto.nava', 'cmoadne', 'cytuslll1997', 'agarviespi', 'ero15953', 'mihaipx', 'carlosbesadaromero', 'myez', 'cristinacostas', 'miri23']"
1,23,281,8,7,"['isaac.carrillo', 'ero15953', 'veronica.castro', 'alyabra.vargas', 'bgutierrez', 'edgarmtz', 'alyabra.alejandro']",274,"['wanghb', 'andrea.mendez', 'jbalderasfernandez', 'iagopardo97', 'alejandromo1610', 'sergiogrcsnchz', 'anderson.bi', 'xoangon', 'bulganb28', 'haominl1997', 'prra6646', 'nuriamj', 'mariamfontan', 'jaimedmj', 'sotmas', 'caetano.eirea', 'clara.landesa', 'ludoba2912', 'francisxavgr', 'thackettt', 'amirbadshah224', 'lluisgonzaga96', 'clarachapela10', '2015soham.sawant', 'junwen', 'adec', 'shikhararvind', 'jesslyn', 'sstty7', 'angelaturnes', 'zhs002', 'pablojosecalvo', 'miguel_fernandez', 'xxy0501', 'marniesan', 'arturocastro94', 'leoncc', 'alecorti.pardo', 'mmartinezsanchez', 'e.fisicahamza', 'luisbarrios', 'zhang.jiayu', 'albertortepin', 'martin.gutierrez', 'rubenortega', 'pablo.garcia.bas', 'pablolopezexposito', 'dariogarciaredecillas', 'antonionito1993', 'xoanmayo', 'elviracastillo', 'brunolopez', 'ee5502', 'foojorge', 'gkkk6', 'gmedina', 'gonzalogbb', 'a997154508', 'paula.bolboreta', 'isafdez', 'hewutanyuan', 'hamza32amar', 'tergel1999', 'ch2922', 'fabiolajsanlop', 'wang.yaoz', 'hdelatorre3524', 'fernando_ibarra', 'campamarin', 'isaac.dominguez4444', 'chenxi', 'e.jojusalo', 'juanjotromp', 'andreasorroche', 'manucro10', 'pedrogea08', 'hariprasanna', 'plmolina4', 'watashi.legion', 'jinfengleong', 'sohamsawant912', 'zakizhou', 'dang.e', 'aledes', 'soddy1996', 'guojunxiong25', 'shizhan.flood', 'ivan1', 'lianyi96', 'christsun', 'michaelcameronmcdonald', 'blasern', 'dja19951995', 'floren_ff', 'ejg98', 'sebastianvromero', 'albacosta', 'lauragdevesa', 'david.garrido', 'alicia.mosq', 'ottoridemar', 'kennyxsy', 'abdulhaiyum.f', 'bellmanz', 'jiaqi.guoguo', 'facundobonfiglio', 'e.ivanlopgar1997', 'al16do06', 'dyoh5119', 'esteban.figueroa', 'limengyuanli66', 'isaferjim', 'bingshengliu', 'jdanivc', 'cxiuqi1', 'paula.mourino', 'xiaode', 'chwi7664', 'wtq77', 'miaocx714', 'choikj', 'p.suarez97', 'hit.kamble', 'alex_varela_17', 'claudia.puga', 'andrei.luneow01031999', 'songy', 'h_elmenier', 'aloptor', 'simoncarloscartamil', 'lidiadom', 'qwe', 'yzarni89', 'gbatzorig268', 'jerome.alag', 'dalder', 'nuriatellado', 'chenyue', 'alyabra', 'japrz', 'xhan009', 'chema', 'praveens013', 'gonzavt15', '836054323_wj', 'salamghgh20', 'guyu', 'antoinelegare', 'luisgfloreslarrea', 'juanariza', 'victortorressuch', 'laurenp', 'stgermain.b', 'thunaung', 'samuelfl', 'pmvd95', 'yuxian123', 'akamsali', 'uutty2010', 'policon', 'shihhaotsai', 'uxiavelca', 'pablosande98', 'rayoaki7', 'pablosempredepor97', 'julioug1', 'j.guedegar', 'chenre', 'albertoangulo', 'juanjoseo', 'dariogarred', 'pablocrespo11', 'iagomoscer', 'antonio98y', 'miguelpinocarmona', 'noxis986', 'miguellopezcardenas98', 'exareivaj', 'albertoccz', 'marinabm', 'pablomd', 'e0427406', 'guoxg46', 'comeseetake', 'wangjianed_1992', 'manuel10suarez10', 'ryu.j', 'brendaorea15', '9.genest.gabriel', 'rakki.datta', 'enriquevaliente17', 'clarahernandez05f', 'elena.j.g', 'joannesy', 'mihai.pislaru.fisica', 'chrispvnofficial', 'alsyaari', 'alexsanchezcast', 'savardbastien', 'justinegiroux', 'tonybocadillosgrandes', 'zewei', 'juansans98', 'austinz', 'ergobe3', 'joeanszxc', 'wmy', 'yingxue58', 'danidm', 'danielfdezcalo', 'berzasnon', 'e.lucasnavarrog', 'lluissanuy', 'anamconrado', 'aliraza2013ee360', 'niravsurajlal', 'zhaoyu960207', 'mari.paucom', 'mordor', 'elmu6301', 'fofi94', 'pedrobeko98', 'qumo4329', 'melissa5', 'maurobn98', 'savas', 'martin32', 'sylim1', 'fabiola.santos', 'sergiocalo.barranha', 'elisa.vicenteei', 'ionemanuelmoralesrosales', 'valeriamg', 'anar4331', 'sangkyu.sun', 'zihang', 'mgupta15', 'costasdiego97', 'chenxiwang', 'dulguun_021', 'fran.mosquera.pena', 'ralfli', 'carterkirkendoll', 'iagomillanentenza', 'jameslin', 'emixose', 'jgm2096', 'xxxxiaofan', 'anselmoantorcha', 'nivedaksubramanian', 'henglund', 'liuman961021', 'xiaolei', 'danidrivas98', 'melonlzheng', 'essheh', 'rysw5590', 'kong2020', 'feijoomartina', 'elmanguito', 'martinzapatamartinez', 'aidan.rooney17', 'lucamonduzzi96', 'juancarlosroutrera', 'davidga568', 'roberto.nava', 'cmoadne', 'cytuslll1997', 'agarviespi', 'mihaipx', 'carlosbesadaromero', 'myez', 'cristinacostas', 'miri23']",1,['andreallanas'],282,"['wanghb', 'andrea.mendez', 'jbalderasfernandez', 'iagopardo97', 'alejandromo1610', 'sergiogrcsnchz', 'anderson.bi', 'xoangon', 'alyabra.alejandro', 'bulganb28', 'haominl1997', 'prra6646', 'veronica.castro', 'nuriamj', 'mariamfontan', 'jaimedmj', 'sotmas', 'caetano.eirea', 'clara.landesa', 'ludoba2912', 'francisxavgr', 'thackettt', 'amirbadshah224', 'lluisgonzaga96', 'clarachapela10', '2015soham.sawant', 'junwen', 'adec', 'shikhararvind', 'jesslyn', 'sstty7', 'angelaturnes', 'zhs002', 'pablojosecalvo', 'miguel_fernandez', 'xxy0501', 'marniesan', 'arturocastro94', 'leoncc', 'alecorti.pardo', 'mmartinezsanchez', 'e.fisicahamza', 'luisbarrios', 'zhang.jiayu', 'albertortepin', 'martin.gutierrez', 'rubenortega', 'pablo.garcia.bas', 'pablolopezexposito', 'dariogarciaredecillas', 'antonionito1993', 'xoanmayo', 'elviracastillo', 'brunolopez', 'ee5502', 'foojorge', 'gkkk6', 'gmedina', 'gonzalogbb', 'a997154508', 'paula.bolboreta', 'isafdez', 'hewutanyuan', 'hamza32amar', 'alyabra.vargas', 'tergel1999', 'ch2922', 'fabiolajsanlop', 'wang.yaoz', 'hdelatorre3524', 'fernando_ibarra', 'campamarin', 'isaac.dominguez4444', 'chenxi', 'e.jojusalo', 'juanjotromp', 'andreasorroche', 'manucro10', 'pedrogea08', 'hariprasanna', 'plmolina4', 'watashi.legion', 'jinfengleong', 'sohamsawant912', 'zakizhou', 'dang.e', 'aledes', 'soddy1996', 'guojunxiong25', 'shizhan.flood', 'ivan1', 'lianyi96', 'christsun', 'michaelcameronmcdonald', 'blasern', 'dja19951995', 'floren_ff', 'ejg98', 'sebastianvromero', 'albacosta', 'lauragdevesa', 'david.garrido', 'alicia.mosq', 'ottoridemar', 'kennyxsy', 'abdulhaiyum.f', 'bellmanz', 'jiaqi.guoguo', 'facundobonfiglio', 'e.ivanlopgar1997', 'al16do06', 'dyoh5119', 'esteban.figueroa', 'limengyuanli66', 'isaferjim', 'bingshengliu', 'jdanivc', 'cxiuqi1', 'paula.mourino', 'xiaode', 'chwi7664', 'wtq77', 'miaocx714', 'choikj', 'p.suarez97', 'hit.kamble', 'alex_varela_17', 'claudia.puga', 'andrei.luneow01031999', 'songy', 'h_elmenier', 'aloptor', 'simoncarloscartamil', 'lidiadom', 'qwe', 'yzarni89', 'gbatzorig268', 'jerome.alag', 'dalder', 'nuriatellado', 'chenyue', 'alyabra', 'japrz', 'xhan009', 'chema', 'praveens013', 'gonzavt15', '836054323_wj', 'salamghgh20', 'guyu', 'antoinelegare', 'luisgfloreslarrea', 'juanariza', 'victortorressuch', 'laurenp', 'stgermain.b', 'thunaung', 'samuelfl', 'pmvd95', 'yuxian123', 'akamsali', 'uutty2010', 'policon', 'shihhaotsai', 'uxiavelca', 'pablosande98', 'rayoaki7', 'pablosempredepor97', 'julioug1', 'j.guedegar', 'chenre', 'albertoangulo', 'juanjoseo', 'dariogarred', 'pablocrespo11', 'iagomoscer', 'antonio98y', 'miguelpinocarmona', 'noxis986', 'miguellopezcardenas98', 'exareivaj', 'albertoccz', 'marinabm', 'pablomd', 'e0427406', 'guoxg46', 'comeseetake', 'wangjianed_1992', 'manuel10suarez10', 'ryu.j', 'edgarmtz', 'brendaorea15', '9.genest.gabriel', 'rakki.datta', 'enriquevaliente17', 'clarahernandez05f', 'elena.j.g', 'joannesy', 'mihai.pislaru.fisica', 'chrispvnofficial', 'alsyaari', 'alexsanchezcast', 'savardbastien', 'justinegiroux', 'tonybocadillosgrandes', 'zewei', 'juansans98', 'austinz', 'ergobe3', 'joeanszxc', 'wmy', 'yingxue58', 'danidm', 'danielfdezcalo', 'berzasnon', 'e.lucasnavarrog', 'andreallanas', 'lluissanuy', 'anamconrado', 'aliraza2013ee360', 'niravsurajlal', 'zhaoyu960207', 'mari.paucom', 'mordor', 'elmu6301', 'fofi94', 'pedrobeko98', 'isaac.carrillo', 'qumo4329', 'melissa5', 'maurobn98', 'savas', 'martin32', 'sylim1', 'fabiola.santos', 'sergiocalo.barranha', 'elisa.vicenteei', 'ionemanuelmoralesrosales', 'valeriamg', 'anar4331', 'sangkyu.sun', 'zihang', 'mgupta15', 'costasdiego97', 'chenxiwang', 'dulguun_021', 'fran.mosquera.pena', 'ralfli', 'carterkirkendoll', 'iagomillanentenza', 'jameslin', 'emixose', 'jgm2096', 'xxxxiaofan', 'anselmoantorcha', 'nivedaksubramanian', 'henglund', 'bgutierrez', 'liuman961021', 'xiaolei', 'danidrivas98', 'melonlzheng', 'essheh', 'rysw5590', 'kong2020', 'feijoomartina', 'elmanguito', 'martinzapatamartinez', 'aidan.rooney17', 'lucamonduzzi96', 'juancarlosroutrera', 'davidga568', 'roberto.nava', 'cmoadne', 'cytuslll1997', 'agarviespi', 'ero15953', 'mihaipx', 'carlosbesadaromero', 'myez', 'cristinacostas', 'miri23']"
1,29,281,8,5,"['dariogarred', 'pmvd95', 'ejg98', 'julioug1', 'miguellopezcardenas98']",276,"['wanghb', 'andrea.mendez', 'jbalderasfernandez', 'iagopardo97', 'alejandromo1610', 'sergiogrcsnchz', 'anderson.bi', 'xoangon', 'alyabra.alejandro', 'bulganb28', 'haominl1997', 'prra6646', 'veronica.castro', 'nuriamj', 'mariamfontan', 'jaimedmj', 'sotmas', 'caetano.eirea', 'clara.landesa', 'ludoba2912', 'francisxavgr', 'thackettt', 'amirbadshah224', 'lluisgonzaga96', 'clarachapela10', '2015soham.sawant', 'junwen', 'adec', 'shikhararvind', 'jesslyn', 'sstty7', 'angelaturnes', 'zhs002', 'pablojosecalvo', 'miguel_fernandez', 'xxy0501', 'marniesan', 'arturocastro94', 'leoncc', 'alecorti.pardo', 'mmartinezsanchez', 'e.fisicahamza', 'luisbarrios', 'zhang.jiayu', 'albertortepin', 'martin.gutierrez', 'rubenortega', 'pablo.garcia.bas', 'pablolopezexposito', 'dariogarciaredecillas', 'antonionito1993', 'xoanmayo', 'elviracastillo', 'brunolopez', 'ee5502', 'foojorge', 'gkkk6', 'gmedina', 'gonzalogbb', 'a997154508', 'paula.bolboreta', 'isafdez', 'hewutanyuan', 'hamza32amar', 'alyabra.vargas', 'tergel1999', 'ch2922', 'fabiolajsanlop', 'wang.yaoz', 'hdelatorre3524', 'fernando_ibarra', 'campamarin', 'isaac.dominguez4444', 'chenxi', 'e.jojusalo', 'juanjotromp', 'andreasorroche', 'manucro10', 'pedrogea08', 'hariprasanna', 'plmolina4', 'watashi.legion', 'jinfengleong', 'sohamsawant912', 'zakizhou', 'dang.e', 'aledes', 'soddy1996', 'guojunxiong25', 'shizhan.flood', 'ivan1', 'lianyi96', 'christsun', 'michaelcameronmcdonald', 'blasern', 'dja19951995', 'floren_ff', 'sebastianvromero', 'albacosta', 'lauragdevesa', 'david.garrido', 'alicia.mosq', 'ottoridemar', 'kennyxsy', 'abdulhaiyum.f', 'bellmanz', 'jiaqi.guoguo', 'facundobonfiglio', 'e.ivanlopgar1997', 'al16do06', 'dyoh5119', 'esteban.figueroa', 'limengyuanli66', 'isaferjim', 'bingshengliu', 'jdanivc', 'cxiuqi1', 'paula.mourino', 'xiaode', 'chwi7664', 'wtq77', 'miaocx714', 'choikj', 'p.suarez97', 'hit.kamble', 'alex_varela_17', 'claudia.puga', 'andrei.luneow01031999', 'songy', 'h_elmenier', 'aloptor', 'simoncarloscartamil', 'lidiadom', 'qwe', 'yzarni89', 'gbatzorig268', 'jerome.alag', 'dalder', 'nuriatellado', 'chenyue', 'alyabra', 'japrz', 'xhan009', 'chema', 'praveens013', 'gonzavt15', '836054323_wj', 'salamghgh20', 'guyu', 'antoinelegare', 'luisgfloreslarrea', 'juanariza', 'victortorressuch', 'laurenp', 'stgermain.b', 'thunaung', 'samuelfl', 'yuxian123', 'akamsali', 'uutty2010', 'policon', 'shihhaotsai', 'uxiavelca', 'pablosande98', 'rayoaki7', 'pablosempredepor97', 'j.guedegar', 'chenre', 'albertoangulo', 'juanjoseo', 'pablocrespo11', 'iagomoscer', 'antonio98y', 'miguelpinocarmona', 'noxis986', 'exareivaj', 'albertoccz', 'marinabm', 'pablomd', 'e0427406', 'guoxg46', 'comeseetake', 'wangjianed_1992', 'manuel10suarez10', 'ryu.j', 'edgarmtz', 'brendaorea15', '9.genest.gabriel', 'rakki.datta', 'enriquevaliente17', 'clarahernandez05f', 'elena.j.g', 'joannesy', 'mihai.pislaru.fisica', 'chrispvnofficial', 'alsyaari', 'alexsanchezcast', 'savardbastien', 'justinegiroux', 'tonybocadillosgrandes', 'zewei', 'juansans98', 'austinz', 'ergobe3', 'joeanszxc', 'wmy', 'yingxue58', 'danidm', 'danielfdezcalo', 'berzasnon', 'e.lucasnavarrog', 'lluissanuy', 'anamconrado', 'aliraza2013ee360', 'niravsurajlal', 'zhaoyu960207', 'mari.paucom', 'mordor', 'elmu6301', 'fofi94', 'pedrobeko98', 'isaac.carrillo', 'qumo4329', 'melissa5', 'maurobn98', 'savas', 'martin32', 'sylim1', 'fabiola.santos', 'sergiocalo.barranha', 'elisa.vicenteei', 'ionemanuelmoralesrosales', 'valeriamg', 'anar4331', 'sangkyu.sun', 'zihang', 'mgupta15', 'costasdiego97', 'chenxiwang', 'dulguun_021', 'fran.mosquera.pena', 'ralfli', 'carterkirkendoll', 'iagomillanentenza', 'jameslin', 'emixose', 'jgm2096', 'xxxxiaofan', 'anselmoantorcha', 'nivedaksubramanian', 'henglund', 'bgutierrez', 'liuman961021', 'xiaolei', 'danidrivas98', 'melonlzheng', 'essheh', 'rysw5590', 'kong2020', 'feijoomartina', 'elmanguito', 'martinzapatamartinez', 'aidan.rooney17', 'lucamonduzzi96', 'juancarlosroutrera', 'davidga568', 'roberto.nava', 'cmoadne', 'cytuslll1997', 'agarviespi', 'ero15953', 'mihaipx', 'carlosbesadaromero', 'myez', 'cristinacostas', 'miri23']",3,"['emilioar', 'darkrising', 'elena_lopez']",284,"['wanghb', 'andrea.mendez', 'jbalderasfernandez', 'iagopardo97', 'alejandromo1610', 'sergiogrcsnchz', 'anderson.bi', 'xoangon', 'alyabra.alejandro', 'bulganb28', 'haominl1997', 'prra6646', 'veronica.castro', 'nuriamj', 'mariamfontan', 'jaimedmj', 'sotmas', 'caetano.eirea', 'clara.landesa', 'ludoba2912', 'francisxavgr', 'thackettt', 'amirbadshah224', 'lluisgonzaga96', 'clarachapela10', '2015soham.sawant', 'junwen', 'adec', 'shikhararvind', 'jesslyn', 'sstty7', 'angelaturnes', 'zhs002', 'pablojosecalvo', 'miguel_fernandez', 'xxy0501', 'marniesan', 'arturocastro94', 'leoncc', 'alecorti.pardo', 'mmartinezsanchez', 'e.fisicahamza', 'luisbarrios', 'zhang.jiayu', 'albertortepin', 'martin.gutierrez', 'rubenortega', 'pablo.garcia.bas', 'pablolopezexposito', 'dariogarciaredecillas', 'antonionito1993', 'xoanmayo', 'elviracastillo', 'brunolopez', 'ee5502', 'foojorge', 'gkkk6', 'gmedina', 'gonzalogbb', 'a997154508', 'paula.bolboreta', 'isafdez', 'hewutanyuan', 'hamza32amar', 'alyabra.vargas', 'tergel1999', 'ch2922', 'fabiolajsanlop', 'wang.yaoz', 'hdelatorre3524', 'fernando_ibarra', 'campamarin', 'isaac.dominguez4444', 'chenxi', 'e.jojusalo', 'juanjotromp', 'andreasorroche', 'manucro10', 'pedrogea08', 'hariprasanna', 'plmolina4', 'watashi.legion', 'jinfengleong', 'sohamsawant912', 'zakizhou', 'dang.e', 'aledes', 'soddy1996', 'guojunxiong25', 'shizhan.flood', 'ivan1', 'lianyi96', 'christsun', 'michaelcameronmcdonald', 'blasern', 'dja19951995', 'floren_ff', 'ejg98', 'sebastianvromero', 'albacosta', 'lauragdevesa', 'david.garrido', 'alicia.mosq', 'ottoridemar', 'kennyxsy', 'abdulhaiyum.f', 'bellmanz', 'jiaqi.guoguo', 'facundobonfiglio', 'e.ivanlopgar1997', 'al16do06', 'dyoh5119', 'esteban.figueroa', 'limengyuanli66', 'isaferjim', 'bingshengliu', 'jdanivc', 'cxiuqi1', 'paula.mourino', 'xiaode', 'chwi7664', 'wtq77', 'miaocx714', 'choikj', 'p.suarez97', 'hit.kamble', 'alex_varela_17', 'claudia.puga', 'andrei.luneow01031999', 'songy', 'h_elmenier', 'aloptor', 'simoncarloscartamil', 'lidiadom', 'qwe', 'yzarni89', 'gbatzorig268', 'jerome.alag', 'dalder', 'nuriatellado', 'chenyue', 'alyabra', 'japrz', 'xhan009', 'chema', 'praveens013', 'gonzavt15', '836054323_wj', 'salamghgh20', 'guyu', 'antoinelegare', 'luisgfloreslarrea', 'juanariza', 'victortorressuch', 'laurenp', 'stgermain.b', 'thunaung', 'samuelfl', 'darkrising', 'pmvd95', 'yuxian123', 'akamsali', 'uutty2010', 'policon', 'shihhaotsai', 'uxiavelca', 'pablosande98', 'rayoaki7', 'pablosempredepor97', 'julioug1', 'j.guedegar', 'chenre', 'albertoangulo', 'juanjoseo', 'dariogarred', 'pablocrespo11', 'iagomoscer', 'antonio98y', 'miguelpinocarmona', 'noxis986', 'miguellopezcardenas98', 'exareivaj', 'albertoccz', 'marinabm', 'pablomd', 'e0427406', 'guoxg46', 'comeseetake', 'wangjianed_1992', 'manuel10suarez10', 'ryu.j', 'edgarmtz', 'brendaorea15', '9.genest.gabriel', 'rakki.datta', 'enriquevaliente17', 'clarahernandez05f', 'elena.j.g', 'joannesy', 'mihai.pislaru.fisica', 'chrispvnofficial', 'alsyaari', 'alexsanchezcast', 'savardbastien', 'justinegiroux', 'emilioar', 'tonybocadillosgrandes', 'zewei', 'juansans98', 'austinz', 'ergobe3', 'joeanszxc', 'wmy', 'yingxue58', 'danidm', 'danielfdezcalo', 'berzasnon', 'e.lucasnavarrog', 'lluissanuy', 'anamconrado', 'aliraza2013ee360', 'elena_lopez', 'niravsurajlal', 'zhaoyu960207', 'mari.paucom', 'mordor', 'elmu6301', 'fofi94', 'pedrobeko98', 'isaac.carrillo', 'qumo4329', 'melissa5', 'maurobn98', 'savas', 'martin32', 'sylim1', 'fabiola.santos', 'sergiocalo.barranha', 'elisa.vicenteei', 'ionemanuelmoralesrosales', 'valeriamg', 'anar4331', 'sangkyu.sun', 'zihang', 'mgupta15', 'costasdiego97', 'chenxiwang', 'dulguun_021', 'fran.mosquera.pena', 'ralfli', 'carterkirkendoll', 'iagomillanentenza', 'jameslin', 'emixose', 'jgm2096', 'xxxxiaofan', 'anselmoantorcha', 'nivedaksubramanian', 'henglund', 'bgutierrez', 'liuman961021', 'xiaolei', 'danidrivas98', 'melonlzheng', 'essheh', 'rysw5590', 'kong2020', 'feijoomartina', 'elmanguito', 'martinzapatamartinez', 'aidan.rooney17', 'lucamonduzzi96', 'juancarlosroutrera', 'davidga568', 'roberto.nava', 'cmoadne', 'cytuslll1997', 'agarviespi', 'ero15953', 'mihaipx', 'carlosbesadaromero', 'myez', 'cristinacostas', 'miri23']"
1,33,281,8,5,"['dariogarred', 'ejg98', 'alexsanchezcast', 'julioug1', 'plmolina4']",276,"['wanghb', 'andrea.mendez', 'jbalderasfernandez', 'iagopardo97', 'alejandromo1610', 'sergiogrcsnchz', 'anderson.bi', 'xoangon', 'alyabra.alejandro', 'bulganb28', 'haominl1997', 'prra6646', 'veronica.castro', 'nuriamj', 'mariamfontan', 'jaimedmj', 'sotmas', 'caetano.eirea', 'clara.landesa', 'ludoba2912', 'francisxavgr', 'thackettt', 'amirbadshah224', 'lluisgonzaga96', 'clarachapela10', '2015soham.sawant', 'junwen', 'adec', 'shikhararvind', 'jesslyn', 'sstty7', 'angelaturnes', 'zhs002', 'pablojosecalvo', 'miguel_fernandez', 'xxy0501', 'marniesan', 'arturocastro94', 'leoncc', 'alecorti.pardo', 'mmartinezsanchez', 'e.fisicahamza', 'luisbarrios', 'zhang.jiayu', 'albertortepin', 'martin.gutierrez', 'rubenortega', 'pablo.garcia.bas', 'pablolopezexposito', 'dariogarciaredecillas', 'antonionito1993', 'xoanmayo', 'elviracastillo', 'brunolopez', 'ee5502', 'foojorge', 'gkkk6', 'gmedina', 'gonzalogbb', 'a997154508', 'paula.bolboreta', 'isafdez', 'hewutanyuan', 'hamza32amar', 'alyabra.vargas', 'tergel1999', 'ch2922', 'fabiolajsanlop', 'wang.yaoz', 'hdelatorre3524', 'fernando_ibarra', 'campamarin', 'isaac.dominguez4444', 'chenxi', 'e.jojusalo', 'juanjotromp', 'andreasorroche', 'manucro10', 'pedrogea08', 'hariprasanna', 'watashi.legion', 'jinfengleong', 'sohamsawant912', 'zakizhou', 'dang.e', 'aledes', 'soddy1996', 'guojunxiong25', 'shizhan.flood', 'ivan1', 'lianyi96', 'christsun', 'michaelcameronmcdonald', 'blasern', 'dja19951995', 'floren_ff', 'sebastianvromero', 'albacosta', 'lauragdevesa', 'david.garrido', 'alicia.mosq', 'ottoridemar', 'kennyxsy', 'abdulhaiyum.f', 'bellmanz', 'jiaqi.guoguo', 'facundobonfiglio', 'e.ivanlopgar1997', 'al16do06', 'dyoh5119', 'esteban.figueroa', 'limengyuanli66', 'isaferjim', 'bingshengliu', 'jdanivc', 'cxiuqi1', 'paula.mourino', 'xiaode', 'chwi7664', 'wtq77', 'miaocx714', 'choikj', 'p.suarez97', 'hit.kamble', 'alex_varela_17', 'claudia.puga', 'andrei.luneow01031999', 'songy', 'h_elmenier', 'aloptor', 'simoncarloscartamil', 'lidiadom', 'qwe', 'yzarni89', 'gbatzorig268', 'jerome.alag', 'dalder', 'nuriatellado', 'chenyue', 'alyabra', 'japrz', 'xhan009', 'chema', 'praveens013', 'gonzavt15', '836054323_wj', 'salamghgh20', 'guyu', 'antoinelegare', 'luisgfloreslarrea', 'juanariza', 'victortorressuch', 'laurenp', 'stgermain.b', 'thunaung', 'samuelfl', 'pmvd95', 'yuxian123', 'akamsali', 'uutty2010', 'policon', 'shihhaotsai', 'uxiavelca', 'pablosande98', 'rayoaki7', 'pablosempredepor97', 'j.guedegar', 'chenre', 'albertoangulo', 'juanjoseo', 'pablocrespo11', 'iagomoscer', 'antonio98y', 'miguelpinocarmona', 'noxis986', 'miguellopezcardenas98', 'exareivaj', 'albertoccz', 'marinabm', 'pablomd', 'e0427406', 'guoxg46', 'comeseetake', 'wangjianed_1992', 'manuel10suarez10', 'ryu.j', 'edgarmtz', 'brendaorea15', '9.genest.gabriel', 'rakki.datta', 'enriquevaliente17', 'clarahernandez05f', 'elena.j.g', 'joannesy', 'mihai.pislaru.fisica', 'chrispvnofficial', 'alsyaari', 'savardbastien', 'justinegiroux', 'tonybocadillosgrandes', 'zewei', 'juansans98', 'austinz', 'ergobe3', 'joeanszxc', 'wmy', 'yingxue58', 'danidm', 'danielfdezcalo', 'berzasnon', 'e.lucasnavarrog', 'lluissanuy', 'anamconrado', 'aliraza2013ee360', 'niravsurajlal', 'zhaoyu960207', 'mari.paucom', 'mordor', 'elmu6301', 'fofi94', 'pedrobeko98', 'isaac.carrillo', 'qumo4329', 'melissa5', 'maurobn98', 'savas', 'martin32', 'sylim1', 'fabiola.santos', 'sergiocalo.barranha', 'elisa.vicenteei', 'ionemanuelmoralesrosales', 'valeriamg', 'anar4331', 'sangkyu.sun', 'zihang', 'mgupta15', 'costasdiego97', 'chenxiwang', 'dulguun_021', 'fran.mosquera.pena', 'ralfli', 'carterkirkendoll', 'iagomillanentenza', 'jameslin', 'emixose', 'jgm2096', 'xxxxiaofan', 'anselmoantorcha', 'nivedaksubramanian', 'henglund', 'bgutierrez', 'liuman961021', 'xiaolei', 'danidrivas98', 'melonlzheng', 'essheh', 'rysw5590', 'kong2020', 'feijoomartina', 'elmanguito', 'martinzapatamartinez', 'aidan.rooney17', 'lucamonduzzi96', 'juancarlosroutrera', 'davidga568', 'roberto.nava', 'cmoadne', 'cytuslll1997', 'agarviespi', 'ero15953', 'mihaipx', 'carlosbesadaromero', 'myez', 'cristinacostas', 'miri23']",3,"['emilioar', 'darkrising', 'elena_lopez']",284,"['wanghb', 'andrea.mendez', 'jbalderasfernandez', 'iagopardo97', 'alejandromo1610', 'sergiogrcsnchz', 'anderson.bi', 'xoangon', 'alyabra.alejandro', 'bulganb28', 'haominl1997', 'prra6646', 'veronica.castro', 'nuriamj', 'mariamfontan', 'jaimedmj', 'sotmas', 'caetano.eirea', 'clara.landesa', 'ludoba2912', 'francisxavgr', 'thackettt', 'amirbadshah224', 'lluisgonzaga96', 'clarachapela10', '2015soham.sawant', 'junwen', 'adec', 'shikhararvind', 'jesslyn', 'sstty7', 'angelaturnes', 'zhs002', 'pablojosecalvo', 'miguel_fernandez', 'xxy0501', 'marniesan', 'arturocastro94', 'leoncc', 'alecorti.pardo', 'mmartinezsanchez', 'e.fisicahamza', 'luisbarrios', 'zhang.jiayu', 'albertortepin', 'martin.gutierrez', 'rubenortega', 'pablo.garcia.bas', 'pablolopezexposito', 'dariogarciaredecillas', 'antonionito1993', 'xoanmayo', 'elviracastillo', 'brunolopez', 'ee5502', 'foojorge', 'gkkk6', 'gmedina', 'gonzalogbb', 'a997154508', 'paula.bolboreta', 'isafdez', 'hewutanyuan', 'hamza32amar', 'alyabra.vargas', 'tergel1999', 'ch2922', 'fabiolajsanlop', 'wang.yaoz', 'hdelatorre3524', 'fernando_ibarra', 'campamarin', 'isaac.dominguez4444', 'chenxi', 'e.jojusalo', 'juanjotromp', 'andreasorroche', 'manucro10', 'pedrogea08', 'hariprasanna', 'plmolina4', 'watashi.legion', 'jinfengleong', 'sohamsawant912', 'zakizhou', 'dang.e', 'aledes', 'soddy1996', 'guojunxiong25', 'shizhan.flood', 'ivan1', 'lianyi96', 'christsun', 'michaelcameronmcdonald', 'blasern', 'dja19951995', 'floren_ff', 'ejg98', 'sebastianvromero', 'albacosta', 'lauragdevesa', 'david.garrido', 'alicia.mosq', 'ottoridemar', 'kennyxsy', 'abdulhaiyum.f', 'bellmanz', 'jiaqi.guoguo', 'facundobonfiglio', 'e.ivanlopgar1997', 'al16do06', 'dyoh5119', 'esteban.figueroa', 'limengyuanli66', 'isaferjim', 'bingshengliu', 'jdanivc', 'cxiuqi1', 'paula.mourino', 'xiaode', 'chwi7664', 'wtq77', 'miaocx714', 'choikj', 'p.suarez97', 'hit.kamble', 'alex_varela_17', 'claudia.puga', 'andrei.luneow01031999', 'songy', 'h_elmenier', 'aloptor', 'simoncarloscartamil', 'lidiadom', 'qwe', 'yzarni89', 'gbatzorig268', 'jerome.alag', 'dalder', 'nuriatellado', 'chenyue', 'alyabra', 'japrz', 'xhan009', 'chema', 'praveens013', 'gonzavt15', '836054323_wj', 'salamghgh20', 'guyu', 'antoinelegare', 'luisgfloreslarrea', 'juanariza', 'victortorressuch', 'laurenp', 'stgermain.b', 'thunaung', 'samuelfl', 'darkrising', 'pmvd95', 'yuxian123', 'akamsali', 'uutty2010', 'policon', 'shihhaotsai', 'uxiavelca', 'pablosande98', 'rayoaki7', 'pablosempredepor97', 'julioug1', 'j.guedegar', 'chenre', 'albertoangulo', 'juanjoseo', 'dariogarred', 'pablocrespo11', 'iagomoscer', 'antonio98y', 'miguelpinocarmona', 'noxis986', 'miguellopezcardenas98', 'exareivaj', 'albertoccz', 'marinabm', 'pablomd', 'e0427406', 'guoxg46', 'comeseetake', 'wangjianed_1992', 'manuel10suarez10', 'ryu.j', 'edgarmtz', 'brendaorea15', '9.genest.gabriel', 'rakki.datta', 'enriquevaliente17', 'clarahernandez05f', 'elena.j.g', 'joannesy', 'mihai.pislaru.fisica', 'chrispvnofficial', 'alsyaari', 'alexsanchezcast', 'savardbastien', 'justinegiroux', 'emilioar', 'tonybocadillosgrandes', 'zewei', 'juansans98', 'austinz', 'ergobe3', 'joeanszxc', 'wmy', 'yingxue58', 'danidm', 'danielfdezcalo', 'berzasnon', 'e.lucasnavarrog', 'lluissanuy', 'anamconrado', 'aliraza2013ee360', 'elena_lopez', 'niravsurajlal', 'zhaoyu960207', 'mari.paucom', 'mordor', 'elmu6301', 'fofi94', 'pedrobeko98', 'isaac.carrillo', 'qumo4329', 'melissa5', 'maurobn98', 'savas', 'martin32', 'sylim1', 'fabiola.santos', 'sergiocalo.barranha', 'elisa.vicenteei', 'ionemanuelmoralesrosales', 'valeriamg', 'anar4331', 'sangkyu.sun', 'zihang', 'mgupta15', 'costasdiego97', 'chenxiwang', 'dulguun_021', 'fran.mosquera.pena', 'ralfli', 'carterkirkendoll', 'iagomillanentenza', 'jameslin', 'emixose', 'jgm2096', 'xxxxiaofan', 'anselmoantorcha', 'nivedaksubramanian', 'henglund', 'bgutierrez', 'liuman961021', 'xiaolei', 'danidrivas98', 'melonlzheng', 'essheh', 'rysw5590', 'kong2020', 'feijoomartina', 'elmanguito', 'martinzapatamartinez', 'aidan.rooney17', 'lucamonduzzi96', 'juancarlosroutrera', 'davidga568', 'roberto.nava', 'cmoadne', 'cytuslll1997', 'agarviespi', 'ero15953', 'mihaipx', 'carlosbesadaromero', 'myez', 'cristinacostas', 'miri23']"
1,188,281,8,5,"['xoanmayo', 'martinzapatamartinez', 'pablosande98', 'danidrivas98', 'arturocastro94']",276,"['wanghb', 'andrea.mendez', 'jbalderasfernandez', 'iagopardo97', 'alejandromo1610', 'sergiogrcsnchz', 'anderson.bi', 'xoangon', 'alyabra.alejandro', 'bulganb28', 'haominl1997', 'prra6646', 'veronica.castro', 'nuriamj', 'mariamfontan', 'jaimedmj', 'sotmas', 'caetano.eirea', 'clara.landesa', 'ludoba2912', 'francisxavgr', 'thackettt', 'amirbadshah224', 'lluisgonzaga96', 'clarachapela10', '2015soham.sawant', 'junwen', 'adec', 'shikhararvind', 'jesslyn', 'sstty7', 'angelaturnes', 'zhs002', 'pablojosecalvo', 'miguel_fernandez', 'xxy0501', 'marniesan', 'leoncc', 'alecorti.pardo', 'mmartinezsanchez', 'e.fisicahamza', 'luisbarrios', 'zhang.jiayu', 'albertortepin', 'martin.gutierrez', 'rubenortega', 'pablo.garcia.bas', 'pablolopezexposito', 'dariogarciaredecillas', 'antonionito1993', 'elviracastillo', 'brunolopez', 'ee5502', 'foojorge', 'gkkk6', 'gmedina', 'gonzalogbb', 'a997154508', 'paula.bolboreta', 'isafdez', 'hewutanyuan', 'hamza32amar', 'alyabra.vargas', 'tergel1999', 'ch2922', 'fabiolajsanlop', 'wang.yaoz', 'hdelatorre3524', 'fernando_ibarra', 'campamarin', 'isaac.dominguez4444', 'chenxi', 'e.jojusalo', 'juanjotromp', 'andreasorroche', 'manucro10', 'pedrogea08', 'hariprasanna', 'plmolina4', 'watashi.legion', 'jinfengleong', 'sohamsawant912', 'zakizhou', 'dang.e', 'aledes', 'soddy1996', 'guojunxiong25', 'shizhan.flood', 'ivan1', 'lianyi96', 'christsun', 'michaelcameronmcdonald', 'blasern', 'dja19951995', 'floren_ff', 'ejg98', 'sebastianvromero', 'albacosta', 'lauragdevesa', 'david.garrido', 'alicia.mosq', 'ottoridemar', 'kennyxsy', 'abdulhaiyum.f', 'bellmanz', 'jiaqi.guoguo', 'facundobonfiglio', 'e.ivanlopgar1997', 'al16do06', 'dyoh5119', 'esteban.figueroa', 'limengyuanli66', 'isaferjim', 'bingshengliu', 'jdanivc', 'cxiuqi1', 'paula.mourino', 'xiaode', 'chwi7664', 'wtq77', 'miaocx714', 'choikj', 'p.suarez97', 'hit.kamble', 'alex_varela_17', 'claudia.puga', 'andrei.luneow01031999', 'songy', 'h_elmenier', 'aloptor', 'simoncarloscartamil', 'lidiadom', 'qwe', 'yzarni89', 'gbatzorig268', 'jerome.alag', 'dalder', 'nuriatellado', 'chenyue', 'alyabra', 'japrz', 'xhan009', 'chema', 'praveens013', 'gonzavt15', '836054323_wj', 'salamghgh20', 'guyu', 'antoinelegare', 'luisgfloreslarrea', 'juanariza', 'victortorressuch', 'laurenp', 'stgermain.b', 'thunaung', 'samuelfl', 'pmvd95', 'yuxian123', 'akamsali', 'uutty2010', 'policon', 'shihhaotsai', 'uxiavelca', 'rayoaki7', 'pablosempredepor97', 'julioug1', 'j.guedegar', 'chenre', 'albertoangulo', 'juanjoseo', 'dariogarred', 'pablocrespo11', 'iagomoscer', 'antonio98y', 'miguelpinocarmona', 'noxis986', 'miguellopezcardenas98', 'exareivaj', 'albertoccz', 'marinabm', 'pablomd', 'e0427406', 'guoxg46', 'comeseetake', 'wangjianed_1992', 'manuel10suarez10', 'ryu.j', 'edgarmtz', 'brendaorea15', '9.genest.gabriel', 'rakki.datta', 'enriquevaliente17', 'clarahernandez05f', 'elena.j.g', 'joannesy', 'mihai.pislaru.fisica', 'chrispvnofficial', 'alsyaari', 'alexsanchezcast', 'savardbastien', 'justinegiroux', 'tonybocadillosgrandes', 'zewei', 'juansans98', 'austinz', 'ergobe3', 'joeanszxc', 'wmy', 'yingxue58', 'danidm', 'danielfdezcalo', 'berzasnon', 'e.lucasnavarrog', 'lluissanuy', 'anamconrado', 'aliraza2013ee360', 'niravsurajlal', 'zhaoyu960207', 'mari.paucom', 'mordor', 'elmu6301', 'fofi94', 'pedrobeko98', 'isaac.carrillo', 'qumo4329', 'melissa5', 'maurobn98', 'savas', 'martin32', 'sylim1', 'fabiola.santos', 'sergiocalo.barranha', 'elisa.vicenteei', 'ionemanuelmoralesrosales', 'valeriamg', 'anar4331', 'sangkyu.sun', 'zihang', 'mgupta15', 'costasdiego97', 'chenxiwang', 'dulguun_021', 'fran.mosquera.pena', 'ralfli', 'carterkirkendoll', 'iagomillanentenza', 'jameslin', 'emixose', 'jgm2096', 'xxxxiaofan', 'anselmoantorcha', 'nivedaksubramanian', 'henglund', 'bgutierrez', 'liuman961021', 'xiaolei', 'melonlzheng', 'essheh', 'rysw5590', 'kong2020', 'feijoomartina', 'elmanguito', 'aidan.rooney17', 'lucamonduzzi96', 'juancarlosroutrera', 'davidga568', 'roberto.nava', 'cmoadne', 'cytuslll1997', 'agarviespi', 'ero15953', 'mihaipx', 'carlosbesadaromero', 'myez', 'cristinacostas', 'miri23']",3,"['martinperezmaneiro', 'xoel98', 'daviland97']",284,"['wanghb', 'andrea.mendez', 'jbalderasfernandez', 'iagopardo97', 'alejandromo1610', 'sergiogrcsnchz', 'anderson.bi', 'xoangon', 'alyabra.alejandro', 'bulganb28', 'haominl1997', 'prra6646', 'veronica.castro', 'nuriamj', 'mariamfontan', 'jaimedmj', 'sotmas', 'caetano.eirea', 'clara.landesa', 'ludoba2912', 'francisxavgr', 'thackettt', 'amirbadshah224', 'lluisgonzaga96', 'clarachapela10', '2015soham.sawant', 'junwen', 'adec', 'shikhararvind', 'jesslyn', 'sstty7', 'angelaturnes', 'zhs002', 'pablojosecalvo', 'martinperezmaneiro', 'miguel_fernandez', 'xxy0501', 'marniesan', 'arturocastro94', 'leoncc', 'alecorti.pardo', 'mmartinezsanchez', 'e.fisicahamza', 'luisbarrios', 'zhang.jiayu', 'albertortepin', 'martin.gutierrez', 'rubenortega', 'pablo.garcia.bas', 'pablolopezexposito', 'dariogarciaredecillas', 'antonionito1993', 'xoanmayo', 'elviracastillo', 'brunolopez', 'ee5502', 'foojorge', 'gkkk6', 'gmedina', 'gonzalogbb', 'a997154508', 'paula.bolboreta', 'isafdez', 'hewutanyuan', 'hamza32amar', 'alyabra.vargas', 'tergel1999', 'ch2922', 'fabiolajsanlop', 'wang.yaoz', 'hdelatorre3524', 'fernando_ibarra', 'campamarin', 'isaac.dominguez4444', 'chenxi', 'e.jojusalo', 'juanjotromp', 'andreasorroche', 'manucro10', 'pedrogea08', 'hariprasanna', 'plmolina4', 'watashi.legion', 'jinfengleong', 'sohamsawant912', 'zakizhou', 'dang.e', 'aledes', 'soddy1996', 'guojunxiong25', 'shizhan.flood', 'ivan1', 'lianyi96', 'christsun', 'michaelcameronmcdonald', 'blasern', 'dja19951995', 'floren_ff', 'ejg98', 'sebastianvromero', 'albacosta', 'lauragdevesa', 'david.garrido', 'alicia.mosq', 'ottoridemar', 'kennyxsy', 'abdulhaiyum.f', 'bellmanz', 'jiaqi.guoguo', 'facundobonfiglio', 'e.ivanlopgar1997', 'al16do06', 'dyoh5119', 'esteban.figueroa', 'limengyuanli66', 'isaferjim', 'bingshengliu', 'jdanivc', 'cxiuqi1', 'paula.mourino', 'xiaode', 'chwi7664', 'wtq77', 'miaocx714', 'choikj', 'p.suarez97', 'hit.kamble', 'alex_varela_17', 'claudia.puga', 'andrei.luneow01031999', 'songy', 'h_elmenier', 'aloptor', 'simoncarloscartamil', 'lidiadom', 'qwe', 'yzarni89', 'gbatzorig268', 'jerome.alag', 'dalder', 'nuriatellado', 'chenyue', 'alyabra', 'japrz', 'xhan009', 'chema', 'praveens013', 'gonzavt15', '836054323_wj', 'salamghgh20', 'guyu', 'antoinelegare', 'luisgfloreslarrea', 'juanariza', 'victortorressuch', 'laurenp', 'stgermain.b', 'thunaung', 'samuelfl', 'pmvd95', 'yuxian123', 'akamsali', 'uutty2010', 'policon', 'shihhaotsai', 'uxiavelca', 'pablosande98', 'rayoaki7', 'pablosempredepor97', 'julioug1', 'j.guedegar', 'chenre', 'albertoangulo', 'xoel98', 'juanjoseo', 'dariogarred', 'pablocrespo11', 'iagomoscer', 'antonio98y', 'miguelpinocarmona', 'noxis986', 'miguellopezcardenas98', 'exareivaj', 'albertoccz', 'marinabm', 'pablomd', 'e0427406', 'guoxg46', 'comeseetake', 'wangjianed_1992', 'manuel10suarez10', 'ryu.j', 'edgarmtz', 'brendaorea15', '9.genest.gabriel', 'rakki.datta', 'enriquevaliente17', 'clarahernandez05f', 'elena.j.g', 'joannesy', 'mihai.pislaru.fisica', 'chrispvnofficial', 'alsyaari', 'alexsanchezcast', 'savardbastien', 'justinegiroux', 'tonybocadillosgrandes', 'zewei', 'juansans98', 'austinz', 'ergobe3', 'joeanszxc', 'wmy', 'yingxue58', 'danidm', 'danielfdezcalo', 'berzasnon', 'e.lucasnavarrog', 'daviland97', 'lluissanuy', 'anamconrado', 'aliraza2013ee360', 'niravsurajlal', 'zhaoyu960207', 'mari.paucom', 'mordor', 'elmu6301', 'fofi94', 'pedrobeko98', 'isaac.carrillo', 'qumo4329', 'melissa5', 'maurobn98', 'savas', 'martin32', 'sylim1', 'fabiola.santos', 'sergiocalo.barranha', 'elisa.vicenteei', 'ionemanuelmoralesrosales', 'valeriamg', 'anar4331', 'sangkyu.sun', 'zihang', 'mgupta15', 'costasdiego97', 'chenxiwang', 'dulguun_021', 'fran.mosquera.pena', 'ralfli', 'carterkirkendoll', 'iagomillanentenza', 'jameslin', 'emixose', 'jgm2096', 'xxxxiaofan', 'anselmoantorcha', 'nivedaksubramanian', 'henglund', 'bgutierrez', 'liuman961021', 'xiaolei', 'danidrivas98', 'melonlzheng', 'essheh', 'rysw5590', 'kong2020', 'feijoomartina', 'elmanguito', 'martinzapatamartinez', 'aidan.rooney17', 'lucamonduzzi96', 'juancarlosroutrera', 'davidga568', 'roberto.nava', 'cmoadne', 'cytuslll1997', 'agarviespi', 'ero15953', 'mihaipx', 'carlosbesadaromero', 'myez', 'cristinacostas', 'miri23']"
1,207,281,8,6,"['nuriamj', 'sebastianvromero', 'iagomillanentenza', 'xoangon', 'juansans98', 'angelaturnes']",275,"['wanghb', 'andrea.mendez', 'jbalderasfernandez', 'iagopardo97', 'alejandromo1610', 'sergiogrcsnchz', 'anderson.bi', 'alyabra.alejandro', 'bulganb28', 'haominl1997', 'prra6646', 'veronica.castro', 'mariamfontan', 'jaimedmj', 'sotmas', 'caetano.eirea', 'clara.landesa', 'ludoba2912', 'francisxavgr', 'thackettt', 'amirbadshah224', 'lluisgonzaga96', 'clarachapela10', '2015soham.sawant', 'junwen', 'adec', 'shikhararvind', 'jesslyn', 'sstty7', 'zhs002', 'pablojosecalvo', 'miguel_fernandez', 'xxy0501', 'marniesan', 'arturocastro94', 'leoncc', 'alecorti.pardo', 'mmartinezsanchez', 'e.fisicahamza', 'luisbarrios', 'zhang.jiayu', 'albertortepin', 'martin.gutierrez', 'rubenortega', 'pablo.garcia.bas', 'pablolopezexposito', 'dariogarciaredecillas', 'antonionito1993', 'xoanmayo', 'elviracastillo', 'brunolopez', 'ee5502', 'foojorge', 'gkkk6', 'gmedina', 'gonzalogbb', 'a997154508', 'paula.bolboreta', 'isafdez', 'hewutanyuan', 'hamza32amar', 'alyabra.vargas', 'tergel1999', 'ch2922', 'fabiolajsanlop', 'wang.yaoz', 'hdelatorre3524', 'fernando_ibarra', 'campamarin', 'isaac.dominguez4444', 'chenxi', 'e.jojusalo', 'juanjotromp', 'andreasorroche', 'manucro10', 'pedrogea08', 'hariprasanna', 'plmolina4', 'watashi.legion', 'jinfengleong', 'sohamsawant912', 'zakizhou', 'dang.e', 'aledes', 'soddy1996', 'guojunxiong25', 'shizhan.flood', 'ivan1', 'lianyi96', 'christsun', 'michaelcameronmcdonald', 'blasern', 'dja19951995', 'floren_ff', 'ejg98', 'albacosta', 'lauragdevesa', 'david.garrido', 'alicia.mosq', 'ottoridemar', 'kennyxsy', 'abdulhaiyum.f', 'bellmanz', 'jiaqi.guoguo', 'facundobonfiglio', 'e.ivanlopgar1997', 'al16do06', 'dyoh5119', 'esteban.figueroa', 'limengyuanli66', 'isaferjim', 'bingshengliu', 'jdanivc', 'cxiuqi1', 'paula.mourino', 'xiaode', 'chwi7664', 'wtq77', 'miaocx714', 'choikj', 'p.suarez97', 'hit.kamble', 'alex_varela_17', 'claudia.puga', 'andrei.luneow01031999', 'songy', 'h_elmenier', 'aloptor', 'simoncarloscartamil', 'lidiadom', 'qwe', 'yzarni89', 'gbatzorig268', 'jerome.alag', 'dalder', 'nuriatellado', 'chenyue', 'alyabra', 'japrz', 'xhan009', 'chema', 'praveens013', 'gonzavt15', '836054323_wj', 'salamghgh20', 'guyu', 'antoinelegare', 'luisgfloreslarrea', 'juanariza', 'victortorressuch', 'laurenp', 'stgermain.b', 'thunaung', 'samuelfl', 'pmvd95', 'yuxian123', 'akamsali', 'uutty2010', 'policon', 'shihhaotsai', 'uxiavelca', 'pablosande98', 'rayoaki7', 'pablosempredepor97', 'julioug1', 'j.guedegar', 'chenre', 'albertoangulo', 'juanjoseo', 'dariogarred', 'pablocrespo11', 'iagomoscer', 'antonio98y', 'miguelpinocarmona', 'noxis986', 'miguellopezcardenas98', 'exareivaj', 'albertoccz', 'marinabm', 'pablomd', 'e0427406', 'guoxg46', 'comeseetake', 'wangjianed_1992', 'manuel10suarez10', 'ryu.j', 'edgarmtz', 'brendaorea15', '9.genest.gabriel', 'rakki.datta', 'enriquevaliente17', 'clarahernandez05f', 'elena.j.g', 'joannesy', 'mihai.pislaru.fisica', 'chrispvnofficial', 'alsyaari', 'alexsanchezcast', 'savardbastien', 'justinegiroux', 'tonybocadillosgrandes', 'zewei', 'austinz', 'ergobe3', 'joeanszxc', 'wmy', 'yingxue58', 'danidm', 'danielfdezcalo', 'berzasnon', 'e.lucasnavarrog', 'lluissanuy', 'anamconrado', 'aliraza2013ee360', 'niravsurajlal', 'zhaoyu960207', 'mari.paucom', 'mordor', 'elmu6301', 'fofi94', 'pedrobeko98', 'isaac.carrillo', 'qumo4329', 'melissa5', 'maurobn98', 'savas', 'martin32', 'sylim1', 'fabiola.santos', 'sergiocalo.barranha', 'elisa.vicenteei', 'ionemanuelmoralesrosales', 'valeriamg', 'anar4331', 'sangkyu.sun', 'zihang', 'mgupta15', 'costasdiego97', 'chenxiwang', 'dulguun_021', 'fran.mosquera.pena', 'ralfli', 'carterkirkendoll', 'jameslin', 'emixose', 'jgm2096', 'xxxxiaofan', 'anselmoantorcha', 'nivedaksubramanian', 'henglund', 'bgutierrez', 'liuman961021', 'xiaolei', 'danidrivas98', 'melonlzheng', 'essheh', 'rysw5590', 'kong2020', 'feijoomartina', 'elmanguito', 'martinzapatamartinez', 'aidan.rooney17', 'lucamonduzzi96', 'juancarlosroutrera', 'davidga568', 'roberto.nava', 'cmoadne', 'cytuslll1997', 'agarviespi', 'ero15953', 'mihaipx', 'carlosbesadaromero', 'myez', 'cristinacostas', 'miri23']",2,"['danielcondetorres', 'mauro_sg']",283,"['wanghb', 'andrea.mendez', 'jbalderasfernandez', 'iagopardo97', 'alejandromo1610', 'sergiogrcsnchz', 'anderson.bi', 'xoangon', 'alyabra.alejandro', 'danielcondetorres', 'bulganb28', 'haominl1997', 'prra6646', 'veronica.castro', 'nuriamj', 'mariamfontan', 'jaimedmj', 'sotmas', 'caetano.eirea', 'clara.landesa', 'ludoba2912', 'francisxavgr', 'thackettt', 'amirbadshah224', 'lluisgonzaga96', 'clarachapela10', '2015soham.sawant', 'junwen', 'adec', 'shikhararvind', 'jesslyn', 'sstty7', 'angelaturnes', 'zhs002', 'pablojosecalvo', 'miguel_fernandez', 'xxy0501', 'marniesan', 'arturocastro94', 'leoncc', 'alecorti.pardo', 'mmartinezsanchez', 'e.fisicahamza', 'luisbarrios', 'zhang.jiayu', 'albertortepin', 'martin.gutierrez', 'rubenortega', 'pablo.garcia.bas', 'pablolopezexposito', 'dariogarciaredecillas', 'antonionito1993', 'xoanmayo', 'elviracastillo', 'brunolopez', 'ee5502', 'foojorge', 'gkkk6', 'gmedina', 'gonzalogbb', 'a997154508', 'paula.bolboreta', 'isafdez', 'hewutanyuan', 'hamza32amar', 'alyabra.vargas', 'tergel1999', 'ch2922', 'fabiolajsanlop', 'wang.yaoz', 'hdelatorre3524', 'fernando_ibarra', 'campamarin', 'isaac.dominguez4444', 'chenxi', 'e.jojusalo', 'juanjotromp', 'andreasorroche', 'manucro10', 'pedrogea08', 'hariprasanna', 'plmolina4', 'watashi.legion', 'jinfengleong', 'sohamsawant912', 'zakizhou', 'dang.e', 'aledes', 'soddy1996', 'guojunxiong25', 'shizhan.flood', 'ivan1', 'lianyi96', 'christsun', 'michaelcameronmcdonald', 'blasern', 'dja19951995', 'floren_ff', 'ejg98', 'sebastianvromero', 'albacosta', 'lauragdevesa', 'david.garrido', 'alicia.mosq', 'ottoridemar', 'kennyxsy', 'abdulhaiyum.f', 'bellmanz', 'jiaqi.guoguo', 'facundobonfiglio', 'e.ivanlopgar1997', 'al16do06', 'dyoh5119', 'esteban.figueroa', 'limengyuanli66', 'isaferjim', 'bingshengliu', 'jdanivc', 'cxiuqi1', 'paula.mourino', 'xiaode', 'chwi7664', 'wtq77', 'miaocx714', 'choikj', 'p.suarez97', 'hit.kamble', 'alex_varela_17', 'claudia.puga', 'andrei.luneow01031999', 'songy', 'h_elmenier', 'aloptor', 'simoncarloscartamil', 'lidiadom', 'qwe', 'yzarni89', 'gbatzorig268', 'jerome.alag', 'dalder', 'nuriatellado', 'mauro_sg', 'chenyue', 'alyabra', 'japrz', 'xhan009', 'chema', 'praveens013', 'gonzavt15', '836054323_wj', 'salamghgh20', 'guyu', 'antoinelegare', 'luisgfloreslarrea', 'juanariza', 'victortorressuch', 'laurenp', 'stgermain.b', 'thunaung', 'samuelfl', 'pmvd95', 'yuxian123', 'akamsali', 'uutty2010', 'policon', 'shihhaotsai', 'uxiavelca', 'pablosande98', 'rayoaki7', 'pablosempredepor97', 'julioug1', 'j.guedegar', 'chenre', 'albertoangulo', 'juanjoseo', 'dariogarred', 'pablocrespo11', 'iagomoscer', 'antonio98y', 'miguelpinocarmona', 'noxis986', 'miguellopezcardenas98', 'exareivaj', 'albertoccz', 'marinabm', 'pablomd', 'e0427406', 'guoxg46', 'comeseetake', 'wangjianed_1992', 'manuel10suarez10', 'ryu.j', 'edgarmtz', 'brendaorea15', '9.genest.gabriel', 'rakki.datta', 'enriquevaliente17', 'clarahernandez05f', 'elena.j.g', 'joannesy', 'mihai.pislaru.fisica', 'chrispvnofficial', 'alsyaari', 'alexsanchezcast', 'savardbastien', 'justinegiroux', 'tonybocadillosgrandes', 'zewei', 'juansans98', 'austinz', 'ergobe3', 'joeanszxc', 'wmy', 'yingxue58', 'danidm', 'danielfdezcalo', 'berzasnon', 'e.lucasnavarrog', 'lluissanuy', 'anamconrado', 'aliraza2013ee360', 'niravsurajlal', 'zhaoyu960207', 'mari.paucom', 'mordor', 'elmu6301', 'fofi94', 'pedrobeko98', 'isaac.carrillo', 'qumo4329', 'melissa5', 'maurobn98', 'savas', 'martin32', 'sylim1', 'fabiola.santos', 'sergiocalo.barranha', 'elisa.vicenteei', 'ionemanuelmoralesrosales', 'valeriamg', 'anar4331', 'sangkyu.sun', 'zihang', 'mgupta15', 'costasdiego97', 'chenxiwang', 'dulguun_021', 'fran.mosquera.pena', 'ralfli', 'carterkirkendoll', 'iagomillanentenza', 'jameslin', 'emixose', 'jgm2096', 'xxxxiaofan', 'anselmoantorcha', 'nivedaksubramanian', 'henglund', 'bgutierrez', 'liuman961021', 'xiaolei', 'danidrivas98', 'melonlzheng', 'essheh', 'rysw5590', 'kong2020', 'feijoomartina', 'elmanguito', 'martinzapatamartinez', 'aidan.rooney17', 'lucamonduzzi96', 'juancarlosroutrera', 'davidga568', 'roberto.nava', 'cmoadne', 'cytuslll1997', 'agarviespi', 'ero15953', 'mihaipx', 'carlosbesadaromero', 'myez', 'cristinacostas', 'miri23']"
1,7,281,7,2,"['watashi.legion', 'gbatzorig268']",279,"['wanghb', 'andrea.mendez', 'jbalderasfernandez', 'iagopardo97', 'alejandromo1610', 'sergiogrcsnchz', 'anderson.bi', 'xoangon', 'alyabra.alejandro', 'bulganb28', 'haominl1997', 'prra6646', 'veronica.castro', 'nuriamj', 'mariamfontan', 'jaimedmj', 'sotmas', 'caetano.eirea', 'clara.landesa', 'ludoba2912', 'francisxavgr', 'thackettt', 'amirbadshah224', 'lluisgonzaga96', 'clarachapela10', '2015soham.sawant', 'junwen', 'adec', 'shikhararvind', 'jesslyn', 'sstty7', 'angelaturnes', 'zhs002', 'pablojosecalvo', 'miguel_fernandez', 'xxy0501', 'marniesan', 'arturocastro94', 'leoncc', 'alecorti.pardo', 'mmartinezsanchez', 'e.fisicahamza', 'luisbarrios', 'zhang.jiayu', 'albertortepin', 'martin.gutierrez', 'rubenortega', 'pablo.garcia.bas', 'pablolopezexposito', 'dariogarciaredecillas', 'antonionito1993', 'xoanmayo', 'elviracastillo', 'brunolopez', 'ee5502', 'foojorge', 'gkkk6', 'gmedina', 'gonzalogbb', 'a997154508', 'paula.bolboreta', 'isafdez', 'hewutanyuan', 'hamza32amar', 'alyabra.vargas', 'tergel1999', 'ch2922', 'fabiolajsanlop', 'wang.yaoz', 'hdelatorre3524', 'fernando_ibarra', 'campamarin', 'isaac.dominguez4444', 'chenxi', 'e.jojusalo', 'juanjotromp', 'andreasorroche', 'manucro10', 'pedrogea08', 'hariprasanna', 'plmolina4', 'jinfengleong', 'sohamsawant912', 'zakizhou', 'dang.e', 'aledes', 'soddy1996', 'guojunxiong25', 'shizhan.flood', 'ivan1', 'lianyi96', 'christsun', 'michaelcameronmcdonald', 'blasern', 'dja19951995', 'floren_ff', 'ejg98', 'sebastianvromero', 'albacosta', 'lauragdevesa', 'david.garrido', 'alicia.mosq', 'ottoridemar', 'kennyxsy', 'abdulhaiyum.f', 'bellmanz', 'jiaqi.guoguo', 'facundobonfiglio', 'e.ivanlopgar1997', 'al16do06', 'dyoh5119', 'esteban.figueroa', 'limengyuanli66', 'isaferjim', 'bingshengliu', 'jdanivc', 'cxiuqi1', 'paula.mourino', 'xiaode', 'chwi7664', 'wtq77', 'miaocx714', 'choikj', 'p.suarez97', 'hit.kamble', 'alex_varela_17', 'claudia.puga', 'andrei.luneow01031999', 'songy', 'h_elmenier', 'aloptor', 'simoncarloscartamil', 'lidiadom', 'qwe', 'yzarni89', 'jerome.alag', 'dalder', 'nuriatellado', 'chenyue', 'alyabra', 'japrz', 'xhan009', 'chema', 'praveens013', 'gonzavt15', '836054323_wj', 'salamghgh20', 'guyu', 'antoinelegare', 'luisgfloreslarrea', 'juanariza', 'victortorressuch', 'laurenp', 'stgermain.b', 'thunaung', 'samuelfl', 'pmvd95', 'yuxian123', 'akamsali', 'uutty2010', 'policon', 'shihhaotsai', 'uxiavelca', 'pablosande98', 'rayoaki7', 'pablosempredepor97', 'julioug1', 'j.guedegar', 'chenre', 'albertoangulo', 'juanjoseo', 'dariogarred', 'pablocrespo11', 'iagomoscer', 'antonio98y', 'miguelpinocarmona', 'noxis986', 'miguellopezcardenas98', 'exareivaj', 'albertoccz', 'marinabm', 'pablomd', 'e0427406', 'guoxg46', 'comeseetake', 'wangjianed_1992', 'manuel10suarez10', 'ryu.j', 'edgarmtz', 'brendaorea15', '9.genest.gabriel', 'rakki.datta', 'enriquevaliente17', 'clarahernandez05f', 'elena.j.g', 'joannesy', 'mihai.pislaru.fisica', 'chrispvnofficial', 'alsyaari', 'alexsanchezcast', 'savardbastien', 'justinegiroux', 'tonybocadillosgrandes', 'zewei', 'juansans98', 'austinz', 'ergobe3', 'joeanszxc', 'wmy', 'yingxue58', 'danidm', 'danielfdezcalo', 'berzasnon', 'e.lucasnavarrog', 'lluissanuy', 'anamconrado', 'aliraza2013ee360', 'niravsurajlal', 'zhaoyu960207', 'mari.paucom', 'mordor', 'elmu6301', 'fofi94', 'pedrobeko98', 'isaac.carrillo', 'qumo4329', 'melissa5', 'maurobn98', 'savas', 'martin32', 'sylim1', 'fabiola.santos', 'sergiocalo.barranha', 'elisa.vicenteei', 'ionemanuelmoralesrosales', 'valeriamg', 'anar4331', 'sangkyu.sun', 'zihang', 'mgupta15', 'costasdiego97', 'chenxiwang', 'dulguun_021', 'fran.mosquera.pena', 'ralfli', 'carterkirkendoll', 'iagomillanentenza', 'jameslin', 'emixose', 'jgm2096', 'xxxxiaofan', 'anselmoantorcha', 'nivedaksubramanian', 'henglund', 'bgutierrez', 'liuman961021', 'xiaolei', 'danidrivas98', 'melonlzheng', 'essheh', 'rysw5590', 'kong2020', 'feijoomartina', 'elmanguito', 'martinzapatamartinez', 'aidan.rooney17', 'lucamonduzzi96', 'juancarlosroutrera', 'davidga568', 'roberto.nava', 'cmoadne', 'cytuslll1997', 'agarviespi', 'ero15953', 'mihaipx', 'carlosbesadaromero', 'myez', 'cristinacostas', 'miri23']",5,"['atilyacez', 'delegbayanmunkh9', 'ochirhuyag', 'tsogooanurad', 'max1028d']",286,"['wanghb', 'andrea.mendez', 'jbalderasfernandez', 'iagopardo97', 'alejandromo1610', 'sergiogrcsnchz', 'anderson.bi', 'xoangon', 'alyabra.alejandro', 'bulganb28', 'haominl1997', 'prra6646', 'veronica.castro', 'nuriamj', 'mariamfontan', 'jaimedmj', 'sotmas', 'caetano.eirea', 'clara.landesa', 'ludoba2912', 'francisxavgr', 'thackettt', 'amirbadshah224', 'lluisgonzaga96', 'clarachapela10', '2015soham.sawant', 'junwen', 'adec', 'delegbayanmunkh9', 'shikhararvind', 'jesslyn', 'sstty7', 'angelaturnes', 'zhs002', 'pablojosecalvo', 'miguel_fernandez', 'xxy0501', 'marniesan', 'arturocastro94', 'leoncc', 'alecorti.pardo', 'mmartinezsanchez', 'e.fisicahamza', 'luisbarrios', 'zhang.jiayu', 'albertortepin', 'martin.gutierrez', 'rubenortega', 'pablo.garcia.bas', 'pablolopezexposito', 'dariogarciaredecillas', 'antonionito1993', 'xoanmayo', 'elviracastillo', 'brunolopez', 'ee5502', 'foojorge', 'gkkk6', 'gmedina', 'gonzalogbb', 'a997154508', 'paula.bolboreta', 'isafdez', 'hewutanyuan', 'hamza32amar', 'alyabra.vargas', 'tergel1999', 'ch2922', 'fabiolajsanlop', 'wang.yaoz', 'hdelatorre3524', 'tsogooanurad', 'fernando_ibarra', 'campamarin', 'isaac.dominguez4444', 'chenxi', 'e.jojusalo', 'juanjotromp', 'andreasorroche', 'manucro10', 'pedrogea08', 'hariprasanna', 'plmolina4', 'watashi.legion', 'jinfengleong', 'sohamsawant912', 'zakizhou', 'dang.e', 'aledes', 'soddy1996', 'guojunxiong25', 'shizhan.flood', 'ivan1', 'lianyi96', 'christsun', 'michaelcameronmcdonald', 'blasern', 'dja19951995', 'floren_ff', 'ejg98', 'sebastianvromero', 'albacosta', 'lauragdevesa', 'david.garrido', 'alicia.mosq', 'ottoridemar', 'kennyxsy', 'abdulhaiyum.f', 'bellmanz', 'jiaqi.guoguo', 'facundobonfiglio', 'e.ivanlopgar1997', 'al16do06', 'dyoh5119', 'esteban.figueroa', 'limengyuanli66', 'isaferjim', 'bingshengliu', 'jdanivc', 'cxiuqi1', 'paula.mourino', 'xiaode', 'chwi7664', 'wtq77', 'miaocx714', 'choikj', 'p.suarez97', 'hit.kamble', 'alex_varela_17', 'claudia.puga', 'andrei.luneow01031999', 'songy', 'h_elmenier', 'aloptor', 'simoncarloscartamil', 'lidiadom', 'qwe', 'yzarni89', 'gbatzorig268', 'jerome.alag', 'dalder', 'nuriatellado', 'chenyue', 'alyabra', 'japrz', 'xhan009', 'chema', 'praveens013', 'max1028d', 'gonzavt15', '836054323_wj', 'salamghgh20', 'guyu', 'antoinelegare', 'luisgfloreslarrea', 'juanariza', 'victortorressuch', 'laurenp', 'stgermain.b', 'thunaung', 'samuelfl', 'pmvd95', 'yuxian123', 'akamsali', 'uutty2010', 'policon', 'shihhaotsai', 'uxiavelca', 'pablosande98', 'rayoaki7', 'pablosempredepor97', 'julioug1', 'j.guedegar', 'chenre', 'albertoangulo', 'juanjoseo', 'dariogarred', 'pablocrespo11', 'iagomoscer', 'antonio98y', 'miguelpinocarmona', 'noxis986', 'miguellopezcardenas98', 'exareivaj', 'albertoccz', 'marinabm', 'pablomd', 'e0427406', 'guoxg46', 'comeseetake', 'wangjianed_1992', 'manuel10suarez10', 'ryu.j', 'edgarmtz', 'brendaorea15', '9.genest.gabriel', 'rakki.datta', 'enriquevaliente17', 'clarahernandez05f', 'elena.j.g', 'joannesy', 'mihai.pislaru.fisica', 'chrispvnofficial', 'alsyaari', 'alexsanchezcast', 'savardbastien', 'justinegiroux', 'tonybocadillosgrandes', 'zewei', 'ochirhuyag', 'juansans98', 'atilyacez', 'austinz', 'ergobe3', 'joeanszxc', 'wmy', 'yingxue58', 'danidm', 'danielfdezcalo', 'berzasnon', 'e.lucasnavarrog', 'lluissanuy', 'anamconrado', 'aliraza2013ee360', 'niravsurajlal', 'zhaoyu960207', 'mari.paucom', 'mordor', 'elmu6301', 'fofi94', 'pedrobeko98', 'isaac.carrillo', 'qumo4329', 'melissa5', 'maurobn98', 'savas', 'martin32', 'sylim1', 'fabiola.santos', 'sergiocalo.barranha', 'elisa.vicenteei', 'ionemanuelmoralesrosales', 'valeriamg', 'anar4331', 'sangkyu.sun', 'zihang', 'mgupta15', 'costasdiego97', 'chenxiwang', 'dulguun_021', 'fran.mosquera.pena', 'ralfli', 'carterkirkendoll', 'iagomillanentenza', 'jameslin', 'emixose', 'jgm2096', 'xxxxiaofan', 'anselmoantorcha', 'nivedaksubramanian', 'henglund', 'bgutierrez', 'liuman961021', 'xiaolei', 'danidrivas98', 'melonlzheng', 'essheh', 'rysw5590', 'kong2020', 'feijoomartina', 'elmanguito', 'martinzapatamartinez', 'aidan.rooney17', 'lucamonduzzi96', 'juancarlosroutrera', 'davidga568', 'roberto.nava', 'cmoadne', 'cytuslll1997', 'agarviespi', 'ero15953', 'mihaipx', 'carlosbesadaromero', 'myez', 'cristinacostas', 'miri23']"
1,10,281,7,2,"['rubenortega', 'isaferjim']",279,"['wanghb', 'andrea.mendez', 'jbalderasfernandez', 'iagopardo97', 'alejandromo1610', 'sergiogrcsnchz', 'anderson.bi', 'xoangon', 'alyabra.alejandro', 'bulganb28', 'haominl1997', 'prra6646', 'veronica.castro', 'nuriamj', 'mariamfontan', 'jaimedmj', 'sotmas', 'caetano.eirea', 'clara.landesa', 'ludoba2912', 'francisxavgr', 'thackettt', 'amirbadshah224', 'lluisgonzaga96', 'clarachapela10', '2015soham.sawant', 'junwen', 'adec', 'shikhararvind', 'jesslyn', 'sstty7', 'angelaturnes', 'zhs002', 'pablojosecalvo', 'miguel_fernandez', 'xxy0501', 'marniesan', 'arturocastro94', 'leoncc', 'alecorti.pardo', 'mmartinezsanchez', 'e.fisicahamza', 'luisbarrios', 'zhang.jiayu', 'albertortepin', 'martin.gutierrez', 'pablo.garcia.bas', 'pablolopezexposito', 'dariogarciaredecillas', 'antonionito1993', 'xoanmayo', 'elviracastillo', 'brunolopez', 'ee5502', 'foojorge', 'gkkk6', 'gmedina', 'gonzalogbb', 'a997154508', 'paula.bolboreta', 'isafdez', 'hewutanyuan', 'hamza32amar', 'alyabra.vargas', 'tergel1999', 'ch2922', 'fabiolajsanlop', 'wang.yaoz', 'hdelatorre3524', 'fernando_ibarra', 'campamarin', 'isaac.dominguez4444', 'chenxi', 'e.jojusalo', 'juanjotromp', 'andreasorroche', 'manucro10', 'pedrogea08', 'hariprasanna', 'plmolina4', 'watashi.legion', 'jinfengleong', 'sohamsawant912', 'zakizhou', 'dang.e', 'aledes', 'soddy1996', 'guojunxiong25', 'shizhan.flood', 'ivan1', 'lianyi96', 'christsun', 'michaelcameronmcdonald', 'blasern', 'dja19951995', 'floren_ff', 'ejg98', 'sebastianvromero', 'albacosta', 'lauragdevesa', 'david.garrido', 'alicia.mosq', 'ottoridemar', 'kennyxsy', 'abdulhaiyum.f', 'bellmanz', 'jiaqi.guoguo', 'facundobonfiglio', 'e.ivanlopgar1997', 'al16do06', 'dyoh5119', 'esteban.figueroa', 'limengyuanli66', 'bingshengliu', 'jdanivc', 'cxiuqi1', 'paula.mourino', 'xiaode', 'chwi7664', 'wtq77', 'miaocx714', 'choikj', 'p.suarez97', 'hit.kamble', 'alex_varela_17', 'claudia.puga', 'andrei.luneow01031999', 'songy', 'h_elmenier', 'aloptor', 'simoncarloscartamil', 'lidiadom', 'qwe', 'yzarni89', 'gbatzorig268', 'jerome.alag', 'dalder', 'nuriatellado', 'chenyue', 'alyabra', 'japrz', 'xhan009', 'chema', 'praveens013', 'gonzavt15', '836054323_wj', 'salamghgh20', 'guyu', 'antoinelegare', 'luisgfloreslarrea', 'juanariza', 'victortorressuch', 'laurenp', 'stgermain.b', 'thunaung', 'samuelfl', 'pmvd95', 'yuxian123', 'akamsali', 'uutty2010', 'policon', 'shihhaotsai', 'uxiavelca', 'pablosande98', 'rayoaki7', 'pablosempredepor97', 'julioug1', 'j.guedegar', 'chenre', 'albertoangulo', 'juanjoseo', 'dariogarred', 'pablocrespo11', 'iagomoscer', 'antonio98y', 'miguelpinocarmona', 'noxis986', 'miguellopezcardenas98', 'exareivaj', 'albertoccz', 'marinabm', 'pablomd', 'e0427406', 'guoxg46', 'comeseetake', 'wangjianed_1992', 'manuel10suarez10', 'ryu.j', 'edgarmtz', 'brendaorea15', '9.genest.gabriel', 'rakki.datta', 'enriquevaliente17', 'clarahernandez05f', 'elena.j.g', 'joannesy', 'mihai.pislaru.fisica', 'chrispvnofficial', 'alsyaari', 'alexsanchezcast', 'savardbastien', 'justinegiroux', 'tonybocadillosgrandes', 'zewei', 'juansans98', 'austinz', 'ergobe3', 'joeanszxc', 'wmy', 'yingxue58', 'danidm', 'danielfdezcalo', 'berzasnon', 'e.lucasnavarrog', 'lluissanuy', 'anamconrado', 'aliraza2013ee360', 'niravsurajlal', 'zhaoyu960207', 'mari.paucom', 'mordor', 'elmu6301', 'fofi94', 'pedrobeko98', 'isaac.carrillo', 'qumo4329', 'melissa5', 'maurobn98', 'savas', 'martin32', 'sylim1', 'fabiola.santos', 'sergiocalo.barranha', 'elisa.vicenteei', 'ionemanuelmoralesrosales', 'valeriamg', 'anar4331', 'sangkyu.sun', 'zihang', 'mgupta15', 'costasdiego97', 'chenxiwang', 'dulguun_021', 'fran.mosquera.pena', 'ralfli', 'carterkirkendoll', 'iagomillanentenza', 'jameslin', 'emixose', 'jgm2096', 'xxxxiaofan', 'anselmoantorcha', 'nivedaksubramanian', 'henglund', 'bgutierrez', 'liuman961021', 'xiaolei', 'danidrivas98', 'melonlzheng', 'essheh', 'rysw5590', 'kong2020', 'feijoomartina', 'elmanguito', 'martinzapatamartinez', 'aidan.rooney17', 'lucamonduzzi96', 'juancarlosroutrera', 'davidga568', 'roberto.nava', 'cmoadne', 'cytuslll1997', 'agarviespi', 'ero15953', 'mihaipx', 'carlosbesadaromero', 'myez', 'cristinacostas', 'miri23']",5,"['antonio25', 'dique', 'selena', 'daviland97', 'fmgomez']",286,"['wanghb', 'andrea.mendez', 'jbalderasfernandez', 'iagopardo97', 'alejandromo1610', 'sergiogrcsnchz', 'anderson.bi', 'xoangon', 'alyabra.alejandro', 'bulganb28', 'haominl1997', 'prra6646', 'veronica.castro', 'nuriamj', 'mariamfontan', 'jaimedmj', 'sotmas', 'caetano.eirea', 'clara.landesa', 'ludoba2912', 'francisxavgr', 'thackettt', 'amirbadshah224', 'lluisgonzaga96', 'clarachapela10', '2015soham.sawant', 'junwen', 'adec', 'shikhararvind', 'jesslyn', 'sstty7', 'angelaturnes', 'zhs002', 'pablojosecalvo', 'miguel_fernandez', 'xxy0501', 'marniesan', 'arturocastro94', 'leoncc', 'alecorti.pardo', 'mmartinezsanchez', 'e.fisicahamza', 'luisbarrios', 'zhang.jiayu', 'albertortepin', 'martin.gutierrez', 'rubenortega', 'pablo.garcia.bas', 'pablolopezexposito', 'dariogarciaredecillas', 'antonionito1993', 'xoanmayo', 'elviracastillo', 'brunolopez', 'ee5502', 'foojorge', 'gkkk6', 'gmedina', 'gonzalogbb', 'a997154508', 'paula.bolboreta', 'isafdez', 'hewutanyuan', 'hamza32amar', 'alyabra.vargas', 'tergel1999', 'ch2922', 'fabiolajsanlop', 'wang.yaoz', 'hdelatorre3524', 'fernando_ibarra', 'campamarin', 'isaac.dominguez4444', 'chenxi', 'e.jojusalo', 'juanjotromp', 'andreasorroche', 'manucro10', 'pedrogea08', 'hariprasanna', 'plmolina4', 'watashi.legion', 'jinfengleong', 'sohamsawant912', 'zakizhou', 'dang.e', 'aledes', 'soddy1996', 'guojunxiong25', 'shizhan.flood', 'ivan1', 'lianyi96', 'christsun', 'michaelcameronmcdonald', 'blasern', 'dja19951995', 'floren_ff', 'ejg98', 'sebastianvromero', 'albacosta', 'lauragdevesa', 'david.garrido', 'alicia.mosq', 'ottoridemar', 'kennyxsy', 'abdulhaiyum.f', 'bellmanz', 'jiaqi.guoguo', 'facundobonfiglio', 'e.ivanlopgar1997', 'al16do06', 'dyoh5119', 'esteban.figueroa', 'limengyuanli66', 'isaferjim', 'bingshengliu', 'jdanivc', 'cxiuqi1', 'paula.mourino', 'xiaode', 'chwi7664', 'wtq77', 'miaocx714', 'choikj', 'p.suarez97', 'hit.kamble', 'alex_varela_17', 'claudia.puga', 'andrei.luneow01031999', 'songy', 'h_elmenier', 'aloptor', 'simoncarloscartamil', 'lidiadom', 'qwe', 'yzarni89', 'gbatzorig268', 'jerome.alag', 'dalder', 'nuriatellado', 'chenyue', 'alyabra', 'japrz', 'xhan009', 'antonio25', 'chema', 'praveens013', 'gonzavt15', '836054323_wj', 'salamghgh20', 'guyu', 'antoinelegare', 'luisgfloreslarrea', 'juanariza', 'selena', 'victortorressuch', 'laurenp', 'stgermain.b', 'thunaung', 'samuelfl', 'pmvd95', 'yuxian123', 'akamsali', 'uutty2010', 'policon', 'shihhaotsai', 'uxiavelca', 'pablosande98', 'rayoaki7', 'pablosempredepor97', 'julioug1', 'j.guedegar', 'chenre', 'albertoangulo', 'fmgomez', 'juanjoseo', 'dariogarred', 'pablocrespo11', 'iagomoscer', 'antonio98y', 'miguelpinocarmona', 'noxis986', 'miguellopezcardenas98', 'exareivaj', 'albertoccz', 'marinabm', 'pablomd', 'e0427406', 'guoxg46', 'comeseetake', 'wangjianed_1992', 'manuel10suarez10', 'ryu.j', 'edgarmtz', 'brendaorea15', '9.genest.gabriel', 'rakki.datta', 'enriquevaliente17', 'clarahernandez05f', 'elena.j.g', 'joannesy', 'mihai.pislaru.fisica', 'chrispvnofficial', 'alsyaari', 'alexsanchezcast', 'savardbastien', 'justinegiroux', 'tonybocadillosgrandes', 'zewei', 'juansans98', 'austinz', 'ergobe3', 'joeanszxc', 'wmy', 'yingxue58', 'danidm', 'danielfdezcalo', 'berzasnon', 'e.lucasnavarrog', 'daviland97', 'lluissanuy', 'anamconrado', 'aliraza2013ee360', 'niravsurajlal', 'zhaoyu960207', 'mari.paucom', 'mordor', 'elmu6301', 'fofi94', 'pedrobeko98', 'isaac.carrillo', 'qumo4329', 'melissa5', 'maurobn98', 'savas', 'martin32', 'sylim1', 'fabiola.santos', 'sergiocalo.barranha', 'elisa.vicenteei', 'ionemanuelmoralesrosales', 'valeriamg', 'anar4331', 'sangkyu.sun', 'zihang', 'mgupta15', 'costasdiego97', 'chenxiwang', 'dulguun_021', 'fran.mosquera.pena', 'ralfli', 'carterkirkendoll', 'iagomillanentenza', 'jameslin', 'emixose', 'jgm2096', 'xxxxiaofan', 'anselmoantorcha', 'nivedaksubramanian', 'henglund', 'bgutierrez', 'liuman961021', 'xiaolei', 'danidrivas98', 'melonlzheng', 'essheh', 'rysw5590', 'kong2020', 'feijoomartina', 'elmanguito', 'martinzapatamartinez', 'aidan.rooney17', 'lucamonduzzi96', 'juancarlosroutrera', 'davidga568', 'roberto.nava', 'cmoadne', 'cytuslll1997', 'agarviespi', 'ero15953', 'mihaipx', 'carlosbesadaromero', 'myez', 'dique', 'cristinacostas', 'miri23']"
1,13,281,7,5,"['dariogarred', 'marinabm', 'julioug1', 'elena.j.g', 'miguellopezcardenas98']",276,"['wanghb', 'andrea.mendez', 'jbalderasfernandez', 'iagopardo97', 'alejandromo1610', 'sergiogrcsnchz', 'anderson.bi', 'xoangon', 'alyabra.alejandro', 'bulganb28', 'haominl1997', 'prra6646', 'veronica.castro', 'nuriamj', 'mariamfontan', 'jaimedmj', 'sotmas', 'caetano.eirea', 'clara.landesa', 'ludoba2912', 'francisxavgr', 'thackettt', 'amirbadshah224', 'lluisgonzaga96', 'clarachapela10', '2015soham.sawant', 'junwen', 'adec', 'shikhararvind', 'jesslyn', 'sstty7', 'angelaturnes', 'zhs002', 'pablojosecalvo', 'miguel_fernandez', 'xxy0501', 'marniesan', 'arturocastro94', 'leoncc', 'alecorti.pardo', 'mmartinezsanchez', 'e.fisicahamza', 'luisbarrios', 'zhang.jiayu', 'albertortepin', 'martin.gutierrez', 'rubenortega', 'pablo.garcia.bas', 'pablolopezexposito', 'dariogarciaredecillas', 'antonionito1993', 'xoanmayo', 'elviracastillo', 'brunolopez', 'ee5502', 'foojorge', 'gkkk6', 'gmedina', 'gonzalogbb', 'a997154508', 'paula.bolboreta', 'isafdez', 'hewutanyuan', 'hamza32amar', 'alyabra.vargas', 'tergel1999', 'ch2922', 'fabiolajsanlop', 'wang.yaoz', 'hdelatorre3524', 'fernando_ibarra', 'campamarin', 'isaac.dominguez4444', 'chenxi', 'e.jojusalo', 'juanjotromp', 'andreasorroche', 'manucro10', 'pedrogea08', 'hariprasanna', 'plmolina4', 'watashi.legion', 'jinfengleong', 'sohamsawant912', 'zakizhou', 'dang.e', 'aledes', 'soddy1996', 'guojunxiong25', 'shizhan.flood', 'ivan1', 'lianyi96', 'christsun', 'michaelcameronmcdonald', 'blasern', 'dja19951995', 'floren_ff', 'ejg98', 'sebastianvromero', 'albacosta', 'lauragdevesa', 'david.garrido', 'alicia.mosq', 'ottoridemar', 'kennyxsy', 'abdulhaiyum.f', 'bellmanz', 'jiaqi.guoguo', 'facundobonfiglio', 'e.ivanlopgar1997', 'al16do06', 'dyoh5119', 'esteban.figueroa', 'limengyuanli66', 'isaferjim', 'bingshengliu', 'jdanivc', 'cxiuqi1', 'paula.mourino', 'xiaode', 'chwi7664', 'wtq77', 'miaocx714', 'choikj', 'p.suarez97', 'hit.kamble', 'alex_varela_17', 'claudia.puga', 'andrei.luneow01031999', 'songy', 'h_elmenier', 'aloptor', 'simoncarloscartamil', 'lidiadom', 'qwe', 'yzarni89', 'gbatzorig268', 'jerome.alag', 'dalder', 'nuriatellado', 'chenyue', 'alyabra', 'japrz', 'xhan009', 'chema', 'praveens013', 'gonzavt15', '836054323_wj', 'salamghgh20', 'guyu', 'antoinelegare', 'luisgfloreslarrea', 'juanariza', 'victortorressuch', 'laurenp', 'stgermain.b', 'thunaung', 'samuelfl', 'pmvd95', 'yuxian123', 'akamsali', 'uutty2010', 'policon', 'shihhaotsai', 'uxiavelca', 'pablosande98', 'rayoaki7', 'pablosempredepor97', 'j.guedegar', 'chenre', 'albertoangulo', 'juanjoseo', 'pablocrespo11', 'iagomoscer', 'antonio98y', 'miguelpinocarmona', 'noxis986', 'exareivaj', 'albertoccz', 'pablomd', 'e0427406', 'guoxg46', 'comeseetake', 'wangjianed_1992', 'manuel10suarez10', 'ryu.j', 'edgarmtz', 'brendaorea15', '9.genest.gabriel', 'rakki.datta', 'enriquevaliente17', 'clarahernandez05f', 'joannesy', 'mihai.pislaru.fisica', 'chrispvnofficial', 'alsyaari', 'alexsanchezcast', 'savardbastien', 'justinegiroux', 'tonybocadillosgrandes', 'zewei', 'juansans98', 'austinz', 'ergobe3', 'joeanszxc', 'wmy', 'yingxue58', 'danidm', 'danielfdezcalo', 'berzasnon', 'e.lucasnavarrog', 'lluissanuy', 'anamconrado', 'aliraza2013ee360', 'niravsurajlal', 'zhaoyu960207', 'mari.paucom', 'mordor', 'elmu6301', 'fofi94', 'pedrobeko98', 'isaac.carrillo', 'qumo4329', 'melissa5', 'maurobn98', 'savas', 'martin32', 'sylim1', 'fabiola.santos', 'sergiocalo.barranha', 'elisa.vicenteei', 'ionemanuelmoralesrosales', 'valeriamg', 'anar4331', 'sangkyu.sun', 'zihang', 'mgupta15', 'costasdiego97', 'chenxiwang', 'dulguun_021', 'fran.mosquera.pena', 'ralfli', 'carterkirkendoll', 'iagomillanentenza', 'jameslin', 'emixose', 'jgm2096', 'xxxxiaofan', 'anselmoantorcha', 'nivedaksubramanian', 'henglund', 'bgutierrez', 'liuman961021', 'xiaolei', 'danidrivas98', 'melonlzheng', 'essheh', 'rysw5590', 'kong2020', 'feijoomartina', 'elmanguito', 'martinzapatamartinez', 'aidan.rooney17', 'lucamonduzzi96', 'juancarlosroutrera', 'davidga568', 'roberto.nava', 'cmoadne', 'cytuslll1997', 'agarviespi', 'ero15953', 'mihaipx', 'carlosbesadaromero', 'myez', 'cristinacostas', 'miri23']",2,"['emilioar', 'elena_lopez']",283,"['wanghb', 'andrea.mendez', 'jbalderasfernandez', 'iagopardo97', 'alejandromo1610', 'sergiogrcsnchz', 'anderson.bi', 'xoangon', 'alyabra.alejandro', 'bulganb28', 'haominl1997', 'prra6646', 'veronica.castro', 'nuriamj', 'mariamfontan', 'jaimedmj', 'sotmas', 'caetano.eirea', 'clara.landesa', 'ludoba2912', 'francisxavgr', 'thackettt', 'amirbadshah224', 'lluisgonzaga96', 'clarachapela10', '2015soham.sawant', 'junwen', 'adec', 'shikhararvind', 'jesslyn', 'sstty7', 'angelaturnes', 'zhs002', 'pablojosecalvo', 'miguel_fernandez', 'xxy0501', 'marniesan', 'arturocastro94', 'leoncc', 'alecorti.pardo', 'mmartinezsanchez', 'e.fisicahamza', 'luisbarrios', 'zhang.jiayu', 'albertortepin', 'martin.gutierrez', 'rubenortega', 'pablo.garcia.bas', 'pablolopezexposito', 'dariogarciaredecillas', 'antonionito1993', 'xoanmayo', 'elviracastillo', 'brunolopez', 'ee5502', 'foojorge', 'gkkk6', 'gmedina', 'gonzalogbb', 'a997154508', 'paula.bolboreta', 'isafdez', 'hewutanyuan', 'hamza32amar', 'alyabra.vargas', 'tergel1999', 'ch2922', 'fabiolajsanlop', 'wang.yaoz', 'hdelatorre3524', 'fernando_ibarra', 'campamarin', 'isaac.dominguez4444', 'chenxi', 'e.jojusalo', 'juanjotromp', 'andreasorroche', 'manucro10', 'pedrogea08', 'hariprasanna', 'plmolina4', 'watashi.legion', 'jinfengleong', 'sohamsawant912', 'zakizhou', 'dang.e', 'aledes', 'soddy1996', 'guojunxiong25', 'shizhan.flood', 'ivan1', 'lianyi96', 'christsun', 'michaelcameronmcdonald', 'blasern', 'dja19951995', 'floren_ff', 'ejg98', 'sebastianvromero', 'albacosta', 'lauragdevesa', 'david.garrido', 'alicia.mosq', 'ottoridemar', 'kennyxsy', 'abdulhaiyum.f', 'bellmanz', 'jiaqi.guoguo', 'facundobonfiglio', 'e.ivanlopgar1997', 'al16do06', 'dyoh5119', 'esteban.figueroa', 'limengyuanli66', 'isaferjim', 'bingshengliu', 'jdanivc', 'cxiuqi1', 'paula.mourino', 'xiaode', 'chwi7664', 'wtq77', 'miaocx714', 'choikj', 'p.suarez97', 'hit.kamble', 'alex_varela_17', 'claudia.puga', 'andrei.luneow01031999', 'songy', 'h_elmenier', 'aloptor', 'simoncarloscartamil', 'lidiadom', 'qwe', 'yzarni89', 'gbatzorig268', 'jerome.alag', 'dalder', 'nuriatellado', 'chenyue', 'alyabra', 'japrz', 'xhan009', 'chema', 'praveens013', 'gonzavt15', '836054323_wj', 'salamghgh20', 'guyu', 'antoinelegare', 'luisgfloreslarrea', 'juanariza', 'victortorressuch', 'laurenp', 'stgermain.b', 'thunaung', 'samuelfl', 'pmvd95', 'yuxian123', 'akamsali', 'uutty2010', 'policon', 'shihhaotsai', 'uxiavelca', 'pablosande98', 'rayoaki7', 'pablosempredepor97', 'julioug1', 'j.guedegar', 'chenre', 'albertoangulo', 'juanjoseo', 'dariogarred', 'pablocrespo11', 'iagomoscer', 'antonio98y', 'miguelpinocarmona', 'noxis986', 'miguellopezcardenas98', 'exareivaj', 'albertoccz', 'marinabm', 'pablomd', 'e0427406', 'guoxg46', 'comeseetake', 'wangjianed_1992', 'manuel10suarez10', 'ryu.j', 'edgarmtz', 'brendaorea15', '9.genest.gabriel', 'rakki.datta', 'enriquevaliente17', 'clarahernandez05f', 'elena.j.g', 'joannesy', 'mihai.pislaru.fisica', 'chrispvnofficial', 'alsyaari', 'alexsanchezcast', 'savardbastien', 'justinegiroux', 'emilioar', 'tonybocadillosgrandes', 'zewei', 'juansans98', 'austinz', 'ergobe3', 'joeanszxc', 'wmy', 'yingxue58', 'danidm', 'danielfdezcalo', 'berzasnon', 'e.lucasnavarrog', 'lluissanuy', 'anamconrado', 'aliraza2013ee360', 'elena_lopez', 'niravsurajlal', 'zhaoyu960207', 'mari.paucom', 'mordor', 'elmu6301', 'fofi94', 'pedrobeko98', 'isaac.carrillo', 'qumo4329', 'melissa5', 'maurobn98', 'savas', 'martin32', 'sylim1', 'fabiola.santos', 'sergiocalo.barranha', 'elisa.vicenteei', 'ionemanuelmoralesrosales', 'valeriamg', 'anar4331', 'sangkyu.sun', 'zihang', 'mgupta15', 'costasdiego97', 'chenxiwang', 'dulguun_021', 'fran.mosquera.pena', 'ralfli', 'carterkirkendoll', 'iagomillanentenza', 'jameslin', 'emixose', 'jgm2096', 'xxxxiaofan', 'anselmoantorcha', 'nivedaksubramanian', 'henglund', 'bgutierrez', 'liuman961021', 'xiaolei', 'danidrivas98', 'melonlzheng', 'essheh', 'rysw5590', 'kong2020', 'feijoomartina', 'elmanguito', 'martinzapatamartinez', 'aidan.rooney17', 'lucamonduzzi96', 'juancarlosroutrera', 'davidga568', 'roberto.nava', 'cmoadne', 'cytuslll1997', 'agarviespi', 'ero15953', 'mihaipx', 'carlosbesadaromero', 'myez', 'cristinacostas', 'miri23']"
1,208,281,7,5,"['martinzapatamartinez', 'albacosta', 'danidrivas98', 'arturocastro94', 'nuriatellado']",276,"['wanghb', 'andrea.mendez', 'jbalderasfernandez', 'iagopardo97', 'alejandromo1610', 'sergiogrcsnchz', 'anderson.bi', 'xoangon', 'alyabra.alejandro', 'bulganb28', 'haominl1997', 'prra6646', 'veronica.castro', 'nuriamj', 'mariamfontan', 'jaimedmj', 'sotmas', 'caetano.eirea', 'clara.landesa', 'ludoba2912', 'francisxavgr', 'thackettt', 'amirbadshah224', 'lluisgonzaga96', 'clarachapela10', '2015soham.sawant', 'junwen', 'adec', 'shikhararvind', 'jesslyn', 'sstty7', 'angelaturnes', 'zhs002', 'pablojosecalvo', 'miguel_fernandez', 'xxy0501', 'marniesan', 'leoncc', 'alecorti.pardo', 'mmartinezsanchez', 'e.fisicahamza', 'luisbarrios', 'zhang.jiayu', 'albertortepin', 'martin.gutierrez', 'rubenortega', 'pablo.garcia.bas', 'pablolopezexposito', 'dariogarciaredecillas', 'antonionito1993', 'xoanmayo', 'elviracastillo', 'brunolopez', 'ee5502', 'foojorge', 'gkkk6', 'gmedina', 'gonzalogbb', 'a997154508', 'paula.bolboreta', 'isafdez', 'hewutanyuan', 'hamza32amar', 'alyabra.vargas', 'tergel1999', 'ch2922', 'fabiolajsanlop', 'wang.yaoz', 'hdelatorre3524', 'fernando_ibarra', 'campamarin', 'isaac.dominguez4444', 'chenxi', 'e.jojusalo', 'juanjotromp', 'andreasorroche', 'manucro10', 'pedrogea08', 'hariprasanna', 'plmolina4', 'watashi.legion', 'jinfengleong', 'sohamsawant912', 'zakizhou', 'dang.e', 'aledes', 'soddy1996', 'guojunxiong25', 'shizhan.flood', 'ivan1', 'lianyi96', 'christsun', 'michaelcameronmcdonald', 'blasern', 'dja19951995', 'floren_ff', 'ejg98', 'sebastianvromero', 'lauragdevesa', 'david.garrido', 'alicia.mosq', 'ottoridemar', 'kennyxsy', 'abdulhaiyum.f', 'bellmanz', 'jiaqi.guoguo', 'facundobonfiglio', 'e.ivanlopgar1997', 'al16do06', 'dyoh5119', 'esteban.figueroa', 'limengyuanli66', 'isaferjim', 'bingshengliu', 'jdanivc', 'cxiuqi1', 'paula.mourino', 'xiaode', 'chwi7664', 'wtq77', 'miaocx714', 'choikj', 'p.suarez97', 'hit.kamble', 'alex_varela_17', 'claudia.puga', 'andrei.luneow01031999', 'songy', 'h_elmenier', 'aloptor', 'simoncarloscartamil', 'lidiadom', 'qwe', 'yzarni89', 'gbatzorig268', 'jerome.alag', 'dalder', 'chenyue', 'alyabra', 'japrz', 'xhan009', 'chema', 'praveens013', 'gonzavt15', '836054323_wj', 'salamghgh20', 'guyu', 'antoinelegare', 'luisgfloreslarrea', 'juanariza', 'victortorressuch', 'laurenp', 'stgermain.b', 'thunaung', 'samuelfl', 'pmvd95', 'yuxian123', 'akamsali', 'uutty2010', 'policon', 'shihhaotsai', 'uxiavelca', 'pablosande98', 'rayoaki7', 'pablosempredepor97', 'julioug1', 'j.guedegar', 'chenre', 'albertoangulo', 'juanjoseo', 'dariogarred', 'pablocrespo11', 'iagomoscer', 'antonio98y', 'miguelpinocarmona', 'noxis986', 'miguellopezcardenas98', 'exareivaj', 'albertoccz', 'marinabm', 'pablomd', 'e0427406', 'guoxg46', 'comeseetake', 'wangjianed_1992', 'manuel10suarez10', 'ryu.j', 'edgarmtz', 'brendaorea15', '9.genest.gabriel', 'rakki.datta', 'enriquevaliente17', 'clarahernandez05f', 'elena.j.g', 'joannesy', 'mihai.pislaru.fisica', 'chrispvnofficial', 'alsyaari', 'alexsanchezcast', 'savardbastien', 'justinegiroux', 'tonybocadillosgrandes', 'zewei', 'juansans98', 'austinz', 'ergobe3', 'joeanszxc', 'wmy', 'yingxue58', 'danidm', 'danielfdezcalo', 'berzasnon', 'e.lucasnavarrog', 'lluissanuy', 'anamconrado', 'aliraza2013ee360', 'niravsurajlal', 'zhaoyu960207', 'mari.paucom', 'mordor', 'elmu6301', 'fofi94', 'pedrobeko98', 'isaac.carrillo', 'qumo4329', 'melissa5', 'maurobn98', 'savas', 'martin32', 'sylim1', 'fabiola.santos', 'sergiocalo.barranha', 'elisa.vicenteei', 'ionemanuelmoralesrosales', 'valeriamg', 'anar4331', 'sangkyu.sun', 'zihang', 'mgupta15', 'costasdiego97', 'chenxiwang', 'dulguun_021', 'fran.mosquera.pena', 'ralfli', 'carterkirkendoll', 'iagomillanentenza', 'jameslin', 'emixose', 'jgm2096', 'xxxxiaofan', 'anselmoantorcha', 'nivedaksubramanian', 'henglund', 'bgutierrez', 'liuman961021', 'xiaolei', 'melonlzheng', 'essheh', 'rysw5590', 'kong2020', 'feijoomartina', 'elmanguito', 'aidan.rooney17', 'lucamonduzzi96', 'juancarlosroutrera', 'davidga568', 'roberto.nava', 'cmoadne', 'cytuslll1997', 'agarviespi', 'ero15953', 'mihaipx', 'carlosbesadaromero', 'myez', 'cristinacostas', 'miri23']",2,"['martinperezmaneiro', 'pedrotouris']",283,"['wanghb', 'andrea.mendez', 'jbalderasfernandez', 'iagopardo97', 'alejandromo1610', 'sergiogrcsnchz', 'anderson.bi', 'xoangon', 'alyabra.alejandro', 'bulganb28', 'haominl1997', 'prra6646', 'veronica.castro', 'nuriamj', 'mariamfontan', 'jaimedmj', 'sotmas', 'caetano.eirea', 'clara.landesa', 'ludoba2912', 'francisxavgr', 'thackettt', 'amirbadshah224', 'lluisgonzaga96', 'clarachapela10', '2015soham.sawant', 'junwen', 'adec', 'shikhararvind', 'jesslyn', 'sstty7', 'angelaturnes', 'zhs002', 'pablojosecalvo', 'martinperezmaneiro', 'miguel_fernandez', 'xxy0501', 'marniesan', 'arturocastro94', 'leoncc', 'alecorti.pardo', 'mmartinezsanchez', 'e.fisicahamza', 'luisbarrios', 'zhang.jiayu', 'albertortepin', 'martin.gutierrez', 'rubenortega', 'pablo.garcia.bas', 'pablolopezexposito', 'dariogarciaredecillas', 'antonionito1993', 'xoanmayo', 'elviracastillo', 'brunolopez', 'ee5502', 'foojorge', 'gkkk6', 'gmedina', 'gonzalogbb', 'a997154508', 'paula.bolboreta', 'isafdez', 'hewutanyuan', 'hamza32amar', 'alyabra.vargas', 'tergel1999', 'ch2922', 'fabiolajsanlop', 'wang.yaoz', 'hdelatorre3524', 'fernando_ibarra', 'campamarin', 'isaac.dominguez4444', 'chenxi', 'e.jojusalo', 'juanjotromp', 'andreasorroche', 'manucro10', 'pedrogea08', 'hariprasanna', 'plmolina4', 'watashi.legion', 'jinfengleong', 'sohamsawant912', 'zakizhou', 'dang.e', 'aledes', 'soddy1996', 'guojunxiong25', 'shizhan.flood', 'ivan1', 'lianyi96', 'christsun', 'michaelcameronmcdonald', 'blasern', 'dja19951995', 'floren_ff', 'ejg98', 'sebastianvromero', 'albacosta', 'lauragdevesa', 'david.garrido', 'alicia.mosq', 'ottoridemar', 'kennyxsy', 'abdulhaiyum.f', 'bellmanz', 'jiaqi.guoguo', 'facundobonfiglio', 'e.ivanlopgar1997', 'al16do06', 'dyoh5119', 'esteban.figueroa', 'limengyuanli66', 'isaferjim', 'bingshengliu', 'jdanivc', 'cxiuqi1', 'paula.mourino', 'xiaode', 'chwi7664', 'wtq77', 'miaocx714', 'choikj', 'p.suarez97', 'hit.kamble', 'alex_varela_17', 'claudia.puga', 'andrei.luneow01031999', 'songy', 'h_elmenier', 'aloptor', 'simoncarloscartamil', 'lidiadom', 'qwe', 'yzarni89', 'gbatzorig268', 'jerome.alag', 'dalder', 'nuriatellado', 'chenyue', 'alyabra', 'japrz', 'xhan009', 'chema', 'praveens013', 'gonzavt15', '836054323_wj', 'salamghgh20', 'guyu', 'antoinelegare', 'luisgfloreslarrea', 'juanariza', 'victortorressuch', 'laurenp', 'stgermain.b', 'thunaung', 'samuelfl', 'pmvd95', 'yuxian123', 'akamsali', 'uutty2010', 'policon', 'shihhaotsai', 'uxiavelca', 'pablosande98', 'rayoaki7', 'pablosempredepor97', 'julioug1', 'j.guedegar', 'chenre', 'albertoangulo', 'juanjoseo', 'dariogarred', 'pablocrespo11', 'iagomoscer', 'antonio98y', 'miguelpinocarmona', 'noxis986', 'miguellopezcardenas98', 'exareivaj', 'albertoccz', 'marinabm', 'pablomd', 'e0427406', 'guoxg46', 'comeseetake', 'wangjianed_1992', 'manuel10suarez10', 'ryu.j', 'edgarmtz', 'brendaorea15', '9.genest.gabriel', 'rakki.datta', 'enriquevaliente17', 'clarahernandez05f', 'elena.j.g', 'joannesy', 'mihai.pislaru.fisica', 'chrispvnofficial', 'alsyaari', 'alexsanchezcast', 'savardbastien', 'justinegiroux', 'tonybocadillosgrandes', 'zewei', 'juansans98', 'austinz', 'ergobe3', 'joeanszxc', 'wmy', 'yingxue58', 'danidm', 'danielfdezcalo', 'berzasnon', 'e.lucasnavarrog', 'lluissanuy', 'anamconrado', 'aliraza2013ee360', 'niravsurajlal', 'zhaoyu960207', 'mari.paucom', 'mordor', 'elmu6301', 'fofi94', 'pedrobeko98', 'isaac.carrillo', 'qumo4329', 'melissa5', 'maurobn98', 'savas', 'martin32', 'sylim1', 'fabiola.santos', 'sergiocalo.barranha', 'elisa.vicenteei', 'ionemanuelmoralesrosales', 'valeriamg', 'anar4331', 'sangkyu.sun', 'zihang', 'mgupta15', 'costasdiego97', 'chenxiwang', 'dulguun_021', 'fran.mosquera.pena', 'ralfli', 'carterkirkendoll', 'iagomillanentenza', 'jameslin', 'emixose', 'jgm2096', 'xxxxiaofan', 'anselmoantorcha', 'nivedaksubramanian', 'henglund', 'bgutierrez', 'liuman961021', 'xiaolei', 'danidrivas98', 'melonlzheng', 'essheh', 'rysw5590', 'kong2020', 'feijoomartina', 'elmanguito', 'martinzapatamartinez', 'aidan.rooney17', 'lucamonduzzi96', 'pedrotouris', 'juancarlosroutrera', 'davidga568', 'roberto.nava', 'cmoadne', 'cytuslll1997', 'agarviespi', 'ero15953', 'mihaipx', 'carlosbesadaromero', 'myez', 'cristinacostas', 'miri23']"
1,26,281,6,5,"['sebastianvromero', 'caetano.eirea', 'iagomillanentenza', 'juansans98', 'miri23']",276,"['wanghb', 'andrea.mendez', 'jbalderasfernandez', 'iagopardo97', 'alejandromo1610', 'sergiogrcsnchz', 'anderson.bi', 'xoangon', 'alyabra.alejandro', 'bulganb28', 'haominl1997', 'prra6646', 'veronica.castro', 'nuriamj', 'mariamfontan', 'jaimedmj', 'sotmas', 'clara.landesa', 'ludoba2912', 'francisxavgr', 'thackettt', 'amirbadshah224', 'lluisgonzaga96', 'clarachapela10', '2015soham.sawant', 'junwen', 'adec', 'shikhararvind', 'jesslyn', 'sstty7', 'angelaturnes', 'zhs002', 'pablojosecalvo', 'miguel_fernandez', 'xxy0501', 'marniesan', 'arturocastro94', 'leoncc', 'alecorti.pardo', 'mmartinezsanchez', 'e.fisicahamza', 'luisbarrios', 'zhang.jiayu', 'albertortepin', 'martin.gutierrez', 'rubenortega', 'pablo.garcia.bas', 'pablolopezexposito', 'dariogarciaredecillas', 'antonionito1993', 'xoanmayo', 'elviracastillo', 'brunolopez', 'ee5502', 'foojorge', 'gkkk6', 'gmedina', 'gonzalogbb', 'a997154508', 'paula.bolboreta', 'isafdez', 'hewutanyuan', 'hamza32amar', 'alyabra.vargas', 'tergel1999', 'ch2922', 'fabiolajsanlop', 'wang.yaoz', 'hdelatorre3524', 'fernando_ibarra', 'campamarin', 'isaac.dominguez4444', 'chenxi', 'e.jojusalo', 'juanjotromp', 'andreasorroche', 'manucro10', 'pedrogea08', 'hariprasanna', 'plmolina4', 'watashi.legion', 'jinfengleong', 'sohamsawant912', 'zakizhou', 'dang.e', 'aledes', 'soddy1996', 'guojunxiong25', 'shizhan.flood', 'ivan1', 'lianyi96', 'christsun', 'michaelcameronmcdonald', 'blasern', 'dja19951995', 'floren_ff', 'ejg98', 'albacosta', 'lauragdevesa', 'david.garrido', 'alicia.mosq', 'ottoridemar', 'kennyxsy', 'abdulhaiyum.f', 'bellmanz', 'jiaqi.guoguo', 'facundobonfiglio', 'e.ivanlopgar1997', 'al16do06', 'dyoh5119', 'esteban.figueroa', 'limengyuanli66', 'isaferjim', 'bingshengliu', 'jdanivc', 'cxiuqi1', 'paula.mourino', 'xiaode', 'chwi7664', 'wtq77', 'miaocx714', 'choikj', 'p.suarez97', 'hit.kamble', 'alex_varela_17', 'claudia.puga', 'andrei.luneow01031999', 'songy', 'h_elmenier', 'aloptor', 'simoncarloscartamil', 'lidiadom', 'qwe', 'yzarni89', 'gbatzorig268', 'jerome.alag', 'dalder', 'nuriatellado', 'chenyue', 'alyabra', 'japrz', 'xhan009', 'chema', 'praveens013', 'gonzavt15', '836054323_wj', 'salamghgh20', 'guyu', 'antoinelegare', 'luisgfloreslarrea', 'juanariza', 'victortorressuch', 'laurenp', 'stgermain.b', 'thunaung', 'samuelfl', 'pmvd95', 'yuxian123', 'akamsali', 'uutty2010', 'policon', 'shihhaotsai', 'uxiavelca', 'pablosande98', 'rayoaki7', 'pablosempredepor97', 'julioug1', 'j.guedegar', 'chenre', 'albertoangulo', 'juanjoseo', 'dariogarred', 'pablocrespo11', 'iagomoscer', 'antonio98y', 'miguelpinocarmona', 'noxis986', 'miguellopezcardenas98', 'exareivaj', 'albertoccz', 'marinabm', 'pablomd', 'e0427406', 'guoxg46', 'comeseetake', 'wangjianed_1992', 'manuel10suarez10', 'ryu.j', 'edgarmtz', 'brendaorea15', '9.genest.gabriel', 'rakki.datta', 'enriquevaliente17', 'clarahernandez05f', 'elena.j.g', 'joannesy', 'mihai.pislaru.fisica', 'chrispvnofficial', 'alsyaari', 'alexsanchezcast', 'savardbastien', 'justinegiroux', 'tonybocadillosgrandes', 'zewei', 'austinz', 'ergobe3', 'joeanszxc', 'wmy', 'yingxue58', 'danidm', 'danielfdezcalo', 'berzasnon', 'e.lucasnavarrog', 'lluissanuy', 'anamconrado', 'aliraza2013ee360', 'niravsurajlal', 'zhaoyu960207', 'mari.paucom', 'mordor', 'elmu6301', 'fofi94', 'pedrobeko98', 'isaac.carrillo', 'qumo4329', 'melissa5', 'maurobn98', 'savas', 'martin32', 'sylim1', 'fabiola.santos', 'sergiocalo.barranha', 'elisa.vicenteei', 'ionemanuelmoralesrosales', 'valeriamg', 'anar4331', 'sangkyu.sun', 'zihang', 'mgupta15', 'costasdiego97', 'chenxiwang', 'dulguun_021', 'fran.mosquera.pena', 'ralfli', 'carterkirkendoll', 'jameslin', 'emixose', 'jgm2096', 'xxxxiaofan', 'anselmoantorcha', 'nivedaksubramanian', 'henglund', 'bgutierrez', 'liuman961021', 'xiaolei', 'danidrivas98', 'melonlzheng', 'essheh', 'rysw5590', 'kong2020', 'feijoomartina', 'elmanguito', 'martinzapatamartinez', 'aidan.rooney17', 'lucamonduzzi96', 'juancarlosroutrera', 'davidga568', 'roberto.nava', 'cmoadne', 'cytuslll1997', 'agarviespi', 'ero15953', 'mihaipx', 'carlosbesadaromero', 'myez', 'cristinacostas']",1,['jesusgiraldez'],282,"['wanghb', 'andrea.mendez', 'jbalderasfernandez', 'iagopardo97', 'alejandromo1610', 'sergiogrcsnchz', 'anderson.bi', 'xoangon', 'alyabra.alejandro', 'bulganb28', 'haominl1997', 'prra6646', 'veronica.castro', 'nuriamj', 'jesusgiraldez', 'mariamfontan', 'jaimedmj', 'sotmas', 'caetano.eirea', 'clara.landesa', 'ludoba2912', 'francisxavgr', 'thackettt', 'amirbadshah224', 'lluisgonzaga96', 'clarachapela10', '2015soham.sawant', 'junwen', 'adec', 'shikhararvind', 'jesslyn', 'sstty7', 'angelaturnes', 'zhs002', 'pablojosecalvo', 'miguel_fernandez', 'xxy0501', 'marniesan', 'arturocastro94', 'leoncc', 'alecorti.pardo', 'mmartinezsanchez', 'e.fisicahamza', 'luisbarrios', 'zhang.jiayu', 'albertortepin', 'martin.gutierrez', 'rubenortega', 'pablo.garcia.bas', 'pablolopezexposito', 'dariogarciaredecillas', 'antonionito1993', 'xoanmayo', 'elviracastillo', 'brunolopez', 'ee5502', 'foojorge', 'gkkk6', 'gmedina', 'gonzalogbb', 'a997154508', 'paula.bolboreta', 'isafdez', 'hewutanyuan', 'hamza32amar', 'alyabra.vargas', 'tergel1999', 'ch2922', 'fabiolajsanlop', 'wang.yaoz', 'hdelatorre3524', 'fernando_ibarra', 'campamarin', 'isaac.dominguez4444', 'chenxi', 'e.jojusalo', 'juanjotromp', 'andreasorroche', 'manucro10', 'pedrogea08', 'hariprasanna', 'plmolina4', 'watashi.legion', 'jinfengleong', 'sohamsawant912', 'zakizhou', 'dang.e', 'aledes', 'soddy1996', 'guojunxiong25', 'shizhan.flood', 'ivan1', 'lianyi96', 'christsun', 'michaelcameronmcdonald', 'blasern', 'dja19951995', 'floren_ff', 'ejg98', 'sebastianvromero', 'albacosta', 'lauragdevesa', 'david.garrido', 'alicia.mosq', 'ottoridemar', 'kennyxsy', 'abdulhaiyum.f', 'bellmanz', 'jiaqi.guoguo', 'facundobonfiglio', 'e.ivanlopgar1997', 'al16do06', 'dyoh5119', 'esteban.figueroa', 'limengyuanli66', 'isaferjim', 'bingshengliu', 'jdanivc', 'cxiuqi1', 'paula.mourino', 'xiaode', 'chwi7664', 'wtq77', 'miaocx714', 'choikj', 'p.suarez97', 'hit.kamble', 'alex_varela_17', 'claudia.puga', 'andrei.luneow01031999', 'songy', 'h_elmenier', 'aloptor', 'simoncarloscartamil', 'lidiadom', 'qwe', 'yzarni89', 'gbatzorig268', 'jerome.alag', 'dalder', 'nuriatellado', 'chenyue', 'alyabra', 'japrz', 'xhan009', 'chema', 'praveens013', 'gonzavt15', '836054323_wj', 'salamghgh20', 'guyu', 'antoinelegare', 'luisgfloreslarrea', 'juanariza', 'victortorressuch', 'laurenp', 'stgermain.b', 'thunaung', 'samuelfl', 'pmvd95', 'yuxian123', 'akamsali', 'uutty2010', 'policon', 'shihhaotsai', 'uxiavelca', 'pablosande98', 'rayoaki7', 'pablosempredepor97', 'julioug1', 'j.guedegar', 'chenre', 'albertoangulo', 'juanjoseo', 'dariogarred', 'pablocrespo11', 'iagomoscer', 'antonio98y', 'miguelpinocarmona', 'noxis986', 'miguellopezcardenas98', 'exareivaj', 'albertoccz', 'marinabm', 'pablomd', 'e0427406', 'guoxg46', 'comeseetake', 'wangjianed_1992', 'manuel10suarez10', 'ryu.j', 'edgarmtz', 'brendaorea15', '9.genest.gabriel', 'rakki.datta', 'enriquevaliente17', 'clarahernandez05f', 'elena.j.g', 'joannesy', 'mihai.pislaru.fisica', 'chrispvnofficial', 'alsyaari', 'alexsanchezcast', 'savardbastien', 'justinegiroux', 'tonybocadillosgrandes', 'zewei', 'juansans98', 'austinz', 'ergobe3', 'joeanszxc', 'wmy', 'yingxue58', 'danidm', 'danielfdezcalo', 'berzasnon', 'e.lucasnavarrog', 'lluissanuy', 'anamconrado', 'aliraza2013ee360', 'niravsurajlal', 'zhaoyu960207', 'mari.paucom', 'mordor', 'elmu6301', 'fofi94', 'pedrobeko98', 'isaac.carrillo', 'qumo4329', 'melissa5', 'maurobn98', 'savas', 'martin32', 'sylim1', 'fabiola.santos', 'sergiocalo.barranha', 'elisa.vicenteei', 'ionemanuelmoralesrosales', 'valeriamg', 'anar4331', 'sangkyu.sun', 'zihang', 'mgupta15', 'costasdiego97', 'chenxiwang', 'dulguun_021', 'fran.mosquera.pena', 'ralfli', 'carterkirkendoll', 'iagomillanentenza', 'jameslin', 'emixose', 'jgm2096', 'xxxxiaofan', 'anselmoantorcha', 'nivedaksubramanian', 'henglund', 'bgutierrez', 'liuman961021', 'xiaolei', 'danidrivas98', 'melonlzheng', 'essheh', 'rysw5590', 'kong2020', 'feijoomartina', 'elmanguito', 'martinzapatamartinez', 'aidan.rooney17', 'lucamonduzzi96', 'juancarlosroutrera', 'davidga568', 'roberto.nava', 'cmoadne', 'cytuslll1997', 'agarviespi', 'ero15953', 'mihaipx', 'carlosbesadaromero', 'myez', 'cristinacostas', 'miri23']"
2,171,243,7,6,"['wangxinjunsdu', 'dgporter', 'dohar001', 'wbbeeson', 'enrique.cobas', 'olafvanterve']",237,"['sreya.pal64', 'cristirotarescu10', 'viratmehta', 'yingyingwu', 'remi.lierdeman', 'prendevl', 'jychoi607', 'dguarisco', 'zhang_qi', 'pietro.carrara', 'vg264', 'jpdomann', 'koolman2', 'zxiao2015', 'farenheit.200', 'ph19resch02004', 'pedro.david.28', 'bcmcgold', 'hjang', 'mazheng2016', 'jaivardr', 'eduardo.saavedra.d', 'venug012', 'kang_wang', 'ericliu1986', 'sabantirpanci', 'oommfylhuang', 'phacl', 'arunabhmukherjee2', 'k18111003', 'djesahell', 'jsshim2', 'fvilsmeier', 'yl664', 'smcvitie', 'mguo016', 'rotarescucristian', 'sutapa12', 'mmishner', 'dedicated9q', 'zenobius01', 'fugutian', 'szanjani16', 'wfang3', 'zriedel2', 'sayakdg1', 'maximelecomte', 'anamhanif', 'christian.rinaldi', 'mmvf', 'mmwinchell', 'rcbhatt', 'cenxiao', 'cristopher.morales', 'inyang180', 'huan1746', 'veronica.bahoz', 'miss.namrata08', 'jehong', 'liacompton', 'monicam.salazarc', 'debi_rianto', 'matia90', 'kkhuang95', 'kwiegand', 'fredrendell7', 'nunocacoilo', 'joshchou', 'bloom261', 'kawakami.15', 'nishashahi', 'jamal9235', 'chaos57', 'coiodilia', 'joelin20202', 'dearsomesh', 'diegoalba', 'hohldag', 'mhdguimaraes', 'moditma', 'cmoralesc', 'prashanthchitimireddy', 'xxu50', 'eravera', 'yuhuastonefu', 'p_das', 'zhou0528', 'mamangyuan', 'abirshadman', 'jiangsheng0908', 'emilie.jue', 'semori', 'abhimahour72', '9azazel', 'ankitphy', 'jeremy93808', 'yx322', 'davidnavasotero', 'smithd22', 'das.shekhar89', 'fedorov.andrei', 'alfredo_garcia_arribas', 'jisoo.moon.mr', 'oscariglesias', 'jx750', 'drdario_usf', 'robinchiu', 'fenx', 'samoberdick', 'cheekibreeki', 'bazilevich', 'changming', 'lee02752', 'loic.adrien.broyer', 'msilva6', 'noeminovello', 'eloi.haltz', 'sladak', 'colehardy4059', 'harrywang003', 'arnayiciar', 'agrama', 'imuwys', 'rjangid', 'cpsaroud', 'daichangting', 'majednashaat', 'pomme', 'njaggi', 'm7deeb', 'dvaz', 'scooter', 'liux1872', 'ansar.awan4256', 'tao123', 'mzubair', 'nadim.chow', 'abbasah', 'ahight', 'sherry96', 'minaxiiiserm', 'cheng.1360', 'crrcrrc', 'abhisek602', 'mdrogers', 'vipulsharma110', 'ssebold', 'dmarcini88', 'pmcgary', 'wsgyzyl', 'yuhang', 'bangarhimanshu9', 'claudia.negrete', 'crong', 'anija_mary_04', 'ssandhoefner3', 'cenxiaoquan', 'muduli.ps', 'nirjharb', 'souravsh92', 'eduardo.fernandez', 'dmechael', 'astuart7', 'pooh6836', 'mohammed920721', 'ffranco', 'fritchb', 'litsardakis', 'subhashreesatapathy059', 'jyotisaini26021992', '2017312xie', 'karetta', 'ph19resch11002', 'fjrdz7', '945247824a', 'margostaruch', 'abhilash.mishra', 'frantze', 'alishirisich', 'akashtfl15', 'cenxiaoxiao', 'd.k.de.wal', 'sd538', 'sini300', 'gabriel.chaves', 'polinadybina', '234gauravshukla', 'ebhatia', 'danilasl', 'jinukurian13', 'physicsjc', 'rlt013', 'dmitry_glydelov', 'rrawat', 'durgamadhab', 'sai.mu1986321', 'chaurasiyaavinash679', 'ricop234', 'fabel', 'enboz1', 'apokhrel', 'mohamad.neari', 'ariam.mora', 'ec2886', 'mattcarey', 'eckbergc', 'adamgw', 'raghavposti', 'wagled', 'liuxiaocen', 'pradeep1', 'h4ren', 'jrsoruco', 'kevon20', 'franciscoayalarodriguez', 'junyiwu2', 'kurdulla', 'devkapil108', 'kateel18', 'kpmondal', 'vanbeeksimon', 'dlwzxdl', 'ql63', 'rdutra87', 'prabhanjandk', 'bnepal2020', 'fabiasta229', 'cenliu', 'jonathongeorgesmith98', 'iaharris', 'songck107', 'maccallumr', 'nishthavats', 'gabomicro9', 'm_golebiewski', 'jpsinnecker', 'jmhong']",1,['mjdonahue'],244,"['sreya.pal64', 'cristirotarescu10', 'viratmehta', 'yingyingwu', 'remi.lierdeman', 'prendevl', 'jychoi607', 'dguarisco', 'zhang_qi', 'pietro.carrara', 'vg264', 'jpdomann', 'koolman2', 'zxiao2015', 'farenheit.200', 'ph19resch02004', 'pedro.david.28', 'bcmcgold', 'hjang', 'mazheng2016', 'jaivardr', 'wbbeeson', 'eduardo.saavedra.d', 'venug012', 'kang_wang', 'ericliu1986', 'sabantirpanci', 'oommfylhuang', 'phacl', 'arunabhmukherjee2', 'k18111003', 'djesahell', 'jsshim2', 'fvilsmeier', 'yl664', 'smcvitie', 'mguo016', 'rotarescucristian', 'sutapa12', 'mmishner', 'dedicated9q', 'zenobius01', 'fugutian', 'szanjani16', 'wfang3', 'zriedel2', 'sayakdg1', 'maximelecomte', 'anamhanif', 'christian.rinaldi', 'mmvf', 'mmwinchell', 'rcbhatt', 'cenxiao', 'cristopher.morales', 'inyang180', 'huan1746', 'veronica.bahoz', 'miss.namrata08', 'jehong', 'liacompton', 'monicam.salazarc', 'debi_rianto', 'matia90', 'kkhuang95', 'enrique.cobas', 'kwiegand', 'fredrendell7', 'nunocacoilo', 'joshchou', 'bloom261', 'kawakami.15', 'nishashahi', 'jamal9235', 'chaos57', 'coiodilia', 'joelin20202', 'dearsomesh', 'diegoalba', 'hohldag', 'mhdguimaraes', 'moditma', 'cmoralesc', 'prashanthchitimireddy', 'xxu50', 'eravera', 'yuhuastonefu', 'p_das', 'zhou0528', 'mamangyuan', 'olafvanterve', 'abirshadman', 'jiangsheng0908', 'emilie.jue', 'semori', 'abhimahour72', '9azazel', 'ankitphy', 'jeremy93808', 'yx322', 'davidnavasotero', 'smithd22', 'das.shekhar89', 'fedorov.andrei', 'alfredo_garcia_arribas', 'jisoo.moon.mr', 'oscariglesias', 'jx750', 'drdario_usf', 'robinchiu', 'fenx', 'samoberdick', 'cheekibreeki', 'bazilevich', 'changming', 'lee02752', 'loic.adrien.broyer', 'msilva6', 'noeminovello', 'eloi.haltz', 'sladak', 'colehardy4059', 'dohar001', 'harrywang003', 'arnayiciar', 'agrama', 'imuwys', 'rjangid', 'cpsaroud', 'daichangting', 'majednashaat', 'pomme', 'njaggi', 'm7deeb', 'dvaz', 'scooter', 'liux1872', 'ansar.awan4256', 'tao123', 'mzubair', 'nadim.chow', 'abbasah', 'ahight', 'sherry96', 'minaxiiiserm', 'cheng.1360', 'crrcrrc', 'abhisek602', 'mdrogers', 'vipulsharma110', 'ssebold', 'dmarcini88', 'pmcgary', 'wsgyzyl', 'yuhang', 'bangarhimanshu9', 'claudia.negrete', 'crong', 'anija_mary_04', 'ssandhoefner3', 'cenxiaoquan', 'muduli.ps', 'nirjharb', 'souravsh92', 'eduardo.fernandez', 'dmechael', 'mjdonahue', 'astuart7', 'pooh6836', 'mohammed920721', 'ffranco', 'fritchb', 'litsardakis', 'wangxinjunsdu', 'subhashreesatapathy059', 'jyotisaini26021992', '2017312xie', 'karetta', 'ph19resch11002', 'fjrdz7', '945247824a', 'margostaruch', 'abhilash.mishra', 'frantze', 'alishirisich', 'akashtfl15', 'cenxiaoxiao', 'd.k.de.wal', 'sd538', 'sini300', 'gabriel.chaves', 'polinadybina', 'dgporter', '234gauravshukla', 'ebhatia', 'danilasl', 'jinukurian13', 'physicsjc', 'rlt013', 'dmitry_glydelov', 'rrawat', 'durgamadhab', 'sai.mu1986321', 'chaurasiyaavinash679', 'ricop234', 'fabel', 'enboz1', 'apokhrel', 'mohamad.neari', 'ariam.mora', 'ec2886', 'mattcarey', 'eckbergc', 'adamgw', 'raghavposti', 'wagled', 'liuxiaocen', 'pradeep1', 'h4ren', 'jrsoruco', 'kevon20', 'franciscoayalarodriguez', 'junyiwu2', 'kurdulla', 'devkapil108', 'kateel18', 'kpmondal', 'vanbeeksimon', 'dlwzxdl', 'ql63', 'rdutra87', 'prabhanjandk', 'bnepal2020', 'fabiasta229', 'cenliu', 'jonathongeorgesmith98', 'iaharris', 'songck107', 'maccallumr', 'nishthavats', 'gabomicro9', 'm_golebiewski', 'jpsinnecker', 'jmhong']"
2,172,243,7,5,"['hohldag', 'jehong', 'oommfylhuang', 'jmhong', 'fenx']",238,"['sreya.pal64', 'cristirotarescu10', 'viratmehta', 'yingyingwu', 'remi.lierdeman', 'prendevl', 'jychoi607', 'dguarisco', 'zhang_qi', 'pietro.carrara', 'vg264', 'jpdomann', 'koolman2', 'zxiao2015', 'farenheit.200', 'ph19resch02004', 'pedro.david.28', 'bcmcgold', 'hjang', 'mazheng2016', 'jaivardr', 'wbbeeson', 'eduardo.saavedra.d', 'venug012', 'kang_wang', 'ericliu1986', 'sabantirpanci', 'phacl', 'arunabhmukherjee2', 'k18111003', 'djesahell', 'jsshim2', 'fvilsmeier', 'yl664', 'smcvitie', 'mguo016', 'rotarescucristian', 'sutapa12', 'mmishner', 'dedicated9q', 'zenobius01', 'fugutian', 'szanjani16', 'wfang3', 'zriedel2', 'sayakdg1', 'maximelecomte', 'anamhanif', 'christian.rinaldi', 'mmvf', 'mmwinchell', 'rcbhatt', 'cenxiao', 'cristopher.morales', 'inyang180', 'huan1746', 'veronica.bahoz', 'miss.namrata08', 'liacompton', 'monicam.salazarc', 'debi_rianto', 'matia90', 'kkhuang95', 'enrique.cobas', 'kwiegand', 'fredrendell7', 'nunocacoilo', 'joshchou', 'bloom261', 'kawakami.15', 'nishashahi', 'jamal9235', 'chaos57', 'coiodilia', 'joelin20202', 'dearsomesh', 'diegoalba', 'mhdguimaraes', 'moditma', 'cmoralesc', 'prashanthchitimireddy', 'xxu50', 'eravera', 'yuhuastonefu', 'p_das', 'zhou0528', 'mamangyuan', 'olafvanterve', 'abirshadman', 'jiangsheng0908', 'emilie.jue', 'semori', 'abhimahour72', '9azazel', 'ankitphy', 'jeremy93808', 'yx322', 'davidnavasotero', 'smithd22', 'das.shekhar89', 'fedorov.andrei', 'alfredo_garcia_arribas', 'jisoo.moon.mr', 'oscariglesias', 'jx750', 'drdario_usf', 'robinchiu', 'samoberdick', 'cheekibreeki', 'bazilevich', 'changming', 'lee02752', 'loic.adrien.broyer', 'msilva6', 'noeminovello', 'eloi.haltz', 'sladak', 'colehardy4059', 'dohar001', 'harrywang003', 'arnayiciar', 'agrama', 'imuwys', 'rjangid', 'cpsaroud', 'daichangting', 'majednashaat', 'pomme', 'njaggi', 'm7deeb', 'dvaz', 'scooter', 'liux1872', 'ansar.awan4256', 'tao123', 'mzubair', 'nadim.chow', 'abbasah', 'ahight', 'sherry96', 'minaxiiiserm', 'cheng.1360', 'crrcrrc', 'abhisek602', 'mdrogers', 'vipulsharma110', 'ssebold', 'dmarcini88', 'pmcgary', 'wsgyzyl', 'yuhang', 'bangarhimanshu9', 'claudia.negrete', 'crong', 'anija_mary_04', 'ssandhoefner3', 'cenxiaoquan', 'muduli.ps', 'nirjharb', 'souravsh92', 'eduardo.fernandez', 'dmechael', 'astuart7', 'pooh6836', 'mohammed920721', 'ffranco', 'fritchb', 'litsardakis', 'wangxinjunsdu', 'subhashreesatapathy059', 'jyotisaini26021992', '2017312xie', 'karetta', 'ph19resch11002', 'fjrdz7', '945247824a', 'margostaruch', 'abhilash.mishra', 'frantze', 'alishirisich', 'akashtfl15', 'cenxiaoxiao', 'd.k.de.wal', 'sd538', 'sini300', 'gabriel.chaves', 'polinadybina', 'dgporter', '234gauravshukla', 'ebhatia', 'danilasl', 'jinukurian13', 'physicsjc', 'rlt013', 'dmitry_glydelov', 'rrawat', 'durgamadhab', 'sai.mu1986321', 'chaurasiyaavinash679', 'ricop234', 'fabel', 'enboz1', 'apokhrel', 'mohamad.neari', 'ariam.mora', 'ec2886', 'mattcarey', 'eckbergc', 'adamgw', 'raghavposti', 'wagled', 'liuxiaocen', 'pradeep1', 'h4ren', 'jrsoruco', 'kevon20', 'franciscoayalarodriguez', 'junyiwu2', 'kurdulla', 'devkapil108', 'kateel18', 'kpmondal', 'vanbeeksimon', 'dlwzxdl', 'ql63', 'rdutra87', 'prabhanjandk', 'bnepal2020', 'fabiasta229', 'cenliu', 'jonathongeorgesmith98', 'iaharris', 'songck107', 'maccallumr', 'nishthavats', 'gabomicro9', 'm_golebiewski', 'jpsinnecker']",2,"['yenlin.jack.huang', 'justicofking']",245,"['sreya.pal64', 'cristirotarescu10', 'viratmehta', 'yingyingwu', 'remi.lierdeman', 'prendevl', 'jychoi607', 'dguarisco', 'zhang_qi', 'pietro.carrara', 'vg264', 'jpdomann', 'koolman2', 'zxiao2015', 'farenheit.200', 'ph19resch02004', 'pedro.david.28', 'bcmcgold', 'hjang', 'mazheng2016', 'jaivardr', 'wbbeeson', 'eduardo.saavedra.d', 'venug012', 'kang_wang', 'ericliu1986', 'sabantirpanci', 'oommfylhuang', 'phacl', 'arunabhmukherjee2', 'k18111003', 'djesahell', 'jsshim2', 'fvilsmeier', 'yl664', 'smcvitie', 'mguo016', 'rotarescucristian', 'sutapa12', 'mmishner', 'dedicated9q', 'zenobius01', 'fugutian', 'szanjani16', 'wfang3', 'zriedel2', 'sayakdg1', 'maximelecomte', 'anamhanif', 'christian.rinaldi', 'mmvf', 'mmwinchell', 'rcbhatt', 'cenxiao', 'cristopher.morales', 'inyang180', 'huan1746', 'veronica.bahoz', 'miss.namrata08', 'jehong', 'liacompton', 'monicam.salazarc', 'debi_rianto', 'matia90', 'kkhuang95', 'enrique.cobas', 'kwiegand', 'fredrendell7', 'nunocacoilo', 'joshchou', 'bloom261', 'kawakami.15', 'nishashahi', 'jamal9235', 'justicofking', 'chaos57', 'coiodilia', 'joelin20202', 'dearsomesh', 'diegoalba', 'hohldag', 'mhdguimaraes', 'moditma', 'cmoralesc', 'prashanthchitimireddy', 'xxu50', 'eravera', 'yuhuastonefu', 'p_das', 'zhou0528', 'mamangyuan', 'olafvanterve', 'abirshadman', 'jiangsheng0908', 'emilie.jue', 'semori', 'abhimahour72', '9azazel', 'ankitphy', 'jeremy93808', 'yx322', 'davidnavasotero', 'smithd22', 'das.shekhar89', 'fedorov.andrei', 'alfredo_garcia_arribas', 'jisoo.moon.mr', 'oscariglesias', 'jx750', 'drdario_usf', 'robinchiu', 'fenx', 'samoberdick', 'cheekibreeki', 'bazilevich', 'changming', 'lee02752', 'loic.adrien.broyer', 'msilva6', 'noeminovello', 'eloi.haltz', 'sladak', 'colehardy4059', 'dohar001', 'harrywang003', 'arnayiciar', 'agrama', 'imuwys', 'rjangid', 'cpsaroud', 'daichangting', 'majednashaat', 'pomme', 'njaggi', 'm7deeb', 'dvaz', 'scooter', 'liux1872', 'ansar.awan4256', 'tao123', 'mzubair', 'nadim.chow', 'abbasah', 'ahight', 'sherry96', 'minaxiiiserm', 'cheng.1360', 'crrcrrc', 'abhisek602', 'mdrogers', 'vipulsharma110', 'ssebold', 'dmarcini88', 'pmcgary', 'wsgyzyl', 'yuhang', 'bangarhimanshu9', 'claudia.negrete', 'crong', 'anija_mary_04', 'ssandhoefner3', 'cenxiaoquan', 'muduli.ps', 'nirjharb', 'souravsh92', 'eduardo.fernandez', 'dmechael', 'astuart7', 'pooh6836', 'mohammed920721', 'ffranco', 'fritchb', 'litsardakis', 'wangxinjunsdu', 'subhashreesatapathy059', 'jyotisaini26021992', '2017312xie', 'karetta', 'ph19resch11002', 'fjrdz7', '945247824a', 'margostaruch', 'abhilash.mishra', 'frantze', 'alishirisich', 'akashtfl15', 'cenxiaoxiao', 'd.k.de.wal', 'sd538', 'sini300', 'gabriel.chaves', 'polinadybina', 'dgporter', '234gauravshukla', 'ebhatia', 'danilasl', 'jinukurian13', 'physicsjc', 'rlt013', 'dmitry_glydelov', 'rrawat', 'durgamadhab', 'sai.mu1986321', 'chaurasiyaavinash679', 'ricop234', 'fabel', 'enboz1', 'apokhrel', 'mohamad.neari', 'ariam.mora', 'ec2886', 'mattcarey', 'eckbergc', 'adamgw', 'raghavposti', 'wagled', 'liuxiaocen', 'pradeep1', 'h4ren', 'jrsoruco', 'kevon20', 'franciscoayalarodriguez', 'junyiwu2', 'yenlin.jack.huang', 'kurdulla', 'devkapil108', 'kateel18', 'kpmondal', 'vanbeeksimon', 'dlwzxdl', 'ql63', 'rdutra87', 'prabhanjandk', 'bnepal2020', 'fabiasta229', 'cenliu', 'jonathongeorgesmith98', 'iaharris', 'songck107', 'maccallumr', 'nishthavats', 'gabomicro9', 'm_golebiewski', 'jpsinnecker', 'jmhong']"
2,170,243,6,6,"['smithd22', 'fjrdz7', 'pooh6836', 'jpdomann', 'semori', 'wsgyzyl']",237,"['sreya.pal64', 'cristirotarescu10', 'viratmehta', 'yingyingwu', 'remi.lierdeman', 'prendevl', 'jychoi607', 'dguarisco', 'zhang_qi', 'pietro.carrara', 'vg264', 'koolman2', 'zxiao2015', 'farenheit.200', 'ph19resch02004', 'pedro.david.28', 'bcmcgold', 'hjang', 'mazheng2016', 'jaivardr', 'wbbeeson', 'eduardo.saavedra.d', 'venug012', 'kang_wang', 'ericliu1986', 'sabantirpanci', 'oommfylhuang', 'phacl', 'arunabhmukherjee2', 'k18111003', 'djesahell', 'jsshim2', 'fvilsmeier', 'yl664', 'smcvitie', 'mguo016', 'rotarescucristian', 'sutapa12', 'mmishner', 'dedicated9q', 'zenobius01', 'fugutian', 'szanjani16', 'wfang3', 'zriedel2', 'sayakdg1', 'maximelecomte', 'anamhanif', 'christian.rinaldi', 'mmvf', 'mmwinchell', 'rcbhatt', 'cenxiao', 'cristopher.morales', 'inyang180', 'huan1746', 'veronica.bahoz', 'miss.namrata08', 'jehong', 'liacompton', 'monicam.salazarc', 'debi_rianto', 'matia90', 'kkhuang95', 'enrique.cobas', 'kwiegand', 'fredrendell7', 'nunocacoilo', 'joshchou', 'bloom261', 'kawakami.15', 'nishashahi', 'jamal9235', 'chaos57', 'coiodilia', 'joelin20202', 'dearsomesh', 'diegoalba', 'hohldag', 'mhdguimaraes', 'moditma', 'cmoralesc', 'prashanthchitimireddy', 'xxu50', 'eravera', 'yuhuastonefu', 'p_das', 'zhou0528', 'mamangyuan', 'olafvanterve', 'abirshadman', 'jiangsheng0908', 'emilie.jue', 'abhimahour72', '9azazel', 'ankitphy', 'jeremy93808', 'yx322', 'davidnavasotero', 'das.shekhar89', 'fedorov.andrei', 'alfredo_garcia_arribas', 'jisoo.moon.mr', 'oscariglesias', 'jx750', 'drdario_usf', 'robinchiu', 'fenx', 'samoberdick', 'cheekibreeki', 'bazilevich', 'changming', 'lee02752', 'loic.adrien.broyer', 'msilva6', 'noeminovello', 'eloi.haltz', 'sladak', 'colehardy4059', 'dohar001', 'harrywang003', 'arnayiciar', 'agrama', 'imuwys', 'rjangid', 'cpsaroud', 'daichangting', 'majednashaat', 'pomme', 'njaggi', 'm7deeb', 'dvaz', 'scooter', 'liux1872', 'ansar.awan4256', 'tao123', 'mzubair', 'nadim.chow', 'abbasah', 'ahight', 'sherry96', 'minaxiiiserm', 'cheng.1360', 'crrcrrc', 'abhisek602', 'mdrogers', 'vipulsharma110', 'ssebold', 'dmarcini88', 'pmcgary', 'yuhang', 'bangarhimanshu9', 'claudia.negrete', 'crong', 'anija_mary_04', 'ssandhoefner3', 'cenxiaoquan', 'muduli.ps', 'nirjharb', 'souravsh92', 'eduardo.fernandez', 'dmechael', 'astuart7', 'mohammed920721', 'ffranco', 'fritchb', 'litsardakis', 'wangxinjunsdu', 'subhashreesatapathy059', 'jyotisaini26021992', '2017312xie', 'karetta', 'ph19resch11002', '945247824a', 'margostaruch', 'abhilash.mishra', 'frantze', 'alishirisich', 'akashtfl15', 'cenxiaoxiao', 'd.k.de.wal', 'sd538', 'sini300', 'gabriel.chaves', 'polinadybina', 'dgporter', '234gauravshukla', 'ebhatia', 'danilasl', 'jinukurian13', 'physicsjc', 'rlt013', 'dmitry_glydelov', 'rrawat', 'durgamadhab', 'sai.mu1986321', 'chaurasiyaavinash679', 'ricop234', 'fabel', 'enboz1', 'apokhrel', 'mohamad.neari', 'ariam.mora', 'ec2886', 'mattcarey', 'eckbergc', 'adamgw', 'raghavposti', 'wagled', 'liuxiaocen', 'pradeep1', 'h4ren', 'jrsoruco', 'kevon20', 'franciscoayalarodriguez', 'junyiwu2', 'kurdulla', 'devkapil108', 'kateel18', 'kpmondal', 'vanbeeksimon', 'dlwzxdl', 'ql63', 'rdutra87', 'prabhanjandk', 'bnepal2020', 'fabiasta229', 'cenliu', 'jonathongeorgesmith98', 'iaharris', 'songck107', 'maccallumr', 'nishthavats', 'gabomicro9', 'm_golebiewski', 'jpsinnecker', 'jmhong']",0,[],243,"['sreya.pal64', 'cristirotarescu10', 'viratmehta', 'yingyingwu', 'remi.lierdeman', 'prendevl', 'jychoi607', 'dguarisco', 'zhang_qi', 'pietro.carrara', 'vg264', 'jpdomann', 'koolman2', 'zxiao2015', 'farenheit.200', 'ph19resch02004', 'pedro.david.28', 'bcmcgold', 'hjang', 'mazheng2016', 'jaivardr', 'wbbeeson', 'eduardo.saavedra.d', 'venug012', 'kang_wang', 'ericliu1986', 'sabantirpanci', 'oommfylhuang', 'phacl', 'arunabhmukherjee2', 'k18111003', 'djesahell', 'jsshim2', 'fvilsmeier', 'yl664', 'smcvitie', 'mguo016', 'rotarescucristian', 'sutapa12', 'mmishner', 'dedicated9q', 'zenobius01', 'fugutian', 'szanjani16', 'wfang3', 'zriedel2', 'sayakdg1', 'maximelecomte', 'anamhanif', 'christian.rinaldi', 'mmvf', 'mmwinchell', 'rcbhatt', 'cenxiao', 'cristopher.morales', 'inyang180', 'huan1746', 'veronica.bahoz', 'miss.namrata08', 'jehong', 'liacompton', 'monicam.salazarc', 'debi_rianto', 'matia90', 'kkhuang95', 'enrique.cobas', 'kwiegand', 'fredrendell7', 'nunocacoilo', 'joshchou', 'bloom261', 'kawakami.15', 'nishashahi', 'jamal9235', 'chaos57', 'coiodilia', 'joelin20202', 'dearsomesh', 'diegoalba', 'hohldag', 'mhdguimaraes', 'moditma', 'cmoralesc', 'prashanthchitimireddy', 'xxu50', 'eravera', 'yuhuastonefu', 'p_das', 'zhou0528', 'mamangyuan', 'olafvanterve', 'abirshadman', 'jiangsheng0908', 'emilie.jue', 'semori', 'abhimahour72', '9azazel', 'ankitphy', 'jeremy93808', 'yx322', 'davidnavasotero', 'smithd22', 'das.shekhar89', 'fedorov.andrei', 'alfredo_garcia_arribas', 'jisoo.moon.mr', 'oscariglesias', 'jx750', 'drdario_usf', 'robinchiu', 'fenx', 'samoberdick', 'cheekibreeki', 'bazilevich', 'changming', 'lee02752', 'loic.adrien.broyer', 'msilva6', 'noeminovello', 'eloi.haltz', 'sladak', 'colehardy4059', 'dohar001', 'harrywang003', 'arnayiciar', 'agrama', 'imuwys', 'rjangid', 'cpsaroud', 'daichangting', 'majednashaat', 'pomme', 'njaggi', 'm7deeb', 'dvaz', 'scooter', 'liux1872', 'ansar.awan4256', 'tao123', 'mzubair', 'nadim.chow', 'abbasah', 'ahight', 'sherry96', 'minaxiiiserm', 'cheng.1360', 'crrcrrc', 'abhisek602', 'mdrogers', 'vipulsharma110', 'ssebold', 'dmarcini88', 'pmcgary', 'wsgyzyl', 'yuhang', 'bangarhimanshu9', 'claudia.negrete', 'crong', 'anija_mary_04', 'ssandhoefner3', 'cenxiaoquan', 'muduli.ps', 'nirjharb', 'souravsh92', 'eduardo.fernandez', 'dmechael', 'astuart7', 'pooh6836', 'mohammed920721', 'ffranco', 'fritchb', 'litsardakis', 'wangxinjunsdu', 'subhashreesatapathy059', 'jyotisaini26021992', '2017312xie', 'karetta', 'ph19resch11002', 'fjrdz7', '945247824a', 'margostaruch', 'abhilash.mishra', 'frantze', 'alishirisich', 'akashtfl15', 'cenxiaoxiao', 'd.k.de.wal', 'sd538', 'sini300', 'gabriel.chaves', 'polinadybina', 'dgporter', '234gauravshukla', 'ebhatia', 'danilasl', 'jinukurian13', 'physicsjc', 'rlt013', 'dmitry_glydelov', 'rrawat', 'durgamadhab', 'sai.mu1986321', 'chaurasiyaavinash679', 'ricop234', 'fabel', 'enboz1', 'apokhrel', 'mohamad.neari', 'ariam.mora', 'ec2886', 'mattcarey', 'eckbergc', 'adamgw', 'raghavposti', 'wagled', 'liuxiaocen', 'pradeep1', 'h4ren', 'jrsoruco', 'kevon20', 'franciscoayalarodriguez', 'junyiwu2', 'kurdulla', 'devkapil108', 'kateel18', 'kpmondal', 'vanbeeksimon', 'dlwzxdl', 'ql63', 'rdutra87', 'prabhanjandk', 'bnepal2020', 'fabiasta229', 'cenliu', 'jonathongeorgesmith98', 'iaharris', 'songck107', 'maccallumr', 'nishthavats', 'gabomicro9', 'm_golebiewski', 'jpsinnecker', 'jmhong']"
2,173,243,6,5,"['miss.namrata08', 'nishthavats', 'devkapil108', 'kpmondal', 'vipulsharma110']",238,"['sreya.pal64', 'cristirotarescu10', 'viratmehta', 'yingyingwu', 'remi.lierdeman', 'prendevl', 'jychoi607', 'dguarisco', 'zhang_qi', 'pietro.carrara', 'vg264', 'jpdomann', 'koolman2', 'zxiao2015', 'farenheit.200', 'ph19resch02004', 'pedro.david.28', 'bcmcgold', 'hjang', 'mazheng2016', 'jaivardr', 'wbbeeson', 'eduardo.saavedra.d', 'venug012', 'kang_wang', 'ericliu1986', 'sabantirpanci', 'oommfylhuang', 'phacl', 'arunabhmukherjee2', 'k18111003', 'djesahell', 'jsshim2', 'fvilsmeier', 'yl664', 'smcvitie', 'mguo016', 'rotarescucristian', 'sutapa12', 'mmishner', 'dedicated9q', 'zenobius01', 'fugutian', 'szanjani16', 'wfang3', 'zriedel2', 'sayakdg1', 'maximelecomte', 'anamhanif', 'christian.rinaldi', 'mmvf', 'mmwinchell', 'rcbhatt', 'cenxiao', 'cristopher.morales', 'inyang180', 'huan1746', 'veronica.bahoz', 'jehong', 'liacompton', 'monicam.salazarc', 'debi_rianto', 'matia90', 'kkhuang95', 'enrique.cobas', 'kwiegand', 'fredrendell7', 'nunocacoilo', 'joshchou', 'bloom261', 'kawakami.15', 'nishashahi', 'jamal9235', 'chaos57', 'coiodilia', 'joelin20202', 'dearsomesh', 'diegoalba', 'hohldag', 'mhdguimaraes', 'moditma', 'cmoralesc', 'prashanthchitimireddy', 'xxu50', 'eravera', 'yuhuastonefu', 'p_das', 'zhou0528', 'mamangyuan', 'olafvanterve', 'abirshadman', 'jiangsheng0908', 'emilie.jue', 'semori', 'abhimahour72', '9azazel', 'ankitphy', 'jeremy93808', 'yx322', 'davidnavasotero', 'smithd22', 'das.shekhar89', 'fedorov.andrei', 'alfredo_garcia_arribas', 'jisoo.moon.mr', 'oscariglesias', 'jx750', 'drdario_usf', 'robinchiu', 'fenx', 'samoberdick', 'cheekibreeki', 'bazilevich', 'changming', 'lee02752', 'loic.adrien.broyer', 'msilva6', 'noeminovello', 'eloi.haltz', 'sladak', 'colehardy4059', 'dohar001', 'harrywang003', 'arnayiciar', 'agrama', 'imuwys', 'rjangid', 'cpsaroud', 'daichangting', 'majednashaat', 'pomme', 'njaggi', 'm7deeb', 'dvaz', 'scooter', 'liux1872', 'ansar.awan4256', 'tao123', 'mzubair', 'nadim.chow', 'abbasah', 'ahight', 'sherry96', 'minaxiiiserm', 'cheng.1360', 'crrcrrc', 'abhisek602', 'mdrogers', 'ssebold', 'dmarcini88', 'pmcgary', 'wsgyzyl', 'yuhang', 'bangarhimanshu9', 'claudia.negrete', 'crong', 'anija_mary_04', 'ssandhoefner3', 'cenxiaoquan', 'muduli.ps', 'nirjharb', 'souravsh92', 'eduardo.fernandez', 'dmechael', 'astuart7', 'pooh6836', 'mohammed920721', 'ffranco', 'fritchb', 'litsardakis', 'wangxinjunsdu', 'subhashreesatapathy059', 'jyotisaini26021992', '2017312xie', 'karetta', 'ph19resch11002', 'fjrdz7', '945247824a', 'margostaruch', 'abhilash.mishra', 'frantze', 'alishirisich', 'akashtfl15', 'cenxiaoxiao', 'd.k.de.wal', 'sd538', 'sini300', 'gabriel.chaves', 'polinadybina', 'dgporter', '234gauravshukla', 'ebhatia', 'danilasl', 'jinukurian13', 'physicsjc', 'rlt013', 'dmitry_glydelov', 'rrawat', 'durgamadhab', 'sai.mu1986321', 'chaurasiyaavinash679', 'ricop234', 'fabel', 'enboz1', 'apokhrel', 'mohamad.neari', 'ariam.mora', 'ec2886', 'mattcarey', 'eckbergc', 'adamgw', 'raghavposti', 'wagled', 'liuxiaocen', 'pradeep1', 'h4ren', 'jrsoruco', 'kevon20', 'franciscoayalarodriguez', 'junyiwu2', 'kurdulla', 'kateel18', 'vanbeeksimon', 'dlwzxdl', 'ql63', 'rdutra87', 'prabhanjandk', 'bnepal2020', 'fabiasta229', 'cenliu', 'jonathongeorgesmith98', 'iaharris', 'songck107', 'maccallumr', 'gabomicro9', 'm_golebiewski', 'jpsinnecker', 'jmhong']",1,['yogesh30394'],244,"['sreya.pal64', 'cristirotarescu10', 'viratmehta', 'yingyingwu', 'remi.lierdeman', 'prendevl', 'jychoi607', 'dguarisco', 'zhang_qi', 'pietro.carrara', 'vg264', 'jpdomann', 'koolman2', 'zxiao2015', 'farenheit.200', 'ph19resch02004', 'pedro.david.28', 'bcmcgold', 'hjang', 'mazheng2016', 'jaivardr', 'wbbeeson', 'eduardo.saavedra.d', 'venug012', 'kang_wang', 'ericliu1986', 'sabantirpanci', 'oommfylhuang', 'phacl', 'arunabhmukherjee2', 'k18111003', 'djesahell', 'jsshim2', 'fvilsmeier', 'yl664', 'smcvitie', 'mguo016', 'rotarescucristian', 'sutapa12', 'mmishner', 'dedicated9q', 'zenobius01', 'fugutian', 'szanjani16', 'wfang3', 'zriedel2', 'sayakdg1', 'maximelecomte', 'anamhanif', 'christian.rinaldi', 'mmvf', 'mmwinchell', 'rcbhatt', 'cenxiao', 'cristopher.morales', 'inyang180', 'huan1746', 'veronica.bahoz', 'miss.namrata08', 'jehong', 'liacompton', 'monicam.salazarc', 'debi_rianto', 'matia90', 'kkhuang95', 'enrique.cobas', 'kwiegand', 'fredrendell7', 'nunocacoilo', 'joshchou', 'bloom261', 'yogesh30394', 'kawakami.15', 'nishashahi', 'jamal9235', 'chaos57', 'coiodilia', 'joelin20202', 'dearsomesh', 'diegoalba', 'hohldag', 'mhdguimaraes', 'moditma', 'cmoralesc', 'prashanthchitimireddy', 'xxu50', 'eravera', 'yuhuastonefu', 'p_das', 'zhou0528', 'mamangyuan', 'olafvanterve', 'abirshadman', 'jiangsheng0908', 'emilie.jue', 'semori', 'abhimahour72', '9azazel', 'ankitphy', 'jeremy93808', 'yx322', 'davidnavasotero', 'smithd22', 'das.shekhar89', 'fedorov.andrei', 'alfredo_garcia_arribas', 'jisoo.moon.mr', 'oscariglesias', 'jx750', 'drdario_usf', 'robinchiu', 'fenx', 'samoberdick', 'cheekibreeki', 'bazilevich', 'changming', 'lee02752', 'loic.adrien.broyer', 'msilva6', 'noeminovello', 'eloi.haltz', 'sladak', 'colehardy4059', 'dohar001', 'harrywang003', 'arnayiciar', 'agrama', 'imuwys', 'rjangid', 'cpsaroud', 'daichangting', 'majednashaat', 'pomme', 'njaggi', 'm7deeb', 'dvaz', 'scooter', 'liux1872', 'ansar.awan4256', 'tao123', 'mzubair', 'nadim.chow', 'abbasah', 'ahight', 'sherry96', 'minaxiiiserm', 'cheng.1360', 'crrcrrc', 'abhisek602', 'mdrogers', 'vipulsharma110', 'ssebold', 'dmarcini88', 'pmcgary', 'wsgyzyl', 'yuhang', 'bangarhimanshu9', 'claudia.negrete', 'crong', 'anija_mary_04', 'ssandhoefner3', 'cenxiaoquan', 'muduli.ps', 'nirjharb', 'souravsh92', 'eduardo.fernandez', 'dmechael', 'astuart7', 'pooh6836', 'mohammed920721', 'ffranco', 'fritchb', 'litsardakis', 'wangxinjunsdu', 'subhashreesatapathy059', 'jyotisaini26021992', '2017312xie', 'karetta', 'ph19resch11002', 'fjrdz7', '945247824a', 'margostaruch', 'abhilash.mishra', 'frantze', 'alishirisich', 'akashtfl15', 'cenxiaoxiao', 'd.k.de.wal', 'sd538', 'sini300', 'gabriel.chaves', 'polinadybina', 'dgporter', '234gauravshukla', 'ebhatia', 'danilasl', 'jinukurian13', 'physicsjc', 'rlt013', 'dmitry_glydelov', 'rrawat', 'durgamadhab', 'sai.mu1986321', 'chaurasiyaavinash679', 'ricop234', 'fabel', 'enboz1', 'apokhrel', 'mohamad.neari', 'ariam.mora', 'ec2886', 'mattcarey', 'eckbergc', 'adamgw', 'raghavposti', 'wagled', 'liuxiaocen', 'pradeep1', 'h4ren', 'jrsoruco', 'kevon20', 'franciscoayalarodriguez', 'junyiwu2', 'kurdulla', 'devkapil108', 'kateel18', 'kpmondal', 'vanbeeksimon', 'dlwzxdl', 'ql63', 'rdutra87', 'prabhanjandk', 'bnepal2020', 'fabiasta229', 'cenliu', 'jonathongeorgesmith98', 'iaharris', 'songck107', 'maccallumr', 'nishthavats', 'gabomicro9', 'm_golebiewski', 'jpsinnecker', 'jmhong']"
2,174,243,6,3,"['iaharris', 'hjang', 'oommfylhuang']",240,"['sreya.pal64', 'cristirotarescu10', 'viratmehta', 'yingyingwu', 'remi.lierdeman', 'prendevl', 'jychoi607', 'dguarisco', 'zhang_qi', 'pietro.carrara', 'vg264', 'jpdomann', 'koolman2', 'zxiao2015', 'farenheit.200', 'ph19resch02004', 'pedro.david.28', 'bcmcgold', 'mazheng2016', 'jaivardr', 'wbbeeson', 'eduardo.saavedra.d', 'venug012', 'kang_wang', 'ericliu1986', 'sabantirpanci', 'phacl', 'arunabhmukherjee2', 'k18111003', 'djesahell', 'jsshim2', 'fvilsmeier', 'yl664', 'smcvitie', 'mguo016', 'rotarescucristian', 'sutapa12', 'mmishner', 'dedicated9q', 'zenobius01', 'fugutian', 'szanjani16', 'wfang3', 'zriedel2', 'sayakdg1', 'maximelecomte', 'anamhanif', 'christian.rinaldi', 'mmvf', 'mmwinchell', 'rcbhatt', 'cenxiao', 'cristopher.morales', 'inyang180', 'huan1746', 'veronica.bahoz', 'miss.namrata08', 'jehong', 'liacompton', 'monicam.salazarc', 'debi_rianto', 'matia90', 'kkhuang95', 'enrique.cobas', 'kwiegand', 'fredrendell7', 'nunocacoilo', 'joshchou', 'bloom261', 'kawakami.15', 'nishashahi', 'jamal9235', 'chaos57', 'coiodilia', 'joelin20202', 'dearsomesh', 'diegoalba', 'hohldag', 'mhdguimaraes', 'moditma', 'cmoralesc', 'prashanthchitimireddy', 'xxu50', 'eravera', 'yuhuastonefu', 'p_das', 'zhou0528', 'mamangyuan', 'olafvanterve', 'abirshadman', 'jiangsheng0908', 'emilie.jue', 'semori', 'abhimahour72', '9azazel', 'ankitphy', 'jeremy93808', 'yx322', 'davidnavasotero', 'smithd22', 'das.shekhar89', 'fedorov.andrei', 'alfredo_garcia_arribas', 'jisoo.moon.mr', 'oscariglesias', 'jx750', 'drdario_usf', 'robinchiu', 'fenx', 'samoberdick', 'cheekibreeki', 'bazilevich', 'changming', 'lee02752', 'loic.adrien.broyer', 'msilva6', 'noeminovello', 'eloi.haltz', 'sladak', 'colehardy4059', 'dohar001', 'harrywang003', 'arnayiciar', 'agrama', 'imuwys', 'rjangid', 'cpsaroud', 'daichangting', 'majednashaat', 'pomme', 'njaggi', 'm7deeb', 'dvaz', 'scooter', 'liux1872', 'ansar.awan4256', 'tao123', 'mzubair', 'nadim.chow', 'abbasah', 'ahight', 'sherry96', 'minaxiiiserm', 'cheng.1360', 'crrcrrc', 'abhisek602', 'mdrogers', 'vipulsharma110', 'ssebold', 'dmarcini88', 'pmcgary', 'wsgyzyl', 'yuhang', 'bangarhimanshu9', 'claudia.negrete', 'crong', 'anija_mary_04', 'ssandhoefner3', 'cenxiaoquan', 'muduli.ps', 'nirjharb', 'souravsh92', 'eduardo.fernandez', 'dmechael', 'astuart7', 'pooh6836', 'mohammed920721', 'ffranco', 'fritchb', 'litsardakis', 'wangxinjunsdu', 'subhashreesatapathy059', 'jyotisaini26021992', '2017312xie', 'karetta', 'ph19resch11002', 'fjrdz7', '945247824a', 'margostaruch', 'abhilash.mishra', 'frantze', 'alishirisich', 'akashtfl15', 'cenxiaoxiao', 'd.k.de.wal', 'sd538', 'sini300', 'gabriel.chaves', 'polinadybina', 'dgporter', '234gauravshukla', 'ebhatia', 'danilasl', 'jinukurian13', 'physicsjc', 'rlt013', 'dmitry_glydelov', 'rrawat', 'durgamadhab', 'sai.mu1986321', 'chaurasiyaavinash679', 'ricop234', 'fabel', 'enboz1', 'apokhrel', 'mohamad.neari', 'ariam.mora', 'ec2886', 'mattcarey', 'eckbergc', 'adamgw', 'raghavposti', 'wagled', 'liuxiaocen', 'pradeep1', 'h4ren', 'jrsoruco', 'kevon20', 'franciscoayalarodriguez', 'junyiwu2', 'kurdulla', 'devkapil108', 'kateel18', 'kpmondal', 'vanbeeksimon', 'dlwzxdl', 'ql63', 'rdutra87', 'prabhanjandk', 'bnepal2020', 'fabiasta229', 'cenliu', 'jonathongeorgesmith98', 'songck107', 'maccallumr', 'nishthavats', 'gabomicro9', 'm_golebiewski', 'jpsinnecker', 'jmhong']",3,"['yenlin.jack.huang', 'yu.c', 'justicofking']",246,"['sreya.pal64', 'cristirotarescu10', 'viratmehta', 'yingyingwu', 'remi.lierdeman', 'prendevl', 'jychoi607', 'dguarisco', 'zhang_qi', 'pietro.carrara', 'vg264', 'yu.c', 'jpdomann', 'koolman2', 'zxiao2015', 'farenheit.200', 'ph19resch02004', 'pedro.david.28', 'bcmcgold', 'hjang', 'mazheng2016', 'jaivardr', 'wbbeeson', 'eduardo.saavedra.d', 'venug012', 'kang_wang', 'ericliu1986', 'sabantirpanci', 'oommfylhuang', 'phacl', 'arunabhmukherjee2', 'k18111003', 'djesahell', 'jsshim2', 'fvilsmeier', 'yl664', 'smcvitie', 'mguo016', 'rotarescucristian', 'sutapa12', 'mmishner', 'dedicated9q', 'zenobius01', 'fugutian', 'szanjani16', 'wfang3', 'zriedel2', 'sayakdg1', 'maximelecomte', 'anamhanif', 'christian.rinaldi', 'mmvf', 'mmwinchell', 'rcbhatt', 'cenxiao', 'cristopher.morales', 'inyang180', 'huan1746', 'veronica.bahoz', 'miss.namrata08', 'jehong', 'liacompton', 'monicam.salazarc', 'debi_rianto', 'matia90', 'kkhuang95', 'enrique.cobas', 'kwiegand', 'fredrendell7', 'nunocacoilo', 'joshchou', 'bloom261', 'kawakami.15', 'nishashahi', 'jamal9235', 'justicofking', 'chaos57', 'coiodilia', 'joelin20202', 'dearsomesh', 'diegoalba', 'hohldag', 'mhdguimaraes', 'moditma', 'cmoralesc', 'prashanthchitimireddy', 'xxu50', 'eravera', 'yuhuastonefu', 'p_das', 'zhou0528', 'mamangyuan', 'olafvanterve', 'abirshadman', 'jiangsheng0908', 'emilie.jue', 'semori', 'abhimahour72', '9azazel', 'ankitphy', 'jeremy93808', 'yx322', 'davidnavasotero', 'smithd22', 'das.shekhar89', 'fedorov.andrei', 'alfredo_garcia_arribas', 'jisoo.moon.mr', 'oscariglesias', 'jx750', 'drdario_usf', 'robinchiu', 'fenx', 'samoberdick', 'cheekibreeki', 'bazilevich', 'changming', 'lee02752', 'loic.adrien.broyer', 'msilva6', 'noeminovello', 'eloi.haltz', 'sladak', 'colehardy4059', 'dohar001', 'harrywang003', 'arnayiciar', 'agrama', 'imuwys', 'rjangid', 'cpsaroud', 'daichangting', 'majednashaat', 'pomme', 'njaggi', 'm7deeb', 'dvaz', 'scooter', 'liux1872', 'ansar.awan4256', 'tao123', 'mzubair', 'nadim.chow', 'abbasah', 'ahight', 'sherry96', 'minaxiiiserm', 'cheng.1360', 'crrcrrc', 'abhisek602', 'mdrogers', 'vipulsharma110', 'ssebold', 'dmarcini88', 'pmcgary', 'wsgyzyl', 'yuhang', 'bangarhimanshu9', 'claudia.negrete', 'crong', 'anija_mary_04', 'ssandhoefner3', 'cenxiaoquan', 'muduli.ps', 'nirjharb', 'souravsh92', 'eduardo.fernandez', 'dmechael', 'astuart7', 'pooh6836', 'mohammed920721', 'ffranco', 'fritchb', 'litsardakis', 'wangxinjunsdu', 'subhashreesatapathy059', 'jyotisaini26021992', '2017312xie', 'karetta', 'ph19resch11002', 'fjrdz7', '945247824a', 'margostaruch', 'abhilash.mishra', 'frantze', 'alishirisich', 'akashtfl15', 'cenxiaoxiao', 'd.k.de.wal', 'sd538', 'sini300', 'gabriel.chaves', 'polinadybina', 'dgporter', '234gauravshukla', 'ebhatia', 'danilasl', 'jinukurian13', 'physicsjc', 'rlt013', 'dmitry_glydelov', 'rrawat', 'durgamadhab', 'sai.mu1986321', 'chaurasiyaavinash679', 'ricop234', 'fabel', 'enboz1', 'apokhrel', 'mohamad.neari', 'ariam.mora', 'ec2886', 'mattcarey', 'eckbergc', 'adamgw', 'raghavposti', 'wagled', 'liuxiaocen', 'pradeep1', 'h4ren', 'jrsoruco', 'kevon20', 'franciscoayalarodriguez', 'junyiwu2', 'yenlin.jack.huang', 'kurdulla', 'devkapil108', 'kateel18', 'kpmondal', 'vanbeeksimon', 'dlwzxdl', 'ql63', 'rdutra87', 'prabhanjandk', 'bnepal2020', 'fabiasta229', 'cenliu', 'jonathongeorgesmith98', 'iaharris', 'songck107', 'maccallumr', 'nishthavats', 'gabomicro9', 'm_golebiewski', 'jpsinnecker', 'jmhong']"
2,175,243,6,5,"['liuxiaocen', 'cenxiaoquan', 'cenliu', 'cenxiaoxiao', 'cenxiao']",238,"['sreya.pal64', 'cristirotarescu10', 'viratmehta', 'yingyingwu', 'remi.lierdeman', 'prendevl', 'jychoi607', 'dguarisco', 'zhang_qi', 'pietro.carrara', 'vg264', 'jpdomann', 'koolman2', 'zxiao2015', 'farenheit.200', 'ph19resch02004', 'pedro.david.28', 'bcmcgold', 'hjang', 'mazheng2016', 'jaivardr', 'wbbeeson', 'eduardo.saavedra.d', 'venug012', 'kang_wang', 'ericliu1986', 'sabantirpanci', 'oommfylhuang', 'phacl', 'arunabhmukherjee2', 'k18111003', 'djesahell', 'jsshim2', 'fvilsmeier', 'yl664', 'smcvitie', 'mguo016', 'rotarescucristian', 'sutapa12', 'mmishner', 'dedicated9q', 'zenobius01', 'fugutian', 'szanjani16', 'wfang3', 'zriedel2', 'sayakdg1', 'maximelecomte', 'anamhanif', 'christian.rinaldi', 'mmvf', 'mmwinchell', 'rcbhatt', 'cristopher.morales', 'inyang180', 'huan1746', 'veronica.bahoz', 'miss.namrata08', 'jehong', 'liacompton', 'monicam.salazarc', 'debi_rianto', 'matia90', 'kkhuang95', 'enrique.cobas', 'kwiegand', 'fredrendell7', 'nunocacoilo', 'joshchou', 'bloom261', 'kawakami.15', 'nishashahi', 'jamal9235', 'chaos57', 'coiodilia', 'joelin20202', 'dearsomesh', 'diegoalba', 'hohldag', 'mhdguimaraes', 'moditma', 'cmoralesc', 'prashanthchitimireddy', 'xxu50', 'eravera', 'yuhuastonefu', 'p_das', 'zhou0528', 'mamangyuan', 'olafvanterve', 'abirshadman', 'jiangsheng0908', 'emilie.jue', 'semori', 'abhimahour72', '9azazel', 'ankitphy', 'jeremy93808', 'yx322', 'davidnavasotero', 'smithd22', 'das.shekhar89', 'fedorov.andrei', 'alfredo_garcia_arribas', 'jisoo.moon.mr', 'oscariglesias', 'jx750', 'drdario_usf', 'robinchiu', 'fenx', 'samoberdick', 'cheekibreeki', 'bazilevich', 'changming', 'lee02752', 'loic.adrien.broyer', 'msilva6', 'noeminovello', 'eloi.haltz', 'sladak', 'colehardy4059', 'dohar001', 'harrywang003', 'arnayiciar', 'agrama', 'imuwys', 'rjangid', 'cpsaroud', 'daichangting', 'majednashaat', 'pomme', 'njaggi', 'm7deeb', 'dvaz', 'scooter', 'liux1872', 'ansar.awan4256', 'tao123', 'mzubair', 'nadim.chow', 'abbasah', 'ahight', 'sherry96', 'minaxiiiserm', 'cheng.1360', 'crrcrrc', 'abhisek602', 'mdrogers', 'vipulsharma110', 'ssebold', 'dmarcini88', 'pmcgary', 'wsgyzyl', 'yuhang', 'bangarhimanshu9', 'claudia.negrete', 'crong', 'anija_mary_04', 'ssandhoefner3', 'muduli.ps', 'nirjharb', 'souravsh92', 'eduardo.fernandez', 'dmechael', 'astuart7', 'pooh6836', 'mohammed920721', 'ffranco', 'fritchb', 'litsardakis', 'wangxinjunsdu', 'subhashreesatapathy059', 'jyotisaini26021992', '2017312xie', 'karetta', 'ph19resch11002', 'fjrdz7', '945247824a', 'margostaruch', 'abhilash.mishra', 'frantze', 'alishirisich', 'akashtfl15', 'd.k.de.wal', 'sd538', 'sini300', 'gabriel.chaves', 'polinadybina', 'dgporter', '234gauravshukla', 'ebhatia', 'danilasl', 'jinukurian13', 'physicsjc', 'rlt013', 'dmitry_glydelov', 'rrawat', 'durgamadhab', 'sai.mu1986321', 'chaurasiyaavinash679', 'ricop234', 'fabel', 'enboz1', 'apokhrel', 'mohamad.neari', 'ariam.mora', 'ec2886', 'mattcarey', 'eckbergc', 'adamgw', 'raghavposti', 'wagled', 'pradeep1', 'h4ren', 'jrsoruco', 'kevon20', 'franciscoayalarodriguez', 'junyiwu2', 'kurdulla', 'devkapil108', 'kateel18', 'kpmondal', 'vanbeeksimon', 'dlwzxdl', 'ql63', 'rdutra87', 'prabhanjandk', 'bnepal2020', 'fabiasta229', 'jonathongeorgesmith98', 'iaharris', 'songck107', 'maccallumr', 'nishthavats', 'gabomicro9', 'm_golebiewski', 'jpsinnecker', 'jmhong']",1,['liuxiaoquan123'],244,"['sreya.pal64', 'cristirotarescu10', 'viratmehta', 'yingyingwu', 'remi.lierdeman', 'prendevl', 'jychoi607', 'dguarisco', 'zhang_qi', 'pietro.carrara', 'vg264', 'jpdomann', 'koolman2', 'zxiao2015', 'farenheit.200', 'ph19resch02004', 'pedro.david.28', 'bcmcgold', 'hjang', 'mazheng2016', 'jaivardr', 'wbbeeson', 'eduardo.saavedra.d', 'venug012', 'kang_wang', 'ericliu1986', 'sabantirpanci', 'oommfylhuang', 'phacl', 'arunabhmukherjee2', 'k18111003', 'djesahell', 'jsshim2', 'fvilsmeier', 'yl664', 'smcvitie', 'mguo016', 'rotarescucristian', 'sutapa12', 'mmishner', 'dedicated9q', 'zenobius01', 'fugutian', 'szanjani16', 'wfang3', 'zriedel2', 'sayakdg1', 'maximelecomte', 'anamhanif', 'christian.rinaldi', 'mmvf', 'mmwinchell', 'rcbhatt', 'cenxiao', 'cristopher.morales', 'inyang180', 'huan1746', 'veronica.bahoz', 'miss.namrata08', 'jehong', 'liacompton', 'monicam.salazarc', 'debi_rianto', 'matia90', 'kkhuang95', 'enrique.cobas', 'kwiegand', 'fredrendell7', 'nunocacoilo', 'joshchou', 'bloom261', 'kawakami.15', 'nishashahi', 'jamal9235', 'chaos57', 'coiodilia', 'joelin20202', 'dearsomesh', 'diegoalba', 'hohldag', 'mhdguimaraes', 'moditma', 'cmoralesc', 'prashanthchitimireddy', 'xxu50', 'eravera', 'yuhuastonefu', 'p_das', 'zhou0528', 'mamangyuan', 'olafvanterve', 'abirshadman', 'jiangsheng0908', 'emilie.jue', 'semori', 'abhimahour72', '9azazel', 'ankitphy', 'liuxiaoquan123', 'jeremy93808', 'yx322', 'davidnavasotero', 'smithd22', 'das.shekhar89', 'fedorov.andrei', 'alfredo_garcia_arribas', 'jisoo.moon.mr', 'oscariglesias', 'jx750', 'drdario_usf', 'robinchiu', 'fenx', 'samoberdick', 'cheekibreeki', 'bazilevich', 'changming', 'lee02752', 'loic.adrien.broyer', 'msilva6', 'noeminovello', 'eloi.haltz', 'sladak', 'colehardy4059', 'dohar001', 'harrywang003', 'arnayiciar', 'agrama', 'imuwys', 'rjangid', 'cpsaroud', 'daichangting', 'majednashaat', 'pomme', 'njaggi', 'm7deeb', 'dvaz', 'scooter', 'liux1872', 'ansar.awan4256', 'tao123', 'mzubair', 'nadim.chow', 'abbasah', 'ahight', 'sherry96', 'minaxiiiserm', 'cheng.1360', 'crrcrrc', 'abhisek602', 'mdrogers', 'vipulsharma110', 'ssebold', 'dmarcini88', 'pmcgary', 'wsgyzyl', 'yuhang', 'bangarhimanshu9', 'claudia.negrete', 'crong', 'anija_mary_04', 'ssandhoefner3', 'cenxiaoquan', 'muduli.ps', 'nirjharb', 'souravsh92', 'eduardo.fernandez', 'dmechael', 'astuart7', 'pooh6836', 'mohammed920721', 'ffranco', 'fritchb', 'litsardakis', 'wangxinjunsdu', 'subhashreesatapathy059', 'jyotisaini26021992', '2017312xie', 'karetta', 'ph19resch11002', 'fjrdz7', '945247824a', 'margostaruch', 'abhilash.mishra', 'frantze', 'alishirisich', 'akashtfl15', 'cenxiaoxiao', 'd.k.de.wal', 'sd538', 'sini300', 'gabriel.chaves', 'polinadybina', 'dgporter', '234gauravshukla', 'ebhatia', 'danilasl', 'jinukurian13', 'physicsjc', 'rlt013', 'dmitry_glydelov', 'rrawat', 'durgamadhab', 'sai.mu1986321', 'chaurasiyaavinash679', 'ricop234', 'fabel', 'enboz1', 'apokhrel', 'mohamad.neari', 'ariam.mora', 'ec2886', 'mattcarey', 'eckbergc', 'adamgw', 'raghavposti', 'wagled', 'liuxiaocen', 'pradeep1', 'h4ren', 'jrsoruco', 'kevon20', 'franciscoayalarodriguez', 'junyiwu2', 'kurdulla', 'devkapil108', 'kateel18', 'kpmondal', 'vanbeeksimon', 'dlwzxdl', 'ql63', 'rdutra87', 'prabhanjandk', 'bnepal2020', 'fabiasta229', 'cenliu', 'jonathongeorgesmith98', 'iaharris', 'songck107', 'maccallumr', 'nishthavats', 'gabomicro9', 'm_golebiewski', 'jpsinnecker', 'jmhong']"
3,66,195,225,144,"['abosshar', 'deshmukp', 'msargen', 'jaloi', 'natoli0', 'malhamm', 'awoodwa', 'freyg', 'slillig', 'klipiszk', 'hschennu', 'tglavan', 'amcgoff', 'lthursto', 'lrigsbee', 'xu1085', 'peter514', 'marito', 'kbebris', 'choi333', 'mart1380', 'jeigenbr', 'jlorah', 'patel731', 'engc', 'ecave', 'mfess', 'zubik', 'nkhuu', 'terry51', 'amoravec', 'smit3177', 'agrillo', 'xose.amo', 'rathi4', 'chao26', 'zfrank64', 'hillej', 'sgrzych', 'ceckste', 'adams410', 'bwitchie', 'rweedon', 'yang1865', 'tdarmon20', 'sedgerto', 'davidsml', 'anniebreidinger', 'xul9044', 'baile261', 'daviskahmann', 'chiang56', 'gcesar', 'wonhyukdo', 'bgrandst', 'dewittl', 'efeldman', 'ghosh36', 'racroth35', 'schuman1', 'jfitzhu', 'cregers', 'colewilloughby1125', 'hsmoke', 'allnic21', 'mart1180', 'tpownell', 'gezbbl7', 'verma52', 'mohdshah', 'pickera', 'cvasq69', 'li3604', 'ewilhite', 'adamdmiller17', 'awennin', 'kinserc', 'ander754', 'nwegh2017', 'glevine', 'koverley', 'rroggema', 'bamorim', 'cmenden', 'mcginn1', 'cwidak', 'cheeseballs99', 'ccurto', 'white559', 'rhinesj', 'woo49', 'stark22', 'aperitor', 'bullock8', 'uuraechu', 'gct246', 'kozelr', 'george92', 'ltoy', 'ftangpoo', 'jhulsize', 'jin376', 'dlarocco', 'bcasler', 'singer15', 'edreifue', 'gupta393', 'lmackin', 'msulaima', 'hill399', 'cccyyj720', 'apanuga', 'bkeel', 'vkolar', 'chen2122', 'dmassow', 'lawrencr', 'goodma27', 'kzeligso', 'mart1391', 'dragoneye', 'saboa', 'iyengar1', 'harri670', 'etitheyeti98', 'gao499', 'tnoor', 'jmacatan', 'bowman96', 'ithakor', 'rumplem', 'ali113', 'lm45000', 'abhalcha', 'mmohdzai', 'bcaffert', 'mmshank16', 'li2722', 'lee2614', 'ellis99', 'wisler0', 'eloewe', 'mtrivell', 'akick']",51,"['17scotta', 'bpolinsk', 'tuckerz', 'mgubbi', 'jbuehrle', 'ferree1', 'rutherfb', 'behrr', 'mill2119', 'sanjiv3damo', 'stapletl', 'kswartzb', 'gavinneyman', 'alotaib6', 'nabdrahn', 'lyanni', 'egarayev', 'akansky', 'nail', 'gmantey', 'kumar212', 'fergu101', 'payne71', 'cdtorres', 'jnasiboov', 'jonathanlimp87', 'wning', 'li2709', 'pillai7', 'tu37', 'epiergal', 'vudayamo', 'mpisoni', 'rturk8292', 'slosing', 'ctsioli', 'harbinz', 'kvansan', 'aleidli', 'jboulayd', 'eashburn', 'tl0120', 'pcastagn', 'dkuen', 'coolnikitav', 'atruver', 'nikitasridhar14', 'richg', 'ross217', 'everbru', 'abelkiew']",81,"['dunca108', 'lowe77.purdue', 'winstontinople', 'dangratz99', 'smit3184', 'psmading', 'suixiong8', 'jone1573', 'rdrager', 'jess24', 'cblackm', 'lswentor', 'yao201', 'hopkin43', 'akapko', 'wertzm', 'justindcambridge', 'patel784', 'gnishibu', 'flore170', 'layyar', 'abora', 'thornt21', 'abreidin', 'lauerc', 'wade59', 'dleoni', 'bernarm', 's1p6a1r8a', 'konerua', 'jo46', 'mheighwa', 'iczajkow', 'stewa238', 'brewer66', 'ltopliff', 'richtern', 'kiefern', 'nfei', 'ericshen628', 'redmanr', 'nnoraziz', 'shethm', 'lregalad', 'siu2', 'ghais', 'girouxm', 'ashwarts', 'boyle49', 'smit3458', 'cibrahim', 'jvanben', 'aaprelik', 'pattiya2002', 'qpitter', 'davidrgowan', 'nhuntine', 'hall363', 'wang3138', 'jmickow', 'ttayeb', 'cho372', 'zhao988', 'kmotwan', 'dixon82', 'choyc', 'abano', 'hgrover', 'mtbarrette01', 'liu2512', 'gleasonb', 'pcase', 'moore763', 'schro118', 'butzz', 'sanjivdamodaran', 'peck28', 'deane1', 'mann78', 'zhan2846', 'roj']",276,"['dunca108', 'abosshar', 'lowe77.purdue', 'deshmukp', 'msargen', 'jaloi', 'behrr', 'amcgoff', 'lthursto', 'lrigsbee', 'xu1085', 'lyanni', 'jess24', 'marito', 'jlorah', 'patel731', 'ecave', 'cblackm', 'zubik', 'nkhuu', 'yao201', 'kvansan', 'akapko', 'aleidli', 'justindcambridge', 'zfrank64', 'patel784', 'dkuen', 'gnishibu', 'richg', 'tdarmon20', 'davidsml', 'chiang56', 'gcesar', 'dewittl', 'stapletl', 'egarayev', 'dleoni', 's1p6a1r8a', 'racroth35', 'schuman1', 'cregers', 'konerua', 'colewilloughby1125', 'jo46', 'mart1180', 'epiergal', 'mheighwa', 'mpisoni', 'gezbbl7', 'verma52', 'slosing', 'pickera', 'cvasq69', 'ewilhite', 'richtern', 'tl0120', 'awennin', 'ander754', 'ltopliff', 'koverley', 'rroggema', 'bamorim', '17scotta', 'bpolinsk', 'mcginn1', 'lregalad', 'rutherfb', 'girouxm', 'white559', 'boyle49', 'rhinesj', 'woo49', 'stark22', 'kumar212', 'payne71', 'cibrahim', 'jvanben', 'aperitor', 'pattiya2002', 'qpitter', 'gct246', 'george92', 'ltoy', 'harbinz', 'davidrgowan', 'nhuntine', 'jhulsize', 'jboulayd', 'jin376', 'hall363', 'wang3138', 'jmickow', 'cho372', 'dlarocco', 'bcasler', 'singer15', 'edreifue', 'gupta393', 'kmotwan', 'apanuga', 'choyc', 'abano', 'vkolar', 'chen2122', 'lawrencr', 'mart1391', 'mtbarrette01', 'dragoneye', 'saboa', 'moore763', 'jnasiboov', 'gao499', 'li2709', 'bowman96', 'rturk8292', 'sanjivdamodaran', 'ctsioli', 'rumplem', 'lm45000', 'peck28', 'eashburn', 'mmshank16', 'lee2614', 'ellis99', 'nikitasridhar14', 'eloewe', 'roj', 'akick', 'tuckerz', 'natoli0', 'malhamm', 'awoodwa', 'freyg', 'slillig', 'klipiszk', 'hschennu', 'winstontinople', 'tglavan', 'dangratz99', 'smit3184', 'psmading', 'mill2119', 'kswartzb', 'suixiong8', 'jone1573', 'rdrager', 'peter514', 'nail', 'kbebris', 'choi333', 'mart1380', 'jeigenbr', 'cdtorres', 'engc', 'mfess', 'lswentor', 'tu37', 'terry51', 'hopkin43', 'amoravec', 'smit3177', 'agrillo', 'xose.amo', 'rathi4', 'wertzm', 'chao26', 'hillej', 'sgrzych', 'ceckste', 'adams410', 'bwitchie', 'rweedon', 'flore170', 'ross217', 'yang1865', 'layyar', 'sedgerto', 'abora', 'anniebreidinger', 'thornt21', 'xul9044', 'jbuehrle', 'baile261', 'daviskahmann', 'abreidin', 'wonhyukdo', 'bgrandst', 'lauerc', 'wade59', 'gavinneyman', 'nabdrahn', 'efeldman', 'akansky', 'bernarm', 'ghosh36', 'jfitzhu', 'jonathanlimp87', 'hsmoke', 'allnic21', 'wning', 'tpownell', 'mohdshah', 'li3604', 'iczajkow', 'stewa238', 'adamdmiller17', 'brewer66', 'kinserc', 'nwegh2017', 'glevine', 'kiefern', 'nfei', 'ericshen628', 'redmanr', 'nnoraziz', 'cmenden', 'shethm', 'mgubbi', 'ferree1', 'cwidak', 'siu2', 'cheeseballs99', 'ghais', 'ccurto', 'ashwarts', 'alotaib6', 'smit3458', 'zhan2846', 'gmantey', 'fergu101', 'aaprelik', 'bullock8', 'uuraechu', 'kozelr', 'ftangpoo', 'ttayeb', 'zhao988', 'lmackin', 'msulaima', 'hill399', 'dixon82', 'cccyyj720', 'bkeel', 'hgrover', 'dmassow', 'goodma27', 'kzeligso', 'sanjiv3damo', 'liu2512', 'gleasonb', 'pcase', 'iyengar1', 'harri670', 'etitheyeti98', 'schro118', 'butzz', 'tnoor', 'pillai7', 'jmacatan', 'vudayamo', 'ithakor', 'ali113', 'abhalcha', 'mmohdzai', 'bcaffert', 'deane1', 'li2722', 'pcastagn', 'coolnikitav', 'atruver', 'wisler0', 'mann78', 'everbru', 'abelkiew', 'mtrivell']"
3,108,195,73,1,['mtrivell'],194,"['abosshar', 'deshmukp', 'msargen', 'jaloi', 'tuckerz', 'natoli0', 'malhamm', 'awoodwa', 'freyg', 'slillig', 'klipiszk', 'hschennu', 'behrr', 'tglavan', 'amcgoff', 'mill2119', 'lthursto', 'kswartzb', 'lrigsbee', 'xu1085', 'peter514', 'lyanni', 'nail', 'marito', 'kbebris', 'choi333', 'mart1380', 'jeigenbr', 'cdtorres', 'jlorah', 'patel731', 'engc', 'ecave', 'mfess', 'zubik', 'nkhuu', 'tu37', 'terry51', 'amoravec', 'smit3177', 'agrillo', 'xose.amo', 'kvansan', 'aleidli', 'rathi4', 'chao26', 'zfrank64', 'hillej', 'sgrzych', 'dkuen', 'ceckste', 'adams410', 'bwitchie', 'rweedon', 'richg', 'ross217', 'yang1865', 'tdarmon20', 'sedgerto', 'davidsml', 'anniebreidinger', 'xul9044', 'jbuehrle', 'baile261', 'daviskahmann', 'chiang56', 'gcesar', 'wonhyukdo', 'bgrandst', 'dewittl', 'stapletl', 'gavinneyman', 'efeldman', 'nabdrahn', 'egarayev', 'akansky', 'ghosh36', 'racroth35', 'schuman1', 'jfitzhu', 'jonathanlimp87', 'cregers', 'colewilloughby1125', 'hsmoke', 'allnic21', 'wning', 'mart1180', 'tpownell', 'epiergal', 'mpisoni', 'gezbbl7', 'verma52', 'slosing', 'mohdshah', 'pickera', 'abelkiew', 'cvasq69', 'li3604', 'ewilhite', 'adamdmiller17', 'tl0120', 'awennin', 'kinserc', 'ander754', 'nwegh2017', 'glevine', 'koverley', 'rroggema', 'bamorim', '17scotta', 'bpolinsk', 'cmenden', 'mgubbi', 'ferree1', 'mcginn1', 'cwidak', 'rutherfb', 'cheeseballs99', 'ccurto', 'white559', 'alotaib6', 'rhinesj', 'woo49', 'stark22', 'kumar212', 'gmantey', 'fergu101', 'payne71', 'aperitor', 'bullock8', 'uuraechu', 'gct246', 'kozelr', 'george92', 'ltoy', 'harbinz', 'ftangpoo', 'jhulsize', 'jboulayd', 'jin376', 'dlarocco', 'bcasler', 'singer15', 'edreifue', 'gupta393', 'lmackin', 'msulaima', 'hill399', 'cccyyj720', 'apanuga', 'bkeel', 'vkolar', 'chen2122', 'dmassow', 'lawrencr', 'goodma27', 'kzeligso', 'mart1391', 'sanjiv3damo', 'dragoneye', 'saboa', 'iyengar1', 'harri670', 'etitheyeti98', 'jnasiboov', 'gao499', 'tnoor', 'li2709', 'pillai7', 'jmacatan', 'bowman96', 'vudayamo', 'rturk8292', 'ithakor', 'ctsioli', 'rumplem', 'ali113', 'lm45000', 'eashburn', 'abhalcha', 'mmohdzai', 'bcaffert', 'mmshank16', 'li2722', 'pcastagn', 'lee2614', 'ellis99', 'coolnikitav', 'atruver', 'nikitasridhar14', 'wisler0', 'everbru', 'eloewe', 'akick']",72,"['rojas23', 'jmeneze', 'jstalba', 'ncnweb_outreach2', 'eheikens', 'bhartant', 'matar', 'bmodel', 'satishbgowda', 'lowe52', 'ford.l.piano.guitar', 'desai61', 'jo30', 'gtribe', 'kulkar72', 'hu509', 'rnaon', 'faltens', 'dewey2', 'aavlani', 'jverduzc', 'ericks23', 'fvora', 'kkoradiy', 'vogel30', 'ncnweb_outreach1', 'alafzi', 'sharm284', 'zprofio', 'wang4084', 'byant', 'callahap', 'pnagrani', 'anaon', 'shanks5', 'ununez', 'smit3159', 'ganeshm', 'skarumur', 'savetian', 'yao201', 'reyno105', 'sah1', 'paulmather', 'owen22', 'dfarache', 'mademoiselle0812', 'ssaradhi', 'dbenham', 'abuganza', 'peter496', 'lgreenle', 'mfarnell', 'ja37989', 'deshpan3', 'askipwor', 'gchsong', 'jpiazza', 'mcclurez', 'conley39', 'tan254', 'osantang', 'jianwen97', 'kswiatk', 'aidanc_purdue', 'patkip', 'li2736', 'jpdero2', 'titus9', 'petrosky', 'han602', 'jung248']",267,"['abosshar', 'jmeneze', 'deshmukp', 'eheikens', 'msargen', 'jaloi', 'tuckerz', 'bmodel', 'satishbgowda', 'natoli0', 'jo30', 'malhamm', 'awoodwa', 'freyg', 'slillig', 'klipiszk', 'hschennu', 'behrr', 'faltens', 'amcgoff', 'tglavan', 'mill2119', 'lthursto', 'kswartzb', 'lrigsbee', 'ncnweb_outreach1', 'xu1085', 'peter514', 'lyanni', 'alafzi', 'nail', 'marito', 'kbebris', 'choi333', 'mart1380', 'jeigenbr', 'callahap', 'pnagrani', 'jlorah', 'patel731', 'engc', 'ecave', 'mfess', 'zubik', 'skarumur', 'nkhuu', 'yao201', 'tu37', 'sah1', 'terry51', 'ssaradhi', 'amoravec', 'smit3177', 'agrillo', 'xose.amo', 'kvansan', 'aleidli', 'rathi4', 'chao26', 'zfrank64', 'hillej', 'sgrzych', 'dkuen', 'ceckste', 'adams410', 'aidanc_purdue', 'bwitchie', 'rweedon', 'richg', 'ross217', 'yang1865', 'tdarmon20', 'jpdero2', 'sedgerto', 'ja37989', 'rojas23', 'ncnweb_outreach2', 'jstalba', 'davidsml', 'anniebreidinger', 'xul9044', 'jbuehrle', 'lowe52', 'baile261', 'desai61', 'hu509', 'kulkar72', 'daviskahmann', 'chiang56', 'gcesar', 'dewey2', 'wonhyukdo', 'bgrandst', 'dewittl', 'eloewe', 'stapletl', 'gavinneyman', 'nabdrahn', 'egarayev', 'efeldman', 'akansky', 'ghosh36', 'racroth35', 'schuman1', 'jfitzhu', 'zprofio', 'wang4084', 'jonathanlimp87', 'byant', 'anaon', 'cregers', 'smit3159', 'colewilloughby1125', 'hsmoke', 'allnic21', 'wning', 'mart1180', 'tpownell', 'epiergal', 'mpisoni', 'gezbbl7', 'verma52', 'slosing', 'mohdshah', 'pickera', 'peter496', 'lgreenle', 'abelkiew', 'deshpan3', 'cvasq69', 'li3604', 'gchsong', 'ewilhite', 'adamdmiller17', 'mcclurez', 'conley39', 'tl0120', 'awennin', 'kinserc', 'ander754', 'nwegh2017', 'jianwen97', 'glevine', 'titus9', 'petrosky', 'koverley', 'rroggema', 'han602', 'bamorim', 'jung248', '17scotta', 'bpolinsk', 'cmenden', 'bhartant', 'mgubbi', 'ferree1', 'mcginn1', 'ford.l.piano.guitar', 'cwidak', 'rutherfb', 'cheeseballs99', 'aavlani', 'ccurto', 'fvora', 'vogel30', 'white559', 'alotaib6', 'rhinesj', 'woo49', 'stark22', 'kumar212', 'gmantey', 'fergu101', 'payne71', 'aperitor', 'bullock8', 'uuraechu', 'ununez', 'gct246', 'kozelr', 'savetian', 'george92', 'ltoy', 'paulmather', 'owen22', 'mademoiselle0812', 'dbenham', 'abuganza', 'harbinz', 'ftangpoo', 'mfarnell', 'jhulsize', 'jboulayd', 'jin376', 'jpiazza', 'tan254', 'patkip', 'li2736', 'dlarocco', 'bcasler', 'singer15', 'edreifue', 'gupta393', 'lmackin', 'msulaima', 'hill399', 'cccyyj720', 'apanuga', 'matar', 'gtribe', 'bkeel', 'vkolar', 'chen2122', 'dmassow', 'lawrencr', 'goodma27', 'rnaon', 'kzeligso', 'jverduzc', 'ericks23', 'mart1391', 'sanjiv3damo', 'kkoradiy', 'dragoneye', 'saboa', 'sharm284', 'iyengar1', 'harri670', 'etitheyeti98', 'jnasiboov', 'shanks5', 'gao499', 'ganeshm', 'tnoor', 'li2709', 'pillai7', 'jmacatan', 'bowman96', 'vudayamo', 'rturk8292', 'ithakor', 'reyno105', 'dfarache', 'ctsioli', 'rumplem', 'ali113', 'lm45000', 'askipwor', 'eashburn', 'abhalcha', 'mmohdzai', 'bcaffert', 'osantang', 'mmshank16', 'kswiatk', 'li2722', 'pcastagn', 'lee2614', 'ellis99', 'coolnikitav', 'atruver', 'nikitasridhar14', 'wisler0', 'everbru', 'cdtorres', 'mtrivell', 'akick']"
3,54,195,44,40,"['17scotta', 'davidsml', 'deshmukp', 'cmenden', 'jaloi', 'cccyyj720', 'rutherfb', 'daviskahmann', 'amcgoff', 'ccurto', 'white559', 'efeldman', 'nail', 'gmantey', 'jeigenbr', 'cdtorres', 'jnasiboov', 'bullock8', 'uuraechu', 'cregers', 'colewilloughby1125', 'zubik', 'wning', 'rturk8292', 'epiergal', 'mpisoni', 'msulaima', 'amoravec', 'aleidli', 'chao26', 'li3604', 'jin376', 'ewilhite', 'zfrank64', 'mmohdzai', 'yang1865', 'li2722', 'dlarocco', 'abelkiew', 'sedgerto']",155,"['abosshar', 'msargen', 'tuckerz', 'natoli0', 'malhamm', 'awoodwa', 'freyg', 'slillig', 'klipiszk', 'hschennu', 'behrr', 'tglavan', 'mill2119', 'lthursto', 'kswartzb', 'lrigsbee', 'xu1085', 'peter514', 'lyanni', 'marito', 'kbebris', 'choi333', 'mart1380', 'jlorah', 'patel731', 'engc', 'ecave', 'mfess', 'nkhuu', 'tu37', 'terry51', 'smit3177', 'agrillo', 'xose.amo', 'kvansan', 'rathi4', 'hillej', 'sgrzych', 'dkuen', 'ceckste', 'adams410', 'bwitchie', 'rweedon', 'richg', 'ross217', 'tdarmon20', 'anniebreidinger', 'xul9044', 'jbuehrle', 'baile261', 'chiang56', 'gcesar', 'wonhyukdo', 'bgrandst', 'dewittl', 'eloewe', 'stapletl', 'gavinneyman', 'nabdrahn', 'egarayev', 'akansky', 'ghosh36', 'racroth35', 'schuman1', 'jfitzhu', 'jonathanlimp87', 'hsmoke', 'allnic21', 'mart1180', 'tpownell', 'gezbbl7', 'verma52', 'slosing', 'mohdshah', 'pickera', 'cvasq69', 'adamdmiller17', 'tl0120', 'awennin', 'kinserc', 'ander754', 'nwegh2017', 'glevine', 'koverley', 'rroggema', 'bamorim', 'bpolinsk', 'mgubbi', 'ferree1', 'mcginn1', 'cwidak', 'cheeseballs99', 'alotaib6', 'rhinesj', 'woo49', 'stark22', 'kumar212', 'fergu101', 'payne71', 'aperitor', 'gct246', 'kozelr', 'george92', 'ltoy', 'harbinz', 'ftangpoo', 'jhulsize', 'jboulayd', 'bcasler', 'singer15', 'edreifue', 'gupta393', 'lmackin', 'hill399', 'apanuga', 'bkeel', 'vkolar', 'chen2122', 'dmassow', 'lawrencr', 'goodma27', 'kzeligso', 'mart1391', 'sanjiv3damo', 'dragoneye', 'saboa', 'iyengar1', 'harri670', 'etitheyeti98', 'gao499', 'tnoor', 'li2709', 'pillai7', 'jmacatan', 'bowman96', 'vudayamo', 'ithakor', 'ctsioli', 'rumplem', 'ali113', 'lm45000', 'eashburn', 'abhalcha', 'bcaffert', 'mmshank16', 'pcastagn', 'lee2614', 'ellis99', 'coolnikitav', 'atruver', 'nikitasridhar14', 'wisler0', 'everbru', 'mtrivell', 'akick']",4,"['ydichenk', 'bernarm', 'uasoluka', 'mohanc']",199,"['abosshar', 'deshmukp', 'msargen', 'jaloi', 'tuckerz', 'natoli0', 'malhamm', 'awoodwa', 'freyg', 'slillig', 'klipiszk', 'hschennu', 'behrr', 'amcgoff', 'tglavan', 'mill2119', 'lthursto', 'kswartzb', 'lrigsbee', 'xu1085', 'peter514', 'lyanni', 'nail', 'marito', 'kbebris', 'choi333', 'mart1380', 'jeigenbr', 'jlorah', 'patel731', 'engc', 'ecave', 'mfess', 'zubik', 'nkhuu', 'tu37', 'terry51', 'amoravec', 'smit3177', 'agrillo', 'xose.amo', 'kvansan', 'aleidli', 'rathi4', 'chao26', 'zfrank64', 'hillej', 'sgrzych', 'dkuen', 'ceckste', 'adams410', 'bwitchie', 'rweedon', 'richg', 'ross217', 'yang1865', 'tdarmon20', 'sedgerto', 'davidsml', 'anniebreidinger', 'xul9044', 'jbuehrle', 'baile261', 'daviskahmann', 'chiang56', 'gcesar', 'wonhyukdo', 'bgrandst', 'dewittl', 'eloewe', 'stapletl', 'gavinneyman', 'nabdrahn', 'egarayev', 'efeldman', 'akansky', 'bernarm', 'ghosh36', 'racroth35', 'schuman1', 'jfitzhu', 'jonathanlimp87', 'cregers', 'colewilloughby1125', 'hsmoke', 'allnic21', 'wning', 'mart1180', 'tpownell', 'epiergal', 'mpisoni', 'gezbbl7', 'verma52', 'slosing', 'mohdshah', 'pickera', 'abelkiew', 'cvasq69', 'li3604', 'ewilhite', 'adamdmiller17', 'tl0120', 'awennin', 'kinserc', 'ander754', 'nwegh2017', 'glevine', 'koverley', 'rroggema', 'bamorim', '17scotta', 'bpolinsk', 'cmenden', 'mgubbi', 'ydichenk', 'ferree1', 'mcginn1', 'cwidak', 'rutherfb', 'cheeseballs99', 'ccurto', 'white559', 'alotaib6', 'rhinesj', 'woo49', 'stark22', 'kumar212', 'gmantey', 'fergu101', 'payne71', 'aperitor', 'bullock8', 'uuraechu', 'gct246', 'kozelr', 'george92', 'ltoy', 'harbinz', 'ftangpoo', 'jhulsize', 'jboulayd', 'jin376', 'mohanc', 'dlarocco', 'bcasler', 'singer15', 'edreifue', 'gupta393', 'lmackin', 'msulaima', 'hill399', 'cccyyj720', 'apanuga', 'bkeel', 'vkolar', 'chen2122', 'dmassow', 'lawrencr', 'goodma27', 'kzeligso', 'mart1391', 'sanjiv3damo', 'dragoneye', 'saboa', 'iyengar1', 'harri670', 'etitheyeti98', 'jnasiboov', 'uasoluka', 'gao499', 'tnoor', 'li2709', 'pillai7', 'jmacatan', 'bowman96', 'vudayamo', 'rturk8292', 'ithakor', 'ctsioli', 'rumplem', 'ali113', 'lm45000', 'eashburn', 'abhalcha', 'mmohdzai', 'bcaffert', 'mmshank16', 'li2722', 'pcastagn', 'lee2614', 'ellis99', 'coolnikitav', 'atruver', 'nikitasridhar14', 'wisler0', 'everbru', 'cdtorres', 'mtrivell', 'akick']"
3,65,195,30,5,"['dragoneye', 'awoodwa', 'bullock8', 'gupta393', 'bamorim']",190,"['abosshar', 'deshmukp', 'msargen', 'jaloi', 'tuckerz', 'natoli0', 'malhamm', 'freyg', 'slillig', 'klipiszk', 'hschennu', 'behrr', 'amcgoff', 'tglavan', 'mill2119', 'lthursto', 'kswartzb', 'lrigsbee', 'xu1085', 'peter514', 'lyanni', 'nail', 'marito', 'kbebris', 'choi333', 'mart1380', 'jeigenbr', 'jlorah', 'patel731', 'engc', 'ecave', 'mfess', 'zubik', 'nkhuu', 'tu37', 'terry51', 'amoravec', 'smit3177', 'agrillo', 'xose.amo', 'kvansan', 'aleidli', 'rathi4', 'chao26', 'zfrank64', 'hillej', 'sgrzych', 'dkuen', 'ceckste', 'adams410', 'bwitchie', 'rweedon', 'richg', 'ross217', 'yang1865', 'tdarmon20', 'sedgerto', 'davidsml', 'anniebreidinger', 'xul9044', 'jbuehrle', 'baile261', 'daviskahmann', 'chiang56', 'gcesar', 'wonhyukdo', 'bgrandst', 'dewittl', 'eloewe', 'stapletl', 'gavinneyman', 'nabdrahn', 'egarayev', 'efeldman', 'akansky', 'ghosh36', 'racroth35', 'schuman1', 'jfitzhu', 'jonathanlimp87', 'cregers', 'colewilloughby1125', 'hsmoke', 'allnic21', 'wning', 'mart1180', 'tpownell', 'epiergal', 'mpisoni', 'gezbbl7', 'verma52', 'slosing', 'mohdshah', 'pickera', 'abelkiew', 'cvasq69', 'li3604', 'ewilhite', 'adamdmiller17', 'tl0120', 'awennin', 'kinserc', 'ander754', 'nwegh2017', 'glevine', 'koverley', 'rroggema', '17scotta', 'bpolinsk', 'cmenden', 'mgubbi', 'ferree1', 'mcginn1', 'cwidak', 'rutherfb', 'cheeseballs99', 'ccurto', 'white559', 'alotaib6', 'rhinesj', 'woo49', 'stark22', 'kumar212', 'gmantey', 'fergu101', 'payne71', 'aperitor', 'uuraechu', 'gct246', 'kozelr', 'george92', 'ltoy', 'harbinz', 'ftangpoo', 'jhulsize', 'jboulayd', 'jin376', 'dlarocco', 'bcasler', 'singer15', 'edreifue', 'lmackin', 'msulaima', 'hill399', 'cccyyj720', 'apanuga', 'bkeel', 'vkolar', 'chen2122', 'dmassow', 'lawrencr', 'goodma27', 'kzeligso', 'mart1391', 'sanjiv3damo', 'saboa', 'iyengar1', 'harri670', 'etitheyeti98', 'jnasiboov', 'gao499', 'tnoor', 'li2709', 'pillai7', 'jmacatan', 'bowman96', 'vudayamo', 'rturk8292', 'ithakor', 'ctsioli', 'rumplem', 'ali113', 'lm45000', 'eashburn', 'abhalcha', 'mmohdzai', 'bcaffert', 'mmshank16', 'li2722', 'pcastagn', 'lee2614', 'ellis99', 'coolnikitav', 'atruver', 'nikitasridhar14', 'wisler0', 'everbru', 'cdtorres', 'mtrivell', 'akick']",25,"['gutman', 'rollere', 'zhangruichao2000', 'son27', 'gkao', 'jingxinwang8', 'yuminghym', 'stubbsj15', 'noh12', 'bmirvish', 'lauerc', 'jone1429', 'jonescw79', 'eponsdel', 'ander568', 'kimura', 'selkin', 'liueddyxinlue', 'cdeppen', 'richtern', 'levy27', 'dobos', 'yingningfan', 'scottkenning3', 'hsymond']",220,"['abosshar', 'gutman', 'deshmukp', 'msargen', 'jaloi', 'tuckerz', 'natoli0', 'malhamm', 'awoodwa', 'freyg', 'slillig', 'klipiszk', 'hschennu', 'behrr', 'amcgoff', 'tglavan', 'stubbsj15', 'mill2119', 'bmirvish', 'lthursto', 'kswartzb', 'lrigsbee', 'xu1085', 'peter514', 'lyanni', 'nail', 'marito', 'kbebris', 'choi333', 'mart1380', 'jeigenbr', 'jlorah', 'patel731', 'engc', 'ecave', 'mfess', 'zubik', 'nkhuu', 'eponsdel', 'tu37', 'ander568', 'terry51', 'amoravec', 'smit3177', 'agrillo', 'xose.amo', 'kvansan', 'aleidli', 'rathi4', 'cdeppen', 'chao26', 'zfrank64', 'hillej', 'sgrzych', 'dobos', 'dkuen', 'ceckste', 'adams410', 'bwitchie', 'rweedon', 'richg', 'ross217', 'yang1865', 'tdarmon20', 'sedgerto', 'hsymond', 'davidsml', 'zhangruichao2000', 'anniebreidinger', 'xul9044', 'jbuehrle', 'baile261', 'daviskahmann', 'chiang56', 'gcesar', 'yuminghym', 'wonhyukdo', 'bgrandst', 'lauerc', 'dewittl', 'eloewe', 'stapletl', 'gavinneyman', 'nabdrahn', 'egarayev', 'efeldman', 'akansky', 'ghosh36', 'racroth35', 'schuman1', 'jfitzhu', 'jonathanlimp87', 'cregers', 'colewilloughby1125', 'hsmoke', 'allnic21', 'wning', 'mart1180', 'tpownell', 'epiergal', 'mpisoni', 'gezbbl7', 'verma52', 'slosing', 'mohdshah', 'pickera', 'kimura', 'abelkiew', 'selkin', 'liueddyxinlue', 'cvasq69', 'li3604', 'ewilhite', 'adamdmiller17', 'richtern', 'tl0120', 'awennin', 'kinserc', 'ander754', 'nwegh2017', 'yingningfan', 'glevine', 'koverley', 'rroggema', 'bamorim', '17scotta', 'rollere', 'son27', 'bpolinsk', 'cmenden', 'gkao', 'mgubbi', 'ferree1', 'mcginn1', 'cwidak', 'rutherfb', 'cheeseballs99', 'jingxinwang8', 'ccurto', 'white559', 'alotaib6', 'rhinesj', 'woo49', 'stark22', 'kumar212', 'gmantey', 'fergu101', 'payne71', 'aperitor', 'bullock8', 'uuraechu', 'jone1429', 'gct246', 'kozelr', 'george92', 'ltoy', 'harbinz', 'ftangpoo', 'jhulsize', 'jboulayd', 'jin376', 'scottkenning3', 'dlarocco', 'bcasler', 'singer15', 'edreifue', 'gupta393', 'lmackin', 'msulaima', 'hill399', 'cccyyj720', 'apanuga', 'bkeel', 'vkolar', 'chen2122', 'dmassow', 'lawrencr', 'goodma27', 'kzeligso', 'mart1391', 'noh12', 'sanjiv3damo', 'dragoneye', 'saboa', 'iyengar1', 'harri670', 'etitheyeti98', 'jnasiboov', 'gao499', 'tnoor', 'li2709', 'pillai7', 'jonescw79', 'jmacatan', 'bowman96', 'vudayamo', 'rturk8292', 'ithakor', 'ctsioli', 'rumplem', 'ali113', 'lm45000', 'eashburn', 'abhalcha', 'mmohdzai', 'bcaffert', 'mmshank16', 'levy27', 'li2722', 'pcastagn', 'lee2614', 'ellis99', 'coolnikitav', 'atruver', 'nikitasridhar14', 'wisler0', 'everbru', 'cdtorres', 'mtrivell', 'akick']"
3,120,195,24,22,"['anniebreidinger', 'ferree1', 'awoodwa', 'mart1391', 'sanjiv3damo', 'stapletl', 'lrigsbee', 'akansky', 'etitheyeti98', 'kumar212', 'gct246', 'nkhuu', 'smit3177', 'pickera', 'coolnikitav', 'richg', 'ross217', 'everbru', 'singer15', 'koverley', 'lmackin', 'bamorim']",173,"['abosshar', 'deshmukp', 'msargen', 'jaloi', 'tuckerz', 'natoli0', 'malhamm', 'freyg', 'slillig', 'klipiszk', 'hschennu', 'behrr', 'amcgoff', 'tglavan', 'mill2119', 'lthursto', 'kswartzb', 'xu1085', 'peter514', 'lyanni', 'nail', 'marito', 'kbebris', 'choi333', 'mart1380', 'jeigenbr', 'jlorah', 'patel731', 'engc', 'ecave', 'mfess', 'zubik', 'tu37', 'terry51', 'amoravec', 'agrillo', 'xose.amo', 'kvansan', 'aleidli', 'rathi4', 'chao26', 'zfrank64', 'hillej', 'sgrzych', 'dkuen', 'ceckste', 'adams410', 'bwitchie', 'rweedon', 'yang1865', 'tdarmon20', 'sedgerto', 'davidsml', 'xul9044', 'jbuehrle', 'baile261', 'daviskahmann', 'chiang56', 'gcesar', 'wonhyukdo', 'bgrandst', 'dewittl', 'eloewe', 'gavinneyman', 'nabdrahn', 'egarayev', 'efeldman', 'ghosh36', 'racroth35', 'schuman1', 'jfitzhu', 'jonathanlimp87', 'cregers', 'colewilloughby1125', 'hsmoke', 'allnic21', 'wning', 'mart1180', 'tpownell', 'epiergal', 'mpisoni', 'gezbbl7', 'verma52', 'slosing', 'mohdshah', 'abelkiew', 'cvasq69', 'li3604', 'ewilhite', 'adamdmiller17', 'tl0120', 'awennin', 'kinserc', 'ander754', 'nwegh2017', 'glevine', 'rroggema', '17scotta', 'bpolinsk', 'cmenden', 'mgubbi', 'mcginn1', 'cwidak', 'rutherfb', 'cheeseballs99', 'ccurto', 'white559', 'alotaib6', 'rhinesj', 'woo49', 'stark22', 'gmantey', 'fergu101', 'payne71', 'aperitor', 'bullock8', 'uuraechu', 'kozelr', 'george92', 'ltoy', 'harbinz', 'ftangpoo', 'jhulsize', 'jboulayd', 'jin376', 'dlarocco', 'bcasler', 'edreifue', 'gupta393', 'msulaima', 'hill399', 'cccyyj720', 'apanuga', 'bkeel', 'vkolar', 'chen2122', 'dmassow', 'lawrencr', 'goodma27', 'kzeligso', 'dragoneye', 'saboa', 'iyengar1', 'harri670', 'jnasiboov', 'gao499', 'tnoor', 'li2709', 'pillai7', 'jmacatan', 'bowman96', 'vudayamo', 'rturk8292', 'ithakor', 'ctsioli', 'rumplem', 'ali113', 'lm45000', 'eashburn', 'abhalcha', 'mmohdzai', 'bcaffert', 'mmshank16', 'li2722', 'pcastagn', 'lee2614', 'ellis99', 'atruver', 'nikitasridhar14', 'wisler0', 'cdtorres', 'mtrivell', 'akick']",2,"['sraeisi', 'zhan3624']",197,"['abosshar', 'deshmukp', 'msargen', 'jaloi', 'tuckerz', 'natoli0', 'malhamm', 'awoodwa', 'freyg', 'slillig', 'klipiszk', 'hschennu', 'behrr', 'amcgoff', 'tglavan', 'mill2119', 'lthursto', 'kswartzb', 'lrigsbee', 'xu1085', 'peter514', 'lyanni', 'nail', 'marito', 'kbebris', 'choi333', 'mart1380', 'jeigenbr', 'jlorah', 'patel731', 'engc', 'ecave', 'mfess', 'zubik', 'nkhuu', 'tu37', 'terry51', 'amoravec', 'smit3177', 'agrillo', 'xose.amo', 'kvansan', 'aleidli', 'rathi4', 'chao26', 'zfrank64', 'hillej', 'sgrzych', 'dkuen', 'ceckste', 'adams410', 'bwitchie', 'rweedon', 'richg', 'ross217', 'yang1865', 'tdarmon20', 'zhan3624', 'sedgerto', 'davidsml', 'anniebreidinger', 'xul9044', 'jbuehrle', 'baile261', 'daviskahmann', 'chiang56', 'gcesar', 'wonhyukdo', 'bgrandst', 'dewittl', 'eloewe', 'stapletl', 'gavinneyman', 'nabdrahn', 'egarayev', 'efeldman', 'akansky', 'ghosh36', 'racroth35', 'schuman1', 'jfitzhu', 'jonathanlimp87', 'cregers', 'colewilloughby1125', 'hsmoke', 'allnic21', 'wning', 'mart1180', 'tpownell', 'epiergal', 'mpisoni', 'gezbbl7', 'verma52', 'slosing', 'mohdshah', 'pickera', 'abelkiew', 'cvasq69', 'li3604', 'ewilhite', 'adamdmiller17', 'tl0120', 'awennin', 'kinserc', 'ander754', 'nwegh2017', 'glevine', 'koverley', 'rroggema', 'bamorim', '17scotta', 'bpolinsk', 'cmenden', 'mgubbi', 'ferree1', 'mcginn1', 'cwidak', 'rutherfb', 'cheeseballs99', 'ccurto', 'white559', 'alotaib6', 'rhinesj', 'woo49', 'stark22', 'kumar212', 'gmantey', 'fergu101', 'payne71', 'aperitor', 'bullock8', 'uuraechu', 'gct246', 'kozelr', 'george92', 'ltoy', 'harbinz', 'ftangpoo', 'jhulsize', 'jboulayd', 'jin376', 'dlarocco', 'bcasler', 'singer15', 'edreifue', 'gupta393', 'lmackin', 'msulaima', 'hill399', 'cccyyj720', 'apanuga', 'bkeel', 'vkolar', 'chen2122', 'dmassow', 'lawrencr', 'goodma27', 'kzeligso', 'mart1391', 'sanjiv3damo', 'dragoneye', 'saboa', 'iyengar1', 'harri670', 'etitheyeti98', 'jnasiboov', 'gao499', 'tnoor', 'li2709', 'pillai7', 'jmacatan', 'bowman96', 'vudayamo', 'rturk8292', 'ithakor', 'ctsioli', 'rumplem', 'sraeisi', 'ali113', 'lm45000', 'eashburn', 'abhalcha', 'mmohdzai', 'bcaffert', 'mmshank16', 'li2722', 'pcastagn', 'lee2614', 'ellis99', 'coolnikitav', 'atruver', 'nikitasridhar14', 'wisler0', 'everbru', 'cdtorres', 'mtrivell', 'akick']"
3,72,195,23,15,"['kswartzb', 'tu37', 'xu1085', 'ferree1', 'egarayev', 'nabdrahn', 'slosing', 'ctsioli', 'ellis99', 'harbinz', 'fergu101', 'ross217', 'kvansan', 'rroggema', 'jonathanlimp87']",180,"['abosshar', 'deshmukp', 'msargen', 'jaloi', 'tuckerz', 'natoli0', 'malhamm', 'awoodwa', 'freyg', 'slillig', 'klipiszk', 'hschennu', 'behrr', 'amcgoff', 'tglavan', 'mill2119', 'lthursto', 'lrigsbee', 'peter514', 'lyanni', 'nail', 'marito', 'kbebris', 'choi333', 'mart1380', 'jeigenbr', 'jlorah', 'patel731', 'engc', 'ecave', 'mfess', 'zubik', 'nkhuu', 'terry51', 'amoravec', 'smit3177', 'agrillo', 'xose.amo', 'aleidli', 'rathi4', 'chao26', 'zfrank64', 'hillej', 'sgrzych', 'dkuen', 'ceckste', 'adams410', 'bwitchie', 'rweedon', 'richg', 'yang1865', 'tdarmon20', 'sedgerto', 'davidsml', 'anniebreidinger', 'xul9044', 'jbuehrle', 'baile261', 'daviskahmann', 'chiang56', 'gcesar', 'wonhyukdo', 'bgrandst', 'dewittl', 'eloewe', 'stapletl', 'gavinneyman', 'efeldman', 'akansky', 'ghosh36', 'racroth35', 'schuman1', 'jfitzhu', 'cregers', 'colewilloughby1125', 'hsmoke', 'allnic21', 'wning', 'mart1180', 'tpownell', 'epiergal', 'mpisoni', 'gezbbl7', 'verma52', 'mohdshah', 'pickera', 'abelkiew', 'cvasq69', 'li3604', 'ewilhite', 'adamdmiller17', 'tl0120', 'awennin', 'kinserc', 'ander754', 'nwegh2017', 'glevine', 'koverley', 'bamorim', '17scotta', 'bpolinsk', 'cmenden', 'mgubbi', 'mcginn1', 'cwidak', 'rutherfb', 'cheeseballs99', 'ccurto', 'white559', 'alotaib6', 'rhinesj', 'woo49', 'stark22', 'kumar212', 'gmantey', 'payne71', 'aperitor', 'bullock8', 'uuraechu', 'gct246', 'kozelr', 'george92', 'ltoy', 'ftangpoo', 'jhulsize', 'jboulayd', 'jin376', 'dlarocco', 'bcasler', 'singer15', 'edreifue', 'gupta393', 'lmackin', 'msulaima', 'hill399', 'cccyyj720', 'apanuga', 'bkeel', 'vkolar', 'chen2122', 'dmassow', 'lawrencr', 'goodma27', 'kzeligso', 'mart1391', 'sanjiv3damo', 'dragoneye', 'saboa', 'iyengar1', 'harri670', 'etitheyeti98', 'jnasiboov', 'gao499', 'tnoor', 'li2709', 'pillai7', 'jmacatan', 'bowman96', 'vudayamo', 'rturk8292', 'ithakor', 'rumplem', 'ali113', 'lm45000', 'eashburn', 'abhalcha', 'mmohdzai', 'bcaffert', 'mmshank16', 'li2722', 'pcastagn', 'lee2614', 'coolnikitav', 'atruver', 'nikitasridhar14', 'wisler0', 'everbru', 'cdtorres', 'mtrivell', 'akick']",8,"['daveguo614', 'sharp52', 'rollere', 'dzadoks', 'schro118', 'smit2827', 'nnoraziz', 'doherty6']",203,"['abosshar', 'deshmukp', 'msargen', 'jaloi', 'tuckerz', 'natoli0', 'malhamm', 'awoodwa', 'freyg', 'slillig', 'klipiszk', 'hschennu', 'behrr', 'amcgoff', 'tglavan', 'mill2119', 'lthursto', 'kswartzb', 'lrigsbee', 'xu1085', 'peter514', 'lyanni', 'nail', 'marito', 'kbebris', 'choi333', 'mart1380', 'jeigenbr', 'jlorah', 'patel731', 'engc', 'ecave', 'mfess', 'zubik', 'nkhuu', 'tu37', 'terry51', 'amoravec', 'smit3177', 'agrillo', 'xose.amo', 'kvansan', 'aleidli', 'rathi4', 'chao26', 'zfrank64', 'hillej', 'sgrzych', 'dkuen', 'ceckste', 'adams410', 'bwitchie', 'rweedon', 'richg', 'ross217', 'yang1865', 'tdarmon20', 'sedgerto', 'davidsml', 'anniebreidinger', 'xul9044', 'jbuehrle', 'baile261', 'daviskahmann', 'chiang56', 'gcesar', 'wonhyukdo', 'bgrandst', 'dewittl', 'eloewe', 'stapletl', 'gavinneyman', 'nabdrahn', 'egarayev', 'efeldman', 'akansky', 'ghosh36', 'racroth35', 'schuman1', 'jfitzhu', 'jonathanlimp87', 'cregers', 'colewilloughby1125', 'hsmoke', 'allnic21', 'dzadoks', 'wning', 'mart1180', 'tpownell', 'epiergal', 'mpisoni', 'gezbbl7', 'verma52', 'slosing', 'mohdshah', 'pickera', 'abelkiew', 'cvasq69', 'li3604', 'ewilhite', 'adamdmiller17', 'tl0120', 'awennin', 'kinserc', 'ander754', 'nwegh2017', 'glevine', 'koverley', 'rroggema', 'nnoraziz', 'bamorim', '17scotta', 'rollere', 'bpolinsk', 'cmenden', 'mgubbi', 'ferree1', 'mcginn1', 'cwidak', 'rutherfb', 'cheeseballs99', 'ccurto', 'white559', 'alotaib6', 'rhinesj', 'woo49', 'stark22', 'kumar212', 'gmantey', 'fergu101', 'payne71', 'aperitor', 'bullock8', 'smit2827', 'uuraechu', 'doherty6', 'sharp52', 'gct246', 'kozelr', 'george92', 'ltoy', 'harbinz', 'ftangpoo', 'jhulsize', 'jboulayd', 'jin376', 'dlarocco', 'bcasler', 'singer15', 'edreifue', 'gupta393', 'lmackin', 'msulaima', 'hill399', 'daveguo614', 'cccyyj720', 'apanuga', 'bkeel', 'vkolar', 'chen2122', 'dmassow', 'lawrencr', 'goodma27', 'kzeligso', 'mart1391', 'sanjiv3damo', 'dragoneye', 'saboa', 'iyengar1', 'harri670', 'etitheyeti98', 'jnasiboov', 'schro118', 'gao499', 'tnoor', 'li2709', 'pillai7', 'jmacatan', 'bowman96', 'vudayamo', 'rturk8292', 'ithakor', 'ctsioli', 'rumplem', 'ali113', 'lm45000', 'eashburn', 'abhalcha', 'mmohdzai', 'bcaffert', 'mmshank16', 'li2722', 'pcastagn', 'lee2614', 'ellis99', 'coolnikitav', 'atruver', 'nikitasridhar14', 'wisler0', 'everbru', 'cdtorres', 'mtrivell', 'akick']"
3,148,195,20,18,"['hill399', 'patel731', 'abosshar', 'lthursto', 'jmacatan', 'nwegh2017', 'rroggema', 'egarayev', 'cwidak', 'terry51', 'marito', 'vkolar', 'slillig', 'klipiszk', 'hschennu', 'behrr', 'jonathanlimp87', 'engc']",177,"['deshmukp', 'msargen', 'jaloi', 'tuckerz', 'natoli0', 'malhamm', 'awoodwa', 'freyg', 'amcgoff', 'tglavan', 'mill2119', 'kswartzb', 'lrigsbee', 'xu1085', 'peter514', 'lyanni', 'nail', 'kbebris', 'choi333', 'mart1380', 'jeigenbr', 'jlorah', 'ecave', 'mfess', 'zubik', 'nkhuu', 'tu37', 'amoravec', 'smit3177', 'agrillo', 'xose.amo', 'kvansan', 'aleidli', 'rathi4', 'chao26', 'zfrank64', 'hillej', 'sgrzych', 'dkuen', 'ceckste', 'adams410', 'bwitchie', 'rweedon', 'richg', 'ross217', 'yang1865', 'tdarmon20', 'sedgerto', 'davidsml', 'anniebreidinger', 'xul9044', 'jbuehrle', 'baile261', 'daviskahmann', 'chiang56', 'gcesar', 'wonhyukdo', 'bgrandst', 'dewittl', 'eloewe', 'stapletl', 'gavinneyman', 'nabdrahn', 'efeldman', 'akansky', 'ghosh36', 'racroth35', 'schuman1', 'jfitzhu', 'cregers', 'colewilloughby1125', 'hsmoke', 'allnic21', 'wning', 'mart1180', 'tpownell', 'epiergal', 'mpisoni', 'gezbbl7', 'verma52', 'slosing', 'mohdshah', 'pickera', 'abelkiew', 'cvasq69', 'li3604', 'ewilhite', 'adamdmiller17', 'tl0120', 'awennin', 'kinserc', 'ander754', 'glevine', 'koverley', 'bamorim', '17scotta', 'bpolinsk', 'cmenden', 'mgubbi', 'ferree1', 'mcginn1', 'rutherfb', 'cheeseballs99', 'ccurto', 'white559', 'alotaib6', 'rhinesj', 'woo49', 'stark22', 'kumar212', 'gmantey', 'fergu101', 'payne71', 'aperitor', 'bullock8', 'uuraechu', 'gct246', 'kozelr', 'george92', 'ltoy', 'harbinz', 'ftangpoo', 'jhulsize', 'jboulayd', 'jin376', 'dlarocco', 'bcasler', 'singer15', 'edreifue', 'gupta393', 'lmackin', 'msulaima', 'cccyyj720', 'apanuga', 'bkeel', 'chen2122', 'dmassow', 'lawrencr', 'goodma27', 'kzeligso', 'mart1391', 'sanjiv3damo', 'dragoneye', 'saboa', 'iyengar1', 'harri670', 'etitheyeti98', 'jnasiboov', 'gao499', 'tnoor', 'li2709', 'pillai7', 'bowman96', 'vudayamo', 'rturk8292', 'ithakor', 'ctsioli', 'rumplem', 'ali113', 'lm45000', 'eashburn', 'abhalcha', 'mmohdzai', 'bcaffert', 'mmshank16', 'li2722', 'pcastagn', 'lee2614', 'ellis99', 'coolnikitav', 'atruver', 'nikitasridhar14', 'wisler0', 'everbru', 'cdtorres', 'mtrivell', 'akick']",2,"['emarches', 'hhansen']",197,"['abosshar', 'deshmukp', 'msargen', 'jaloi', 'tuckerz', 'natoli0', 'malhamm', 'awoodwa', 'freyg', 'slillig', 'klipiszk', 'hschennu', 'behrr', 'amcgoff', 'tglavan', 'mill2119', 'lthursto', 'kswartzb', 'lrigsbee', 'xu1085', 'peter514', 'lyanni', 'nail', 'marito', 'kbebris', 'choi333', 'mart1380', 'jeigenbr', 'jlorah', 'patel731', 'engc', 'ecave', 'mfess', 'zubik', 'nkhuu', 'tu37', 'terry51', 'amoravec', 'smit3177', 'agrillo', 'xose.amo', 'kvansan', 'aleidli', 'rathi4', 'chao26', 'zfrank64', 'hillej', 'sgrzych', 'dkuen', 'ceckste', 'adams410', 'bwitchie', 'rweedon', 'richg', 'ross217', 'yang1865', 'tdarmon20', 'emarches', 'sedgerto', 'davidsml', 'anniebreidinger', 'xul9044', 'jbuehrle', 'baile261', 'daviskahmann', 'chiang56', 'gcesar', 'wonhyukdo', 'bgrandst', 'dewittl', 'eloewe', 'stapletl', 'gavinneyman', 'nabdrahn', 'egarayev', 'efeldman', 'akansky', 'ghosh36', 'racroth35', 'schuman1', 'jfitzhu', 'jonathanlimp87', 'cregers', 'colewilloughby1125', 'hsmoke', 'allnic21', 'wning', 'mart1180', 'tpownell', 'epiergal', 'mpisoni', 'gezbbl7', 'verma52', 'slosing', 'mohdshah', 'pickera', 'abelkiew', 'cvasq69', 'li3604', 'ewilhite', 'adamdmiller17', 'tl0120', 'awennin', 'kinserc', 'ander754', 'nwegh2017', 'glevine', 'koverley', 'rroggema', 'bamorim', '17scotta', 'bpolinsk', 'cmenden', 'mgubbi', 'ferree1', 'mcginn1', 'cwidak', 'rutherfb', 'cheeseballs99', 'ccurto', 'white559', 'alotaib6', 'rhinesj', 'woo49', 'stark22', 'kumar212', 'gmantey', 'fergu101', 'payne71', 'aperitor', 'bullock8', 'uuraechu', 'gct246', 'kozelr', 'george92', 'ltoy', 'harbinz', 'ftangpoo', 'jhulsize', 'jboulayd', 'jin376', 'dlarocco', 'bcasler', 'singer15', 'edreifue', 'gupta393', 'lmackin', 'msulaima', 'hill399', 'cccyyj720', 'apanuga', 'bkeel', 'vkolar', 'chen2122', 'dmassow', 'lawrencr', 'goodma27', 'kzeligso', 'mart1391', 'sanjiv3damo', 'dragoneye', 'saboa', 'iyengar1', 'harri670', 'etitheyeti98', 'jnasiboov', 'gao499', 'tnoor', 'li2709', 'pillai7', 'jmacatan', 'bowman96', 'vudayamo', 'rturk8292', 'ithakor', 'ctsioli', 'rumplem', 'ali113', 'lm45000', 'eashburn', 'abhalcha', 'mmohdzai', 'bcaffert', 'mmshank16', 'li2722', 'pcastagn', 'lee2614', 'ellis99', 'coolnikitav', 'atruver', 'nikitasridhar14', 'hhansen', 'wisler0', 'everbru', 'cdtorres', 'mtrivell', 'akick']"
3,118,195,19,16,"['patel731', 'abosshar', 'lthursto', 'jmacatan', 'nwegh2017', 'rroggema', 'egarayev', 'cwidak', 'terry51', 'marito', 'vkolar', 'slillig', 'hschennu', 'behrr', 'jonathanlimp87', 'engc']",179,"['deshmukp', 'msargen', 'jaloi', 'tuckerz', 'natoli0', 'malhamm', 'awoodwa', 'freyg', 'klipiszk', 'amcgoff', 'tglavan', 'mill2119', 'kswartzb', 'lrigsbee', 'xu1085', 'peter514', 'lyanni', 'nail', 'kbebris', 'choi333', 'mart1380', 'jeigenbr', 'jlorah', 'ecave', 'mfess', 'zubik', 'nkhuu', 'tu37', 'amoravec', 'smit3177', 'agrillo', 'xose.amo', 'kvansan', 'aleidli', 'rathi4', 'chao26', 'zfrank64', 'hillej', 'sgrzych', 'dkuen', 'ceckste', 'adams410', 'bwitchie', 'rweedon', 'richg', 'ross217', 'yang1865', 'tdarmon20', 'sedgerto', 'davidsml', 'anniebreidinger', 'xul9044', 'jbuehrle', 'baile261', 'daviskahmann', 'chiang56', 'gcesar', 'wonhyukdo', 'bgrandst', 'dewittl', 'eloewe', 'stapletl', 'gavinneyman', 'nabdrahn', 'efeldman', 'akansky', 'ghosh36', 'racroth35', 'schuman1', 'jfitzhu', 'cregers', 'colewilloughby1125', 'hsmoke', 'allnic21', 'wning', 'mart1180', 'tpownell', 'epiergal', 'mpisoni', 'gezbbl7', 'verma52', 'slosing', 'mohdshah', 'pickera', 'abelkiew', 'cvasq69', 'li3604', 'ewilhite', 'adamdmiller17', 'tl0120', 'awennin', 'kinserc', 'ander754', 'glevine', 'koverley', 'bamorim', '17scotta', 'bpolinsk', 'cmenden', 'mgubbi', 'ferree1', 'mcginn1', 'rutherfb', 'cheeseballs99', 'ccurto', 'white559', 'alotaib6', 'rhinesj', 'woo49', 'stark22', 'kumar212', 'gmantey', 'fergu101', 'payne71', 'aperitor', 'bullock8', 'uuraechu', 'gct246', 'kozelr', 'george92', 'ltoy', 'harbinz', 'ftangpoo', 'jhulsize', 'jboulayd', 'jin376', 'dlarocco', 'bcasler', 'singer15', 'edreifue', 'gupta393', 'lmackin', 'msulaima', 'hill399', 'cccyyj720', 'apanuga', 'bkeel', 'chen2122', 'dmassow', 'lawrencr', 'goodma27', 'kzeligso', 'mart1391', 'sanjiv3damo', 'dragoneye', 'saboa', 'iyengar1', 'harri670', 'etitheyeti98', 'jnasiboov', 'gao499', 'tnoor', 'li2709', 'pillai7', 'bowman96', 'vudayamo', 'rturk8292', 'ithakor', 'ctsioli', 'rumplem', 'ali113', 'lm45000', 'eashburn', 'abhalcha', 'mmohdzai', 'bcaffert', 'mmshank16', 'li2722', 'pcastagn', 'lee2614', 'ellis99', 'coolnikitav', 'atruver', 'nikitasridhar14', 'wisler0', 'everbru', 'cdtorres', 'mtrivell', 'akick']",3,"['nwegh', 'patel784', 'jmickow']",198,"['abosshar', 'nwegh', 'deshmukp', 'msargen', 'jaloi', 'tuckerz', 'natoli0', 'malhamm', 'awoodwa', 'freyg', 'slillig', 'klipiszk', 'hschennu', 'behrr', 'amcgoff', 'tglavan', 'mill2119', 'lthursto', 'kswartzb', 'lrigsbee', 'xu1085', 'peter514', 'lyanni', 'nail', 'marito', 'kbebris', 'choi333', 'mart1380', 'jeigenbr', 'jlorah', 'patel731', 'engc', 'ecave', 'mfess', 'zubik', 'nkhuu', 'tu37', 'terry51', 'amoravec', 'smit3177', 'agrillo', 'xose.amo', 'kvansan', 'aleidli', 'rathi4', 'chao26', 'zfrank64', 'hillej', 'sgrzych', 'patel784', 'dkuen', 'ceckste', 'adams410', 'bwitchie', 'rweedon', 'richg', 'ross217', 'yang1865', 'tdarmon20', 'sedgerto', 'davidsml', 'anniebreidinger', 'xul9044', 'jbuehrle', 'baile261', 'daviskahmann', 'chiang56', 'gcesar', 'wonhyukdo', 'bgrandst', 'dewittl', 'eloewe', 'stapletl', 'gavinneyman', 'nabdrahn', 'egarayev', 'efeldman', 'akansky', 'ghosh36', 'racroth35', 'schuman1', 'jfitzhu', 'jonathanlimp87', 'cregers', 'colewilloughby1125', 'hsmoke', 'allnic21', 'wning', 'mart1180', 'tpownell', 'epiergal', 'mpisoni', 'gezbbl7', 'verma52', 'slosing', 'mohdshah', 'pickera', 'abelkiew', 'cvasq69', 'li3604', 'ewilhite', 'adamdmiller17', 'tl0120', 'awennin', 'kinserc', 'ander754', 'nwegh2017', 'glevine', 'koverley', 'rroggema', 'bamorim', '17scotta', 'bpolinsk', 'cmenden', 'mgubbi', 'ferree1', 'mcginn1', 'cwidak', 'rutherfb', 'cheeseballs99', 'ccurto', 'white559', 'alotaib6', 'rhinesj', 'woo49', 'stark22', 'kumar212', 'gmantey', 'fergu101', 'payne71', 'aperitor', 'bullock8', 'uuraechu', 'gct246', 'kozelr', 'george92', 'ltoy', 'harbinz', 'ftangpoo', 'jhulsize', 'jboulayd', 'jin376', 'jmickow', 'dlarocco', 'bcasler', 'singer15', 'edreifue', 'gupta393', 'lmackin', 'msulaima', 'hill399', 'cccyyj720', 'apanuga', 'bkeel', 'vkolar', 'chen2122', 'dmassow', 'lawrencr', 'goodma27', 'kzeligso', 'mart1391', 'sanjiv3damo', 'dragoneye', 'saboa', 'iyengar1', 'harri670', 'etitheyeti98', 'jnasiboov', 'gao499', 'tnoor', 'li2709', 'pillai7', 'jmacatan', 'bowman96', 'vudayamo', 'rturk8292', 'ithakor', 'ctsioli', 'rumplem', 'ali113', 'lm45000', 'eashburn', 'abhalcha', 'mmohdzai', 'bcaffert', 'mmshank16', 'li2722', 'pcastagn', 'lee2614', 'ellis99', 'coolnikitav', 'atruver', 'nikitasridhar14', 'wisler0', 'everbru', 'cdtorres', 'mtrivell', 'akick']"
3,55,195,15,11,"['dewittl', 'tuckerz', 'awennin', 'tu37', 'gezbbl7', 'mcginn1', 'nabdrahn', 'ellis99', 'kvansan', 'aperitor', 'cvasq69']",184,"['abosshar', 'deshmukp', 'msargen', 'jaloi', 'natoli0', 'malhamm', 'awoodwa', 'freyg', 'slillig', 'klipiszk', 'hschennu', 'behrr', 'amcgoff', 'tglavan', 'mill2119', 'lthursto', 'kswartzb', 'lrigsbee', 'xu1085', 'peter514', 'lyanni', 'nail', 'marito', 'kbebris', 'choi333', 'mart1380', 'jeigenbr', 'jlorah', 'patel731', 'engc', 'ecave', 'mfess', 'zubik', 'nkhuu', 'terry51', 'amoravec', 'smit3177', 'agrillo', 'xose.amo', 'aleidli', 'rathi4', 'chao26', 'zfrank64', 'hillej', 'sgrzych', 'dkuen', 'ceckste', 'adams410', 'bwitchie', 'rweedon', 'richg', 'ross217', 'yang1865', 'tdarmon20', 'sedgerto', 'davidsml', 'anniebreidinger', 'xul9044', 'jbuehrle', 'baile261', 'daviskahmann', 'chiang56', 'gcesar', 'wonhyukdo', 'bgrandst', 'eloewe', 'stapletl', 'gavinneyman', 'egarayev', 'efeldman', 'akansky', 'ghosh36', 'racroth35', 'schuman1', 'jfitzhu', 'jonathanlimp87', 'cregers', 'colewilloughby1125', 'hsmoke', 'allnic21', 'wning', 'mart1180', 'tpownell', 'epiergal', 'mpisoni', 'verma52', 'slosing', 'mohdshah', 'pickera', 'abelkiew', 'li3604', 'ewilhite', 'adamdmiller17', 'tl0120', 'kinserc', 'ander754', 'nwegh2017', 'glevine', 'koverley', 'rroggema', 'bamorim', '17scotta', 'bpolinsk', 'cmenden', 'mgubbi', 'ferree1', 'cwidak', 'rutherfb', 'cheeseballs99', 'ccurto', 'white559', 'alotaib6', 'rhinesj', 'woo49', 'stark22', 'kumar212', 'gmantey', 'fergu101', 'payne71', 'bullock8', 'uuraechu', 'gct246', 'kozelr', 'george92', 'ltoy', 'harbinz', 'ftangpoo', 'jhulsize', 'jboulayd', 'jin376', 'dlarocco', 'bcasler', 'singer15', 'edreifue', 'gupta393', 'lmackin', 'msulaima', 'hill399', 'cccyyj720', 'apanuga', 'bkeel', 'vkolar', 'chen2122', 'dmassow', 'lawrencr', 'goodma27', 'kzeligso', 'mart1391', 'sanjiv3damo', 'dragoneye', 'saboa', 'iyengar1', 'harri670', 'etitheyeti98', 'jnasiboov', 'gao499', 'tnoor', 'li2709', 'pillai7', 'jmacatan', 'bowman96', 'vudayamo', 'rturk8292', 'ithakor', 'ctsioli', 'rumplem', 'ali113', 'lm45000', 'eashburn', 'abhalcha', 'mmohdzai', 'bcaffert', 'mmshank16', 'li2722', 'pcastagn', 'lee2614', 'coolnikitav', 'atruver', 'nikitasridhar14', 'wisler0', 'everbru', 'cdtorres', 'mtrivell', 'akick']",4,"['oalkayya', 'asarnowski', 'childs4', 'rollere']",199,"['abosshar', 'deshmukp', 'msargen', 'jaloi', 'tuckerz', 'natoli0', 'asarnowski', 'malhamm', 'awoodwa', 'freyg', 'slillig', 'klipiszk', 'hschennu', 'behrr', 'amcgoff', 'tglavan', 'mill2119', 'lthursto', 'kswartzb', 'lrigsbee', 'xu1085', 'peter514', 'lyanni', 'nail', 'marito', 'kbebris', 'choi333', 'mart1380', 'jeigenbr', 'jlorah', 'patel731', 'engc', 'ecave', 'mfess', 'zubik', 'nkhuu', 'tu37', 'terry51', 'amoravec', 'smit3177', 'agrillo', 'xose.amo', 'kvansan', 'aleidli', 'rathi4', 'chao26', 'zfrank64', 'oalkayya', 'hillej', 'sgrzych', 'dkuen', 'ceckste', 'adams410', 'bwitchie', 'rweedon', 'richg', 'ross217', 'yang1865', 'tdarmon20', 'sedgerto', 'davidsml', 'anniebreidinger', 'xul9044', 'jbuehrle', 'baile261', 'daviskahmann', 'chiang56', 'gcesar', 'wonhyukdo', 'bgrandst', 'childs4', 'dewittl', 'eloewe', 'stapletl', 'gavinneyman', 'nabdrahn', 'egarayev', 'efeldman', 'akansky', 'ghosh36', 'racroth35', 'schuman1', 'jfitzhu', 'jonathanlimp87', 'cregers', 'colewilloughby1125', 'hsmoke', 'allnic21', 'wning', 'mart1180', 'tpownell', 'epiergal', 'mpisoni', 'gezbbl7', 'verma52', 'slosing', 'mohdshah', 'pickera', 'abelkiew', 'cvasq69', 'li3604', 'ewilhite', 'adamdmiller17', 'tl0120', 'awennin', 'kinserc', 'ander754', 'nwegh2017', 'glevine', 'koverley', 'rroggema', 'bamorim', '17scotta', 'rollere', 'bpolinsk', 'cmenden', 'mgubbi', 'ferree1', 'mcginn1', 'cwidak', 'rutherfb', 'cheeseballs99', 'ccurto', 'white559', 'alotaib6', 'rhinesj', 'woo49', 'stark22', 'kumar212', 'gmantey', 'fergu101', 'payne71', 'aperitor', 'bullock8', 'uuraechu', 'gct246', 'kozelr', 'george92', 'ltoy', 'harbinz', 'ftangpoo', 'jhulsize', 'jboulayd', 'jin376', 'dlarocco', 'bcasler', 'singer15', 'edreifue', 'gupta393', 'lmackin', 'msulaima', 'hill399', 'cccyyj720', 'apanuga', 'bkeel', 'vkolar', 'chen2122', 'dmassow', 'lawrencr', 'goodma27', 'kzeligso', 'mart1391', 'sanjiv3damo', 'dragoneye', 'saboa', 'iyengar1', 'harri670', 'etitheyeti98', 'jnasiboov', 'gao499', 'tnoor', 'li2709', 'pillai7', 'jmacatan', 'bowman96', 'vudayamo', 'rturk8292', 'ithakor', 'ctsioli', 'rumplem', 'ali113', 'lm45000', 'eashburn', 'abhalcha', 'mmohdzai', 'bcaffert', 'mmshank16', 'li2722', 'pcastagn', 'lee2614', 'ellis99', 'coolnikitav', 'atruver', 'nikitasridhar14', 'wisler0', 'everbru', 'cdtorres', 'mtrivell', 'akick']"
3,119,195,13,12,"['hill399', 'hsmoke', 'adamdmiller17', 'kozelr', 'zfrank64', 'epiergal', 'sgrzych', 'verma52', 'harri670', 'amoravec', 'dmassow', 'tdarmon20']",183,"['abosshar', 'deshmukp', 'msargen', 'jaloi', 'tuckerz', 'natoli0', 'malhamm', 'awoodwa', 'freyg', 'slillig', 'klipiszk', 'hschennu', 'behrr', 'amcgoff', 'tglavan', 'mill2119', 'lthursto', 'kswartzb', 'lrigsbee', 'xu1085', 'peter514', 'lyanni', 'nail', 'marito', 'kbebris', 'choi333', 'mart1380', 'jeigenbr', 'jlorah', 'patel731', 'engc', 'ecave', 'mfess', 'zubik', 'nkhuu', 'tu37', 'terry51', 'smit3177', 'agrillo', 'xose.amo', 'kvansan', 'aleidli', 'rathi4', 'chao26', 'hillej', 'dkuen', 'ceckste', 'adams410', 'bwitchie', 'rweedon', 'richg', 'ross217', 'yang1865', 'sedgerto', 'davidsml', 'anniebreidinger', 'xul9044', 'jbuehrle', 'baile261', 'daviskahmann', 'chiang56', 'gcesar', 'wonhyukdo', 'bgrandst', 'dewittl', 'eloewe', 'stapletl', 'gavinneyman', 'nabdrahn', 'egarayev', 'efeldman', 'akansky', 'ghosh36', 'racroth35', 'schuman1', 'jfitzhu', 'jonathanlimp87', 'cregers', 'colewilloughby1125', 'allnic21', 'wning', 'mart1180', 'tpownell', 'mpisoni', 'gezbbl7', 'slosing', 'mohdshah', 'pickera', 'abelkiew', 'cvasq69', 'li3604', 'ewilhite', 'tl0120', 'awennin', 'kinserc', 'ander754', 'nwegh2017', 'glevine', 'koverley', 'rroggema', 'bamorim', '17scotta', 'bpolinsk', 'cmenden', 'mgubbi', 'ferree1', 'mcginn1', 'cwidak', 'rutherfb', 'cheeseballs99', 'ccurto', 'white559', 'alotaib6', 'rhinesj', 'woo49', 'stark22', 'kumar212', 'gmantey', 'fergu101', 'payne71', 'aperitor', 'bullock8', 'uuraechu', 'gct246', 'george92', 'ltoy', 'harbinz', 'ftangpoo', 'jhulsize', 'jboulayd', 'jin376', 'dlarocco', 'bcasler', 'singer15', 'edreifue', 'gupta393', 'lmackin', 'msulaima', 'cccyyj720', 'apanuga', 'bkeel', 'vkolar', 'chen2122', 'lawrencr', 'goodma27', 'kzeligso', 'mart1391', 'sanjiv3damo', 'dragoneye', 'saboa', 'iyengar1', 'etitheyeti98', 'jnasiboov', 'gao499', 'tnoor', 'li2709', 'pillai7', 'jmacatan', 'bowman96', 'vudayamo', 'rturk8292', 'ithakor', 'ctsioli', 'rumplem', 'ali113', 'lm45000', 'eashburn', 'abhalcha', 'mmohdzai', 'bcaffert', 'mmshank16', 'li2722', 'pcastagn', 'lee2614', 'ellis99', 'coolnikitav', 'atruver', 'nikitasridhar14', 'wisler0', 'everbru', 'cdtorres', 'mtrivell', 'akick']",1,['mdroege'],196,"['abosshar', 'deshmukp', 'msargen', 'jaloi', 'tuckerz', 'natoli0', 'malhamm', 'awoodwa', 'freyg', 'slillig', 'klipiszk', 'hschennu', 'behrr', 'amcgoff', 'tglavan', 'mill2119', 'lthursto', 'kswartzb', 'lrigsbee', 'xu1085', 'peter514', 'lyanni', 'nail', 'marito', 'kbebris', 'choi333', 'mart1380', 'jeigenbr', 'jlorah', 'patel731', 'engc', 'ecave', 'mfess', 'zubik', 'nkhuu', 'tu37', 'terry51', 'amoravec', 'smit3177', 'agrillo', 'xose.amo', 'kvansan', 'aleidli', 'rathi4', 'chao26', 'zfrank64', 'hillej', 'sgrzych', 'dkuen', 'ceckste', 'adams410', 'bwitchie', 'rweedon', 'richg', 'ross217', 'yang1865', 'tdarmon20', 'sedgerto', 'davidsml', 'anniebreidinger', 'xul9044', 'jbuehrle', 'baile261', 'daviskahmann', 'chiang56', 'gcesar', 'wonhyukdo', 'bgrandst', 'dewittl', 'eloewe', 'stapletl', 'gavinneyman', 'nabdrahn', 'egarayev', 'efeldman', 'akansky', 'ghosh36', 'racroth35', 'schuman1', 'jfitzhu', 'jonathanlimp87', 'cregers', 'colewilloughby1125', 'hsmoke', 'allnic21', 'wning', 'mart1180', 'tpownell', 'epiergal', 'mpisoni', 'gezbbl7', 'verma52', 'slosing', 'mohdshah', 'pickera', 'abelkiew', 'cvasq69', 'li3604', 'ewilhite', 'adamdmiller17', 'tl0120', 'awennin', 'kinserc', 'ander754', 'nwegh2017', 'glevine', 'koverley', 'rroggema', 'bamorim', '17scotta', 'bpolinsk', 'cmenden', 'mgubbi', 'ferree1', 'mcginn1', 'cwidak', 'rutherfb', 'cheeseballs99', 'ccurto', 'mdroege', 'white559', 'alotaib6', 'rhinesj', 'woo49', 'stark22', 'kumar212', 'gmantey', 'fergu101', 'payne71', 'aperitor', 'bullock8', 'uuraechu', 'gct246', 'kozelr', 'george92', 'ltoy', 'harbinz', 'ftangpoo', 'jhulsize', 'jboulayd', 'jin376', 'dlarocco', 'bcasler', 'singer15', 'edreifue', 'gupta393', 'lmackin', 'msulaima', 'hill399', 'cccyyj720', 'apanuga', 'bkeel', 'vkolar', 'chen2122', 'dmassow', 'lawrencr', 'goodma27', 'kzeligso', 'mart1391', 'sanjiv3damo', 'dragoneye', 'saboa', 'iyengar1', 'harri670', 'etitheyeti98', 'jnasiboov', 'gao499', 'tnoor', 'li2709', 'pillai7', 'jmacatan', 'bowman96', 'vudayamo', 'rturk8292', 'ithakor', 'ctsioli', 'rumplem', 'ali113', 'lm45000', 'eashburn', 'abhalcha', 'mmohdzai', 'bcaffert', 'mmshank16', 'li2722', 'pcastagn', 'lee2614', 'ellis99', 'coolnikitav', 'atruver', 'nikitasridhar14', 'wisler0', 'everbru', 'cdtorres', 'mtrivell', 'akick']"
3,110,195,10,1,['harbinz'],194,"['abosshar', 'deshmukp', 'msargen', 'jaloi', 'tuckerz', 'natoli0', 'malhamm', 'awoodwa', 'freyg', 'slillig', 'klipiszk', 'hschennu', 'behrr', 'amcgoff', 'tglavan', 'mill2119', 'lthursto', 'kswartzb', 'lrigsbee', 'xu1085', 'peter514', 'lyanni', 'nail', 'marito', 'kbebris', 'choi333', 'mart1380', 'jeigenbr', 'jlorah', 'patel731', 'engc', 'ecave', 'mfess', 'zubik', 'nkhuu', 'tu37', 'terry51', 'amoravec', 'smit3177', 'agrillo', 'xose.amo', 'kvansan', 'aleidli', 'rathi4', 'chao26', 'zfrank64', 'hillej', 'sgrzych', 'dkuen', 'ceckste', 'adams410', 'bwitchie', 'rweedon', 'richg', 'ross217', 'yang1865', 'tdarmon20', 'sedgerto', 'davidsml', 'anniebreidinger', 'xul9044', 'jbuehrle', 'baile261', 'daviskahmann', 'chiang56', 'gcesar', 'wonhyukdo', 'bgrandst', 'dewittl', 'eloewe', 'stapletl', 'gavinneyman', 'nabdrahn', 'egarayev', 'efeldman', 'akansky', 'ghosh36', 'racroth35', 'schuman1', 'jfitzhu', 'jonathanlimp87', 'cregers', 'colewilloughby1125', 'hsmoke', 'allnic21', 'wning', 'mart1180', 'tpownell', 'epiergal', 'mpisoni', 'gezbbl7', 'verma52', 'slosing', 'mohdshah', 'pickera', 'abelkiew', 'cvasq69', 'li3604', 'ewilhite', 'adamdmiller17', 'tl0120', 'awennin', 'kinserc', 'ander754', 'nwegh2017', 'glevine', 'koverley', 'rroggema', 'bamorim', '17scotta', 'bpolinsk', 'cmenden', 'mgubbi', 'ferree1', 'mcginn1', 'cwidak', 'rutherfb', 'cheeseballs99', 'ccurto', 'white559', 'alotaib6', 'rhinesj', 'woo49', 'stark22', 'kumar212', 'gmantey', 'fergu101', 'payne71', 'aperitor', 'bullock8', 'uuraechu', 'gct246', 'kozelr', 'george92', 'ltoy', 'ftangpoo', 'jhulsize', 'jboulayd', 'jin376', 'dlarocco', 'bcasler', 'singer15', 'edreifue', 'gupta393', 'lmackin', 'msulaima', 'hill399', 'cccyyj720', 'apanuga', 'bkeel', 'vkolar', 'chen2122', 'dmassow', 'lawrencr', 'goodma27', 'kzeligso', 'mart1391', 'sanjiv3damo', 'dragoneye', 'saboa', 'iyengar1', 'harri670', 'etitheyeti98', 'jnasiboov', 'gao499', 'tnoor', 'li2709', 'pillai7', 'jmacatan', 'bowman96', 'vudayamo', 'rturk8292', 'ithakor', 'ctsioli', 'rumplem', 'ali113', 'lm45000', 'eashburn', 'abhalcha', 'mmohdzai', 'bcaffert', 'mmshank16', 'li2722', 'pcastagn', 'lee2614', 'ellis99', 'coolnikitav', 'atruver', 'nikitasridhar14', 'wisler0', 'everbru', 'cdtorres', 'mtrivell', 'akick']",9,"['jiang402', 'sritapaswi2007', 'bageesey', 'markleightonfisher', 'hsvalladares88', 'cmousoul', 'ho141', 'cedrichan', 'llosadar']",204,"['abosshar', 'deshmukp', 'msargen', 'jaloi', 'tuckerz', 'markleightonfisher', 'natoli0', 'malhamm', 'awoodwa', 'freyg', 'slillig', 'klipiszk', 'hschennu', 'behrr', 'amcgoff', 'tglavan', 'mill2119', 'lthursto', 'kswartzb', 'lrigsbee', 'xu1085', 'peter514', 'lyanni', 'nail', 'marito', 'kbebris', 'choi333', 'mart1380', 'jeigenbr', 'jlorah', 'patel731', 'engc', 'ecave', 'mfess', 'zubik', 'nkhuu', 'tu37', 'terry51', 'amoravec', 'smit3177', 'agrillo', 'xose.amo', 'kvansan', 'aleidli', 'rathi4', 'chao26', 'zfrank64', 'hillej', 'sgrzych', 'dkuen', 'ceckste', 'adams410', 'bwitchie', 'rweedon', 'richg', 'ross217', 'yang1865', 'tdarmon20', 'ho141', 'sedgerto', 'davidsml', 'anniebreidinger', 'xul9044', 'jbuehrle', 'baile261', 'daviskahmann', 'chiang56', 'gcesar', 'llosadar', 'wonhyukdo', 'bgrandst', 'sritapaswi2007', 'dewittl', 'eloewe', 'stapletl', 'gavinneyman', 'nabdrahn', 'egarayev', 'efeldman', 'akansky', 'cmousoul', 'ghosh36', 'racroth35', 'schuman1', 'jfitzhu', 'jonathanlimp87', 'cregers', 'colewilloughby1125', 'hsmoke', 'allnic21', 'jiang402', 'wning', 'mart1180', 'tpownell', 'epiergal', 'mpisoni', 'gezbbl7', 'verma52', 'slosing', 'mohdshah', 'pickera', 'abelkiew', 'cvasq69', 'li3604', 'ewilhite', 'adamdmiller17', 'tl0120', 'awennin', 'kinserc', 'ander754', 'nwegh2017', 'glevine', 'koverley', 'rroggema', 'bamorim', '17scotta', 'bpolinsk', 'cmenden', 'mgubbi', 'ferree1', 'mcginn1', 'cwidak', 'rutherfb', 'cheeseballs99', 'ccurto', 'white559', 'alotaib6', 'bageesey', 'rhinesj', 'woo49', 'stark22', 'kumar212', 'gmantey', 'fergu101', 'payne71', 'aperitor', 'bullock8', 'uuraechu', 'gct246', 'kozelr', 'george92', 'ltoy', 'harbinz', 'ftangpoo', 'jhulsize', 'jboulayd', 'jin376', 'dlarocco', 'bcasler', 'singer15', 'edreifue', 'gupta393', 'lmackin', 'msulaima', 'hill399', 'cccyyj720', 'apanuga', 'bkeel', 'vkolar', 'chen2122', 'dmassow', 'lawrencr', 'goodma27', 'kzeligso', 'mart1391', 'sanjiv3damo', 'dragoneye', 'saboa', 'iyengar1', 'harri670', 'etitheyeti98', 'cedrichan', 'jnasiboov', 'gao499', 'tnoor', 'li2709', 'pillai7', 'jmacatan', 'bowman96', 'vudayamo', 'rturk8292', 'ithakor', 'hsvalladares88', 'ctsioli', 'rumplem', 'ali113', 'lm45000', 'eashburn', 'abhalcha', 'mmohdzai', 'bcaffert', 'mmshank16', 'li2722', 'pcastagn', 'lee2614', 'ellis99', 'coolnikitav', 'atruver', 'nikitasridhar14', 'wisler0', 'everbru', 'cdtorres', 'mtrivell', 'akick']"
3,149,195,10,10,"['hill399', 'hsmoke', 'adamdmiller17', 'kozelr', 'jbuehrle', 'sgrzych', 'verma52', 'harri670', 'dmassow', 'tdarmon20']",185,"['abosshar', 'deshmukp', 'msargen', 'jaloi', 'tuckerz', 'natoli0', 'malhamm', 'awoodwa', 'freyg', 'slillig', 'klipiszk', 'hschennu', 'behrr', 'amcgoff', 'tglavan', 'mill2119', 'lthursto', 'kswartzb', 'lrigsbee', 'xu1085', 'peter514', 'lyanni', 'nail', 'marito', 'kbebris', 'choi333', 'mart1380', 'jeigenbr', 'jlorah', 'patel731', 'engc', 'ecave', 'mfess', 'zubik', 'nkhuu', 'tu37', 'terry51', 'amoravec', 'smit3177', 'agrillo', 'xose.amo', 'kvansan', 'aleidli', 'rathi4', 'chao26', 'zfrank64', 'hillej', 'dkuen', 'ceckste', 'adams410', 'bwitchie', 'rweedon', 'richg', 'ross217', 'yang1865', 'sedgerto', 'davidsml', 'anniebreidinger', 'xul9044', 'baile261', 'daviskahmann', 'chiang56', 'gcesar', 'wonhyukdo', 'bgrandst', 'dewittl', 'eloewe', 'stapletl', 'gavinneyman', 'nabdrahn', 'egarayev', 'efeldman', 'akansky', 'ghosh36', 'racroth35', 'schuman1', 'jfitzhu', 'jonathanlimp87', 'cregers', 'colewilloughby1125', 'allnic21', 'wning', 'mart1180', 'tpownell', 'epiergal', 'mpisoni', 'gezbbl7', 'slosing', 'mohdshah', 'pickera', 'abelkiew', 'cvasq69', 'li3604', 'ewilhite', 'tl0120', 'awennin', 'kinserc', 'ander754', 'nwegh2017', 'glevine', 'koverley', 'rroggema', 'bamorim', '17scotta', 'bpolinsk', 'cmenden', 'mgubbi', 'ferree1', 'mcginn1', 'cwidak', 'rutherfb', 'cheeseballs99', 'ccurto', 'white559', 'alotaib6', 'rhinesj', 'woo49', 'stark22', 'kumar212', 'gmantey', 'fergu101', 'payne71', 'aperitor', 'bullock8', 'uuraechu', 'gct246', 'george92', 'ltoy', 'harbinz', 'ftangpoo', 'jhulsize', 'jboulayd', 'jin376', 'dlarocco', 'bcasler', 'singer15', 'edreifue', 'gupta393', 'lmackin', 'msulaima', 'cccyyj720', 'apanuga', 'bkeel', 'vkolar', 'chen2122', 'lawrencr', 'goodma27', 'kzeligso', 'mart1391', 'sanjiv3damo', 'dragoneye', 'saboa', 'iyengar1', 'etitheyeti98', 'jnasiboov', 'gao499', 'tnoor', 'li2709', 'pillai7', 'jmacatan', 'bowman96', 'vudayamo', 'rturk8292', 'ithakor', 'ctsioli', 'rumplem', 'ali113', 'lm45000', 'eashburn', 'abhalcha', 'mmohdzai', 'bcaffert', 'mmshank16', 'li2722', 'pcastagn', 'lee2614', 'ellis99', 'coolnikitav', 'atruver', 'nikitasridhar14', 'wisler0', 'everbru', 'cdtorres', 'mtrivell', 'akick']",0,[],195,"['abosshar', 'deshmukp', 'msargen', 'jaloi', 'tuckerz', 'natoli0', 'malhamm', 'awoodwa', 'freyg', 'slillig', 'klipiszk', 'hschennu', 'behrr', 'amcgoff', 'tglavan', 'mill2119', 'lthursto', 'kswartzb', 'lrigsbee', 'xu1085', 'peter514', 'lyanni', 'nail', 'marito', 'kbebris', 'choi333', 'mart1380', 'jeigenbr', 'jlorah', 'patel731', 'engc', 'ecave', 'mfess', 'zubik', 'nkhuu', 'tu37', 'terry51', 'amoravec', 'smit3177', 'agrillo', 'xose.amo', 'kvansan', 'aleidli', 'rathi4', 'chao26', 'zfrank64', 'hillej', 'sgrzych', 'dkuen', 'ceckste', 'adams410', 'bwitchie', 'rweedon', 'richg', 'ross217', 'yang1865', 'tdarmon20', 'sedgerto', 'davidsml', 'anniebreidinger', 'xul9044', 'jbuehrle', 'baile261', 'daviskahmann', 'chiang56', 'gcesar', 'wonhyukdo', 'bgrandst', 'dewittl', 'eloewe', 'stapletl', 'gavinneyman', 'nabdrahn', 'egarayev', 'efeldman', 'akansky', 'ghosh36', 'racroth35', 'schuman1', 'jfitzhu', 'jonathanlimp87', 'cregers', 'colewilloughby1125', 'hsmoke', 'allnic21', 'wning', 'mart1180', 'tpownell', 'epiergal', 'mpisoni', 'gezbbl7', 'verma52', 'slosing', 'mohdshah', 'pickera', 'abelkiew', 'cvasq69', 'li3604', 'ewilhite', 'adamdmiller17', 'tl0120', 'awennin', 'kinserc', 'ander754', 'nwegh2017', 'glevine', 'koverley', 'rroggema', 'bamorim', '17scotta', 'bpolinsk', 'cmenden', 'mgubbi', 'ferree1', 'mcginn1', 'cwidak', 'rutherfb', 'cheeseballs99', 'ccurto', 'white559', 'alotaib6', 'rhinesj', 'woo49', 'stark22', 'kumar212', 'gmantey', 'fergu101', 'payne71', 'aperitor', 'bullock8', 'uuraechu', 'gct246', 'kozelr', 'george92', 'ltoy', 'harbinz', 'ftangpoo', 'jhulsize', 'jboulayd', 'jin376', 'dlarocco', 'bcasler', 'singer15', 'edreifue', 'gupta393', 'lmackin', 'msulaima', 'hill399', 'cccyyj720', 'apanuga', 'bkeel', 'vkolar', 'chen2122', 'dmassow', 'lawrencr', 'goodma27', 'kzeligso', 'mart1391', 'sanjiv3damo', 'dragoneye', 'saboa', 'iyengar1', 'harri670', 'etitheyeti98', 'jnasiboov', 'gao499', 'tnoor', 'li2709', 'pillai7', 'jmacatan', 'bowman96', 'vudayamo', 'rturk8292', 'ithakor', 'ctsioli', 'rumplem', 'ali113', 'lm45000', 'eashburn', 'abhalcha', 'mmohdzai', 'bcaffert', 'mmshank16', 'li2722', 'pcastagn', 'lee2614', 'ellis99', 'coolnikitav', 'atruver', 'nikitasridhar14', 'wisler0', 'everbru', 'cdtorres', 'mtrivell', 'akick']"
3,67,195,8,1,['koverley'],194,"['abosshar', 'deshmukp', 'msargen', 'jaloi', 'tuckerz', 'natoli0', 'malhamm', 'awoodwa', 'freyg', 'slillig', 'klipiszk', 'hschennu', 'behrr', 'amcgoff', 'tglavan', 'mill2119', 'lthursto', 'kswartzb', 'lrigsbee', 'xu1085', 'peter514', 'lyanni', 'nail', 'marito', 'kbebris', 'choi333', 'mart1380', 'jeigenbr', 'jlorah', 'patel731', 'engc', 'ecave', 'mfess', 'zubik', 'nkhuu', 'tu37', 'terry51', 'amoravec', 'smit3177', 'agrillo', 'xose.amo', 'kvansan', 'aleidli', 'rathi4', 'chao26', 'zfrank64', 'hillej', 'sgrzych', 'dkuen', 'ceckste', 'adams410', 'bwitchie', 'rweedon', 'richg', 'ross217', 'yang1865', 'tdarmon20', 'sedgerto', 'davidsml', 'anniebreidinger', 'xul9044', 'jbuehrle', 'baile261', 'daviskahmann', 'chiang56', 'gcesar', 'wonhyukdo', 'bgrandst', 'dewittl', 'eloewe', 'stapletl', 'gavinneyman', 'nabdrahn', 'egarayev', 'efeldman', 'akansky', 'ghosh36', 'racroth35', 'schuman1', 'jfitzhu', 'jonathanlimp87', 'cregers', 'colewilloughby1125', 'hsmoke', 'allnic21', 'wning', 'mart1180', 'tpownell', 'epiergal', 'mpisoni', 'gezbbl7', 'verma52', 'slosing', 'mohdshah', 'pickera', 'abelkiew', 'cvasq69', 'li3604', 'ewilhite', 'adamdmiller17', 'tl0120', 'awennin', 'kinserc', 'ander754', 'nwegh2017', 'glevine', 'rroggema', 'bamorim', '17scotta', 'bpolinsk', 'cmenden', 'mgubbi', 'ferree1', 'mcginn1', 'cwidak', 'rutherfb', 'cheeseballs99', 'ccurto', 'white559', 'alotaib6', 'rhinesj', 'woo49', 'stark22', 'kumar212', 'gmantey', 'fergu101', 'payne71', 'aperitor', 'bullock8', 'uuraechu', 'gct246', 'kozelr', 'george92', 'ltoy', 'harbinz', 'ftangpoo', 'jhulsize', 'jboulayd', 'jin376', 'dlarocco', 'bcasler', 'singer15', 'edreifue', 'gupta393', 'lmackin', 'msulaima', 'hill399', 'cccyyj720', 'apanuga', 'bkeel', 'vkolar', 'chen2122', 'dmassow', 'lawrencr', 'goodma27', 'kzeligso', 'mart1391', 'sanjiv3damo', 'dragoneye', 'saboa', 'iyengar1', 'harri670', 'etitheyeti98', 'jnasiboov', 'gao499', 'tnoor', 'li2709', 'pillai7', 'jmacatan', 'bowman96', 'vudayamo', 'rturk8292', 'ithakor', 'ctsioli', 'rumplem', 'ali113', 'lm45000', 'eashburn', 'abhalcha', 'mmohdzai', 'bcaffert', 'mmshank16', 'li2722', 'pcastagn', 'lee2614', 'ellis99', 'coolnikitav', 'atruver', 'nikitasridhar14', 'wisler0', 'everbru', 'cdtorres', 'mtrivell', 'akick']",7,"['koverley1', 'dixon82', 'sharp52', 'cho372', 'yount', 'hansonni', 'obalican']",202,"['abosshar', 'deshmukp', 'msargen', 'jaloi', 'tuckerz', 'natoli0', 'malhamm', 'awoodwa', 'freyg', 'slillig', 'klipiszk', 'hschennu', 'behrr', 'amcgoff', 'tglavan', 'mill2119', 'lthursto', 'kswartzb', 'lrigsbee', 'xu1085', 'peter514', 'lyanni', 'nail', 'marito', 'kbebris', 'choi333', 'mart1380', 'jeigenbr', 'jlorah', 'patel731', 'engc', 'ecave', 'mfess', 'zubik', 'nkhuu', 'tu37', 'terry51', 'amoravec', 'smit3177', 'agrillo', 'xose.amo', 'kvansan', 'aleidli', 'rathi4', 'chao26', 'zfrank64', 'hillej', 'sgrzych', 'dkuen', 'ceckste', 'adams410', 'bwitchie', 'rweedon', 'richg', 'ross217', 'yang1865', 'tdarmon20', 'sedgerto', 'davidsml', 'anniebreidinger', 'xul9044', 'jbuehrle', 'baile261', 'daviskahmann', 'chiang56', 'gcesar', 'wonhyukdo', 'bgrandst', 'dewittl', 'eloewe', 'stapletl', 'gavinneyman', 'nabdrahn', 'egarayev', 'efeldman', 'akansky', 'ghosh36', 'racroth35', 'schuman1', 'jfitzhu', 'jonathanlimp87', 'cregers', 'koverley1', 'colewilloughby1125', 'hsmoke', 'allnic21', 'wning', 'mart1180', 'tpownell', 'epiergal', 'mpisoni', 'gezbbl7', 'verma52', 'slosing', 'mohdshah', 'pickera', 'abelkiew', 'cvasq69', 'li3604', 'ewilhite', 'adamdmiller17', 'tl0120', 'awennin', 'kinserc', 'ander754', 'nwegh2017', 'glevine', 'obalican', 'koverley', 'rroggema', 'bamorim', '17scotta', 'bpolinsk', 'cmenden', 'mgubbi', 'ferree1', 'mcginn1', 'cwidak', 'rutherfb', 'cheeseballs99', 'ccurto', 'white559', 'alotaib6', 'rhinesj', 'woo49', 'stark22', 'kumar212', 'gmantey', 'fergu101', 'payne71', 'aperitor', 'bullock8', 'hansonni', 'uuraechu', 'sharp52', 'gct246', 'kozelr', 'george92', 'ltoy', 'harbinz', 'ftangpoo', 'jhulsize', 'jboulayd', 'jin376', 'cho372', 'dlarocco', 'bcasler', 'singer15', 'edreifue', 'gupta393', 'lmackin', 'msulaima', 'hill399', 'dixon82', 'cccyyj720', 'apanuga', 'bkeel', 'vkolar', 'chen2122', 'dmassow', 'lawrencr', 'goodma27', 'kzeligso', 'mart1391', 'sanjiv3damo', 'dragoneye', 'saboa', 'iyengar1', 'harri670', 'etitheyeti98', 'jnasiboov', 'gao499', 'tnoor', 'li2709', 'pillai7', 'jmacatan', 'bowman96', 'vudayamo', 'rturk8292', 'ithakor', 'ctsioli', 'yount', 'rumplem', 'ali113', 'lm45000', 'eashburn', 'abhalcha', 'mmohdzai', 'bcaffert', 'mmshank16', 'li2722', 'pcastagn', 'lee2614', 'ellis99', 'coolnikitav', 'atruver', 'nikitasridhar14', 'wisler0', 'everbru', 'cdtorres', 'mtrivell', 'akick']"
3,69,195,7,3,"['etitheyeti98', 'mcginn1', 'efeldman']",192,"['abosshar', 'deshmukp', 'msargen', 'jaloi', 'tuckerz', 'natoli0', 'malhamm', 'awoodwa', 'freyg', 'slillig', 'klipiszk', 'hschennu', 'behrr', 'amcgoff', 'tglavan', 'mill2119', 'lthursto', 'kswartzb', 'lrigsbee', 'xu1085', 'peter514', 'lyanni', 'nail', 'marito', 'kbebris', 'choi333', 'mart1380', 'jeigenbr', 'jlorah', 'patel731', 'engc', 'ecave', 'mfess', 'zubik', 'nkhuu', 'tu37', 'terry51', 'amoravec', 'smit3177', 'agrillo', 'xose.amo', 'kvansan', 'aleidli', 'rathi4', 'chao26', 'zfrank64', 'hillej', 'sgrzych', 'dkuen', 'ceckste', 'adams410', 'bwitchie', 'rweedon', 'richg', 'ross217', 'yang1865', 'tdarmon20', 'sedgerto', 'davidsml', 'anniebreidinger', 'xul9044', 'jbuehrle', 'baile261', 'daviskahmann', 'chiang56', 'gcesar', 'wonhyukdo', 'bgrandst', 'dewittl', 'eloewe', 'stapletl', 'gavinneyman', 'nabdrahn', 'egarayev', 'akansky', 'ghosh36', 'racroth35', 'schuman1', 'jfitzhu', 'jonathanlimp87', 'cregers', 'colewilloughby1125', 'hsmoke', 'allnic21', 'wning', 'mart1180', 'tpownell', 'epiergal', 'mpisoni', 'gezbbl7', 'verma52', 'slosing', 'mohdshah', 'pickera', 'abelkiew', 'cvasq69', 'li3604', 'ewilhite', 'adamdmiller17', 'tl0120', 'awennin', 'kinserc', 'ander754', 'nwegh2017', 'glevine', 'koverley', 'rroggema', 'bamorim', '17scotta', 'bpolinsk', 'cmenden', 'mgubbi', 'ferree1', 'cwidak', 'rutherfb', 'cheeseballs99', 'ccurto', 'white559', 'alotaib6', 'rhinesj', 'woo49', 'stark22', 'kumar212', 'gmantey', 'fergu101', 'payne71', 'aperitor', 'bullock8', 'uuraechu', 'gct246', 'kozelr', 'george92', 'ltoy', 'harbinz', 'ftangpoo', 'jhulsize', 'jboulayd', 'jin376', 'dlarocco', 'bcasler', 'singer15', 'edreifue', 'gupta393', 'lmackin', 'msulaima', 'hill399', 'cccyyj720', 'apanuga', 'bkeel', 'vkolar', 'chen2122', 'dmassow', 'lawrencr', 'goodma27', 'kzeligso', 'mart1391', 'sanjiv3damo', 'dragoneye', 'saboa', 'iyengar1', 'harri670', 'jnasiboov', 'gao499', 'tnoor', 'li2709', 'pillai7', 'jmacatan', 'bowman96', 'vudayamo', 'rturk8292', 'ithakor', 'ctsioli', 'rumplem', 'ali113', 'lm45000', 'eashburn', 'abhalcha', 'mmohdzai', 'bcaffert', 'mmshank16', 'li2722', 'pcastagn', 'lee2614', 'ellis99', 'coolnikitav', 'atruver', 'nikitasridhar14', 'wisler0', 'everbru', 'cdtorres', 'mtrivell', 'akick']",4,"['kfuria', 'olugbenga82', 'guicx', 'jdiego1216']",199,"['abosshar', 'deshmukp', 'msargen', 'jaloi', 'tuckerz', 'natoli0', 'malhamm', 'awoodwa', 'freyg', 'slillig', 'klipiszk', 'hschennu', 'behrr', 'amcgoff', 'tglavan', 'mill2119', 'lthursto', 'kswartzb', 'lrigsbee', 'xu1085', 'peter514', 'lyanni', 'nail', 'marito', 'kbebris', 'choi333', 'mart1380', 'jeigenbr', 'jlorah', 'patel731', 'engc', 'ecave', 'mfess', 'zubik', 'nkhuu', 'tu37', 'terry51', 'amoravec', 'smit3177', 'agrillo', 'xose.amo', 'kvansan', 'aleidli', 'rathi4', 'chao26', 'zfrank64', 'hillej', 'sgrzych', 'dkuen', 'ceckste', 'adams410', 'bwitchie', 'rweedon', 'richg', 'ross217', 'yang1865', 'tdarmon20', 'sedgerto', 'davidsml', 'olugbenga82', 'anniebreidinger', 'xul9044', 'jbuehrle', 'baile261', 'daviskahmann', 'chiang56', 'gcesar', 'jdiego1216', 'wonhyukdo', 'bgrandst', 'dewittl', 'eloewe', 'stapletl', 'gavinneyman', 'nabdrahn', 'egarayev', 'efeldman', 'akansky', 'ghosh36', 'racroth35', 'schuman1', 'jfitzhu', 'jonathanlimp87', 'cregers', 'colewilloughby1125', 'hsmoke', 'allnic21', 'wning', 'mart1180', 'tpownell', 'epiergal', 'mpisoni', 'gezbbl7', 'verma52', 'slosing', 'mohdshah', 'pickera', 'abelkiew', 'cvasq69', 'li3604', 'ewilhite', 'adamdmiller17', 'tl0120', 'awennin', 'kinserc', 'ander754', 'nwegh2017', 'glevine', 'koverley', 'rroggema', 'bamorim', '17scotta', 'bpolinsk', 'cmenden', 'mgubbi', 'ferree1', 'mcginn1', 'cwidak', 'rutherfb', 'cheeseballs99', 'ccurto', 'white559', 'alotaib6', 'rhinesj', 'woo49', 'stark22', 'kumar212', 'gmantey', 'fergu101', 'payne71', 'aperitor', 'bullock8', 'uuraechu', 'gct246', 'kozelr', 'kfuria', 'george92', 'ltoy', 'harbinz', 'ftangpoo', 'jhulsize', 'jboulayd', 'jin376', 'dlarocco', 'bcasler', 'singer15', 'edreifue', 'gupta393', 'lmackin', 'msulaima', 'hill399', 'cccyyj720', 'apanuga', 'bkeel', 'vkolar', 'chen2122', 'dmassow', 'lawrencr', 'goodma27', 'kzeligso', 'mart1391', 'sanjiv3damo', 'dragoneye', 'saboa', 'iyengar1', 'harri670', 'etitheyeti98', 'guicx', 'jnasiboov', 'gao499', 'tnoor', 'li2709', 'pillai7', 'jmacatan', 'bowman96', 'vudayamo', 'rturk8292', 'ithakor', 'ctsioli', 'rumplem', 'ali113', 'lm45000', 'eashburn', 'abhalcha', 'mmohdzai', 'bcaffert', 'mmshank16', 'li2722', 'pcastagn', 'lee2614', 'ellis99', 'coolnikitav', 'atruver', 'nikitasridhar14', 'wisler0', 'everbru', 'cdtorres', 'mtrivell', 'akick']"
3,85,195,6,4,"['hill399', 'bwitchie', 'mtrivell', 'dlarocco']",191,"['abosshar', 'deshmukp', 'msargen', 'jaloi', 'tuckerz', 'natoli0', 'malhamm', 'awoodwa', 'freyg', 'slillig', 'klipiszk', 'hschennu', 'behrr', 'amcgoff', 'tglavan', 'mill2119', 'lthursto', 'kswartzb', 'lrigsbee', 'xu1085', 'peter514', 'lyanni', 'nail', 'marito', 'kbebris', 'choi333', 'mart1380', 'jeigenbr', 'jlorah', 'patel731', 'engc', 'ecave', 'mfess', 'zubik', 'nkhuu', 'tu37', 'terry51', 'amoravec', 'smit3177', 'agrillo', 'xose.amo', 'kvansan', 'aleidli', 'rathi4', 'chao26', 'zfrank64', 'hillej', 'sgrzych', 'dkuen', 'ceckste', 'adams410', 'rweedon', 'richg', 'ross217', 'yang1865', 'tdarmon20', 'sedgerto', 'davidsml', 'anniebreidinger', 'xul9044', 'jbuehrle', 'baile261', 'daviskahmann', 'chiang56', 'gcesar', 'wonhyukdo', 'bgrandst', 'dewittl', 'eloewe', 'stapletl', 'gavinneyman', 'nabdrahn', 'egarayev', 'efeldman', 'akansky', 'ghosh36', 'racroth35', 'schuman1', 'jfitzhu', 'jonathanlimp87', 'cregers', 'colewilloughby1125', 'hsmoke', 'allnic21', 'wning', 'mart1180', 'tpownell', 'epiergal', 'mpisoni', 'gezbbl7', 'verma52', 'slosing', 'mohdshah', 'pickera', 'abelkiew', 'cvasq69', 'li3604', 'ewilhite', 'adamdmiller17', 'tl0120', 'awennin', 'kinserc', 'ander754', 'nwegh2017', 'glevine', 'koverley', 'rroggema', 'bamorim', '17scotta', 'bpolinsk', 'cmenden', 'mgubbi', 'ferree1', 'mcginn1', 'cwidak', 'rutherfb', 'cheeseballs99', 'ccurto', 'white559', 'alotaib6', 'rhinesj', 'woo49', 'stark22', 'kumar212', 'gmantey', 'fergu101', 'payne71', 'aperitor', 'bullock8', 'uuraechu', 'gct246', 'kozelr', 'george92', 'ltoy', 'harbinz', 'ftangpoo', 'jhulsize', 'jboulayd', 'jin376', 'bcasler', 'singer15', 'edreifue', 'gupta393', 'lmackin', 'msulaima', 'cccyyj720', 'apanuga', 'bkeel', 'vkolar', 'chen2122', 'dmassow', 'lawrencr', 'goodma27', 'kzeligso', 'mart1391', 'sanjiv3damo', 'dragoneye', 'saboa', 'iyengar1', 'harri670', 'etitheyeti98', 'jnasiboov', 'gao499', 'tnoor', 'li2709', 'pillai7', 'jmacatan', 'bowman96', 'vudayamo', 'rturk8292', 'ithakor', 'ctsioli', 'rumplem', 'ali113', 'lm45000', 'eashburn', 'abhalcha', 'mmohdzai', 'bcaffert', 'mmshank16', 'li2722', 'pcastagn', 'lee2614', 'ellis99', 'coolnikitav', 'atruver', 'nikitasridhar14', 'wisler0', 'everbru', 'cdtorres', 'akick']",2,"['brewer66', 'mheighwa']",197,"['abosshar', 'deshmukp', 'msargen', 'jaloi', 'tuckerz', 'natoli0', 'malhamm', 'awoodwa', 'freyg', 'slillig', 'klipiszk', 'hschennu', 'behrr', 'amcgoff', 'tglavan', 'mill2119', 'lthursto', 'kswartzb', 'lrigsbee', 'xu1085', 'peter514', 'lyanni', 'nail', 'marito', 'kbebris', 'choi333', 'mart1380', 'jeigenbr', 'jlorah', 'patel731', 'engc', 'ecave', 'mfess', 'zubik', 'nkhuu', 'tu37', 'terry51', 'amoravec', 'smit3177', 'agrillo', 'xose.amo', 'kvansan', 'aleidli', 'rathi4', 'chao26', 'zfrank64', 'hillej', 'sgrzych', 'dkuen', 'ceckste', 'adams410', 'bwitchie', 'rweedon', 'richg', 'ross217', 'yang1865', 'tdarmon20', 'sedgerto', 'davidsml', 'anniebreidinger', 'xul9044', 'jbuehrle', 'baile261', 'daviskahmann', 'chiang56', 'gcesar', 'wonhyukdo', 'bgrandst', 'dewittl', 'eloewe', 'stapletl', 'gavinneyman', 'nabdrahn', 'egarayev', 'efeldman', 'akansky', 'ghosh36', 'racroth35', 'schuman1', 'jfitzhu', 'jonathanlimp87', 'cregers', 'colewilloughby1125', 'hsmoke', 'allnic21', 'wning', 'mart1180', 'tpownell', 'epiergal', 'mheighwa', 'mpisoni', 'gezbbl7', 'verma52', 'slosing', 'mohdshah', 'pickera', 'abelkiew', 'cvasq69', 'li3604', 'ewilhite', 'adamdmiller17', 'brewer66', 'tl0120', 'awennin', 'kinserc', 'ander754', 'nwegh2017', 'glevine', 'koverley', 'rroggema', 'bamorim', '17scotta', 'bpolinsk', 'cmenden', 'mgubbi', 'ferree1', 'mcginn1', 'cwidak', 'rutherfb', 'cheeseballs99', 'ccurto', 'white559', 'alotaib6', 'rhinesj', 'woo49', 'stark22', 'kumar212', 'gmantey', 'fergu101', 'payne71', 'aperitor', 'bullock8', 'uuraechu', 'gct246', 'kozelr', 'george92', 'ltoy', 'harbinz', 'ftangpoo', 'jhulsize', 'jboulayd', 'jin376', 'dlarocco', 'bcasler', 'singer15', 'edreifue', 'gupta393', 'lmackin', 'msulaima', 'hill399', 'cccyyj720', 'apanuga', 'bkeel', 'vkolar', 'chen2122', 'dmassow', 'lawrencr', 'goodma27', 'kzeligso', 'mart1391', 'sanjiv3damo', 'dragoneye', 'saboa', 'iyengar1', 'harri670', 'etitheyeti98', 'jnasiboov', 'gao499', 'tnoor', 'li2709', 'pillai7', 'jmacatan', 'bowman96', 'vudayamo', 'rturk8292', 'ithakor', 'ctsioli', 'rumplem', 'ali113', 'lm45000', 'eashburn', 'abhalcha', 'mmohdzai', 'bcaffert', 'mmshank16', 'li2722', 'pcastagn', 'lee2614', 'ellis99', 'coolnikitav', 'atruver', 'nikitasridhar14', 'wisler0', 'everbru', 'cdtorres', 'mtrivell', 'akick']"
3,124,195,6,6,"['davidsml', 'gavinneyman', 'natoli0', 'kbebris', 'rumplem', 'lm45000']",189,"['abosshar', 'deshmukp', 'msargen', 'jaloi', 'tuckerz', 'malhamm', 'awoodwa', 'freyg', 'slillig', 'klipiszk', 'hschennu', 'behrr', 'amcgoff', 'tglavan', 'mill2119', 'lthursto', 'kswartzb', 'lrigsbee', 'xu1085', 'peter514', 'lyanni', 'nail', 'marito', 'choi333', 'mart1380', 'jeigenbr', 'jlorah', 'patel731', 'engc', 'ecave', 'mfess', 'zubik', 'nkhuu', 'tu37', 'terry51', 'amoravec', 'smit3177', 'agrillo', 'xose.amo', 'kvansan', 'aleidli', 'rathi4', 'chao26', 'zfrank64', 'hillej', 'sgrzych', 'dkuen', 'ceckste', 'adams410', 'bwitchie', 'rweedon', 'richg', 'ross217', 'yang1865', 'tdarmon20', 'sedgerto', 'anniebreidinger', 'xul9044', 'jbuehrle', 'baile261', 'daviskahmann', 'chiang56', 'gcesar', 'wonhyukdo', 'bgrandst', 'dewittl', 'eloewe', 'stapletl', 'nabdrahn', 'egarayev', 'efeldman', 'akansky', 'ghosh36', 'racroth35', 'schuman1', 'jfitzhu', 'jonathanlimp87', 'cregers', 'colewilloughby1125', 'hsmoke', 'allnic21', 'wning', 'mart1180', 'tpownell', 'epiergal', 'mpisoni', 'gezbbl7', 'verma52', 'slosing', 'mohdshah', 'pickera', 'abelkiew', 'cvasq69', 'li3604', 'ewilhite', 'adamdmiller17', 'tl0120', 'awennin', 'kinserc', 'ander754', 'nwegh2017', 'glevine', 'koverley', 'rroggema', 'bamorim', '17scotta', 'bpolinsk', 'cmenden', 'mgubbi', 'ferree1', 'mcginn1', 'cwidak', 'rutherfb', 'cheeseballs99', 'ccurto', 'white559', 'alotaib6', 'rhinesj', 'woo49', 'stark22', 'kumar212', 'gmantey', 'fergu101', 'payne71', 'aperitor', 'bullock8', 'uuraechu', 'gct246', 'kozelr', 'george92', 'ltoy', 'harbinz', 'ftangpoo', 'jhulsize', 'jboulayd', 'jin376', 'dlarocco', 'bcasler', 'singer15', 'edreifue', 'gupta393', 'lmackin', 'msulaima', 'hill399', 'cccyyj720', 'apanuga', 'bkeel', 'vkolar', 'chen2122', 'dmassow', 'lawrencr', 'goodma27', 'kzeligso', 'mart1391', 'sanjiv3damo', 'dragoneye', 'saboa', 'iyengar1', 'harri670', 'etitheyeti98', 'jnasiboov', 'gao499', 'tnoor', 'li2709', 'pillai7', 'jmacatan', 'bowman96', 'vudayamo', 'rturk8292', 'ithakor', 'ctsioli', 'ali113', 'eashburn', 'abhalcha', 'mmohdzai', 'bcaffert', 'mmshank16', 'li2722', 'pcastagn', 'lee2614', 'ellis99', 'coolnikitav', 'atruver', 'nikitasridhar14', 'wisler0', 'everbru', 'cdtorres', 'mtrivell', 'akick']",0,[],195,"['abosshar', 'deshmukp', 'msargen', 'jaloi', 'tuckerz', 'natoli0', 'malhamm', 'awoodwa', 'freyg', 'slillig', 'klipiszk', 'hschennu', 'behrr', 'amcgoff', 'tglavan', 'mill2119', 'lthursto', 'kswartzb', 'lrigsbee', 'xu1085', 'peter514', 'lyanni', 'nail', 'marito', 'kbebris', 'choi333', 'mart1380', 'jeigenbr', 'jlorah', 'patel731', 'engc', 'ecave', 'mfess', 'zubik', 'nkhuu', 'tu37', 'terry51', 'amoravec', 'smit3177', 'agrillo', 'xose.amo', 'kvansan', 'aleidli', 'rathi4', 'chao26', 'zfrank64', 'hillej', 'sgrzych', 'dkuen', 'ceckste', 'adams410', 'bwitchie', 'rweedon', 'richg', 'ross217', 'yang1865', 'tdarmon20', 'sedgerto', 'davidsml', 'anniebreidinger', 'xul9044', 'jbuehrle', 'baile261', 'daviskahmann', 'chiang56', 'gcesar', 'wonhyukdo', 'bgrandst', 'dewittl', 'eloewe', 'stapletl', 'gavinneyman', 'nabdrahn', 'egarayev', 'efeldman', 'akansky', 'ghosh36', 'racroth35', 'schuman1', 'jfitzhu', 'jonathanlimp87', 'cregers', 'colewilloughby1125', 'hsmoke', 'allnic21', 'wning', 'mart1180', 'tpownell', 'epiergal', 'mpisoni', 'gezbbl7', 'verma52', 'slosing', 'mohdshah', 'pickera', 'abelkiew', 'cvasq69', 'li3604', 'ewilhite', 'adamdmiller17', 'tl0120', 'awennin', 'kinserc', 'ander754', 'nwegh2017', 'glevine', 'koverley', 'rroggema', 'bamorim', '17scotta', 'bpolinsk', 'cmenden', 'mgubbi', 'ferree1', 'mcginn1', 'cwidak', 'rutherfb', 'cheeseballs99', 'ccurto', 'white559', 'alotaib6', 'rhinesj', 'woo49', 'stark22', 'kumar212', 'gmantey', 'fergu101', 'payne71', 'aperitor', 'bullock8', 'uuraechu', 'gct246', 'kozelr', 'george92', 'ltoy', 'harbinz', 'ftangpoo', 'jhulsize', 'jboulayd', 'jin376', 'dlarocco', 'bcasler', 'singer15', 'edreifue', 'gupta393', 'lmackin', 'msulaima', 'hill399', 'cccyyj720', 'apanuga', 'bkeel', 'vkolar', 'chen2122', 'dmassow', 'lawrencr', 'goodma27', 'kzeligso', 'mart1391', 'sanjiv3damo', 'dragoneye', 'saboa', 'iyengar1', 'harri670', 'etitheyeti98', 'jnasiboov', 'gao499', 'tnoor', 'li2709', 'pillai7', 'jmacatan', 'bowman96', 'vudayamo', 'rturk8292', 'ithakor', 'ctsioli', 'rumplem', 'ali113', 'lm45000', 'eashburn', 'abhalcha', 'mmohdzai', 'bcaffert', 'mmshank16', 'li2722', 'pcastagn', 'lee2614', 'ellis99', 'coolnikitav', 'atruver', 'nikitasridhar14', 'wisler0', 'everbru', 'cdtorres', 'mtrivell', 'akick']"
3,150,195,6,6,"['tpownell', 'hillej', 'gavinneyman', 'natoli0', 'kbebris', 'lm45000']",189,"['abosshar', 'deshmukp', 'msargen', 'jaloi', 'tuckerz', 'malhamm', 'awoodwa', 'freyg', 'slillig', 'klipiszk', 'hschennu', 'behrr', 'amcgoff', 'tglavan', 'mill2119', 'lthursto', 'kswartzb', 'lrigsbee', 'xu1085', 'peter514', 'lyanni', 'nail', 'marito', 'choi333', 'mart1380', 'jeigenbr', 'jlorah', 'patel731', 'engc', 'ecave', 'mfess', 'zubik', 'nkhuu', 'tu37', 'terry51', 'amoravec', 'smit3177', 'agrillo', 'xose.amo', 'kvansan', 'aleidli', 'rathi4', 'chao26', 'zfrank64', 'sgrzych', 'dkuen', 'ceckste', 'adams410', 'bwitchie', 'rweedon', 'richg', 'ross217', 'yang1865', 'tdarmon20', 'sedgerto', 'davidsml', 'anniebreidinger', 'xul9044', 'jbuehrle', 'baile261', 'daviskahmann', 'chiang56', 'gcesar', 'wonhyukdo', 'bgrandst', 'dewittl', 'eloewe', 'stapletl', 'nabdrahn', 'egarayev', 'efeldman', 'akansky', 'ghosh36', 'racroth35', 'schuman1', 'jfitzhu', 'jonathanlimp87', 'cregers', 'colewilloughby1125', 'hsmoke', 'allnic21', 'wning', 'mart1180', 'epiergal', 'mpisoni', 'gezbbl7', 'verma52', 'slosing', 'mohdshah', 'pickera', 'abelkiew', 'cvasq69', 'li3604', 'ewilhite', 'adamdmiller17', 'tl0120', 'awennin', 'kinserc', 'ander754', 'nwegh2017', 'glevine', 'koverley', 'rroggema', 'bamorim', '17scotta', 'bpolinsk', 'cmenden', 'mgubbi', 'ferree1', 'mcginn1', 'cwidak', 'rutherfb', 'cheeseballs99', 'ccurto', 'white559', 'alotaib6', 'rhinesj', 'woo49', 'stark22', 'kumar212', 'gmantey', 'fergu101', 'payne71', 'aperitor', 'bullock8', 'uuraechu', 'gct246', 'kozelr', 'george92', 'ltoy', 'harbinz', 'ftangpoo', 'jhulsize', 'jboulayd', 'jin376', 'dlarocco', 'bcasler', 'singer15', 'edreifue', 'gupta393', 'lmackin', 'msulaima', 'hill399', 'cccyyj720', 'apanuga', 'bkeel', 'vkolar', 'chen2122', 'dmassow', 'lawrencr', 'goodma27', 'kzeligso', 'mart1391', 'sanjiv3damo', 'dragoneye', 'saboa', 'iyengar1', 'harri670', 'etitheyeti98', 'jnasiboov', 'gao499', 'tnoor', 'li2709', 'pillai7', 'jmacatan', 'bowman96', 'vudayamo', 'rturk8292', 'ithakor', 'ctsioli', 'rumplem', 'ali113', 'eashburn', 'abhalcha', 'mmohdzai', 'bcaffert', 'mmshank16', 'li2722', 'pcastagn', 'lee2614', 'ellis99', 'coolnikitav', 'atruver', 'nikitasridhar14', 'wisler0', 'everbru', 'cdtorres', 'mtrivell', 'akick']",0,[],195,"['abosshar', 'deshmukp', 'msargen', 'jaloi', 'tuckerz', 'natoli0', 'malhamm', 'awoodwa', 'freyg', 'slillig', 'klipiszk', 'hschennu', 'behrr', 'amcgoff', 'tglavan', 'mill2119', 'lthursto', 'kswartzb', 'lrigsbee', 'xu1085', 'peter514', 'lyanni', 'nail', 'marito', 'kbebris', 'choi333', 'mart1380', 'jeigenbr', 'jlorah', 'patel731', 'engc', 'ecave', 'mfess', 'zubik', 'nkhuu', 'tu37', 'terry51', 'amoravec', 'smit3177', 'agrillo', 'xose.amo', 'kvansan', 'aleidli', 'rathi4', 'chao26', 'zfrank64', 'hillej', 'sgrzych', 'dkuen', 'ceckste', 'adams410', 'bwitchie', 'rweedon', 'richg', 'ross217', 'yang1865', 'tdarmon20', 'sedgerto', 'davidsml', 'anniebreidinger', 'xul9044', 'jbuehrle', 'baile261', 'daviskahmann', 'chiang56', 'gcesar', 'wonhyukdo', 'bgrandst', 'dewittl', 'eloewe', 'stapletl', 'gavinneyman', 'nabdrahn', 'egarayev', 'efeldman', 'akansky', 'ghosh36', 'racroth35', 'schuman1', 'jfitzhu', 'jonathanlimp87', 'cregers', 'colewilloughby1125', 'hsmoke', 'allnic21', 'wning', 'mart1180', 'tpownell', 'epiergal', 'mpisoni', 'gezbbl7', 'verma52', 'slosing', 'mohdshah', 'pickera', 'abelkiew', 'cvasq69', 'li3604', 'ewilhite', 'adamdmiller17', 'tl0120', 'awennin', 'kinserc', 'ander754', 'nwegh2017', 'glevine', 'koverley', 'rroggema', 'bamorim', '17scotta', 'bpolinsk', 'cmenden', 'mgubbi', 'ferree1', 'mcginn1', 'cwidak', 'rutherfb', 'cheeseballs99', 'ccurto', 'white559', 'alotaib6', 'rhinesj', 'woo49', 'stark22', 'kumar212', 'gmantey', 'fergu101', 'payne71', 'aperitor', 'bullock8', 'uuraechu', 'gct246', 'kozelr', 'george92', 'ltoy', 'harbinz', 'ftangpoo', 'jhulsize', 'jboulayd', 'jin376', 'dlarocco', 'bcasler', 'singer15', 'edreifue', 'gupta393', 'lmackin', 'msulaima', 'hill399', 'cccyyj720', 'apanuga', 'bkeel', 'vkolar', 'chen2122', 'dmassow', 'lawrencr', 'goodma27', 'kzeligso', 'mart1391', 'sanjiv3damo', 'dragoneye', 'saboa', 'iyengar1', 'harri670', 'etitheyeti98', 'jnasiboov', 'gao499', 'tnoor', 'li2709', 'pillai7', 'jmacatan', 'bowman96', 'vudayamo', 'rturk8292', 'ithakor', 'ctsioli', 'rumplem', 'ali113', 'lm45000', 'eashburn', 'abhalcha', 'mmohdzai', 'bcaffert', 'mmshank16', 'li2722', 'pcastagn', 'lee2614', 'ellis99', 'coolnikitav', 'atruver', 'nikitasridhar14', 'wisler0', 'everbru', 'cdtorres', 'mtrivell', 'akick']"
3,76,195,5,4,"['sanjiv3damo', 'aperitor', 'kinserc', 'fergu101']",191,"['abosshar', 'deshmukp', 'msargen', 'jaloi', 'tuckerz', 'natoli0', 'malhamm', 'awoodwa', 'freyg', 'slillig', 'klipiszk', 'hschennu', 'behrr', 'amcgoff', 'tglavan', 'mill2119', 'lthursto', 'kswartzb', 'lrigsbee', 'xu1085', 'peter514', 'lyanni', 'nail', 'marito', 'kbebris', 'choi333', 'mart1380', 'jeigenbr', 'jlorah', 'patel731', 'engc', 'ecave', 'mfess', 'zubik', 'nkhuu', 'tu37', 'terry51', 'amoravec', 'smit3177', 'agrillo', 'xose.amo', 'kvansan', 'aleidli', 'rathi4', 'chao26', 'zfrank64', 'hillej', 'sgrzych', 'dkuen', 'ceckste', 'adams410', 'bwitchie', 'rweedon', 'richg', 'ross217', 'yang1865', 'tdarmon20', 'sedgerto', 'davidsml', 'anniebreidinger', 'xul9044', 'jbuehrle', 'baile261', 'daviskahmann', 'chiang56', 'gcesar', 'wonhyukdo', 'bgrandst', 'dewittl', 'eloewe', 'stapletl', 'gavinneyman', 'nabdrahn', 'egarayev', 'efeldman', 'akansky', 'ghosh36', 'racroth35', 'schuman1', 'jfitzhu', 'jonathanlimp87', 'cregers', 'colewilloughby1125', 'hsmoke', 'allnic21', 'wning', 'mart1180', 'tpownell', 'epiergal', 'mpisoni', 'gezbbl7', 'verma52', 'slosing', 'mohdshah', 'pickera', 'abelkiew', 'cvasq69', 'li3604', 'ewilhite', 'adamdmiller17', 'tl0120', 'awennin', 'ander754', 'nwegh2017', 'glevine', 'koverley', 'rroggema', 'bamorim', '17scotta', 'bpolinsk', 'cmenden', 'mgubbi', 'ferree1', 'mcginn1', 'cwidak', 'rutherfb', 'cheeseballs99', 'ccurto', 'white559', 'alotaib6', 'rhinesj', 'woo49', 'stark22', 'kumar212', 'gmantey', 'payne71', 'bullock8', 'uuraechu', 'gct246', 'kozelr', 'george92', 'ltoy', 'harbinz', 'ftangpoo', 'jhulsize', 'jboulayd', 'jin376', 'dlarocco', 'bcasler', 'singer15', 'edreifue', 'gupta393', 'lmackin', 'msulaima', 'hill399', 'cccyyj720', 'apanuga', 'bkeel', 'vkolar', 'chen2122', 'dmassow', 'lawrencr', 'goodma27', 'kzeligso', 'mart1391', 'dragoneye', 'saboa', 'iyengar1', 'harri670', 'etitheyeti98', 'jnasiboov', 'gao499', 'tnoor', 'li2709', 'pillai7', 'jmacatan', 'bowman96', 'vudayamo', 'rturk8292', 'ithakor', 'ctsioli', 'rumplem', 'ali113', 'lm45000', 'eashburn', 'abhalcha', 'mmohdzai', 'bcaffert', 'mmshank16', 'li2722', 'pcastagn', 'lee2614', 'ellis99', 'coolnikitav', 'atruver', 'nikitasridhar14', 'wisler0', 'everbru', 'cdtorres', 'mtrivell', 'akick']",1,['butchko'],196,"['abosshar', 'deshmukp', 'msargen', 'jaloi', 'tuckerz', 'natoli0', 'malhamm', 'awoodwa', 'freyg', 'slillig', 'klipiszk', 'hschennu', 'behrr', 'amcgoff', 'tglavan', 'mill2119', 'lthursto', 'kswartzb', 'lrigsbee', 'xu1085', 'peter514', 'lyanni', 'nail', 'marito', 'kbebris', 'choi333', 'mart1380', 'jeigenbr', 'jlorah', 'patel731', 'engc', 'ecave', 'mfess', 'zubik', 'nkhuu', 'tu37', 'terry51', 'amoravec', 'smit3177', 'agrillo', 'xose.amo', 'kvansan', 'aleidli', 'rathi4', 'chao26', 'zfrank64', 'hillej', 'sgrzych', 'dkuen', 'ceckste', 'adams410', 'bwitchie', 'rweedon', 'richg', 'ross217', 'yang1865', 'tdarmon20', 'sedgerto', 'davidsml', 'anniebreidinger', 'xul9044', 'jbuehrle', 'baile261', 'daviskahmann', 'chiang56', 'gcesar', 'wonhyukdo', 'bgrandst', 'dewittl', 'eloewe', 'stapletl', 'gavinneyman', 'nabdrahn', 'egarayev', 'efeldman', 'akansky', 'ghosh36', 'racroth35', 'schuman1', 'jfitzhu', 'jonathanlimp87', 'cregers', 'colewilloughby1125', 'hsmoke', 'allnic21', 'wning', 'mart1180', 'tpownell', 'epiergal', 'mpisoni', 'gezbbl7', 'verma52', 'slosing', 'mohdshah', 'pickera', 'butchko', 'abelkiew', 'cvasq69', 'li3604', 'ewilhite', 'adamdmiller17', 'tl0120', 'awennin', 'kinserc', 'ander754', 'nwegh2017', 'glevine', 'koverley', 'rroggema', 'bamorim', '17scotta', 'bpolinsk', 'cmenden', 'mgubbi', 'ferree1', 'mcginn1', 'cwidak', 'rutherfb', 'cheeseballs99', 'ccurto', 'white559', 'alotaib6', 'rhinesj', 'woo49', 'stark22', 'kumar212', 'gmantey', 'fergu101', 'payne71', 'aperitor', 'bullock8', 'uuraechu', 'gct246', 'kozelr', 'george92', 'ltoy', 'harbinz', 'ftangpoo', 'jhulsize', 'jboulayd', 'jin376', 'dlarocco', 'bcasler', 'singer15', 'edreifue', 'gupta393', 'lmackin', 'msulaima', 'hill399', 'cccyyj720', 'apanuga', 'bkeel', 'vkolar', 'chen2122', 'dmassow', 'lawrencr', 'goodma27', 'kzeligso', 'mart1391', 'sanjiv3damo', 'dragoneye', 'saboa', 'iyengar1', 'harri670', 'etitheyeti98', 'jnasiboov', 'gao499', 'tnoor', 'li2709', 'pillai7', 'jmacatan', 'bowman96', 'vudayamo', 'rturk8292', 'ithakor', 'ctsioli', 'rumplem', 'ali113', 'lm45000', 'eashburn', 'abhalcha', 'mmohdzai', 'bcaffert', 'mmshank16', 'li2722', 'pcastagn', 'lee2614', 'ellis99', 'coolnikitav', 'atruver', 'nikitasridhar14', 'wisler0', 'everbru', 'cdtorres', 'mtrivell', 'akick']"
3,121,195,5,3,"['mmshank16', 'bowman96', 'kinserc']",192,"['abosshar', 'deshmukp', 'msargen', 'jaloi', 'tuckerz', 'natoli0', 'malhamm', 'awoodwa', 'freyg', 'slillig', 'klipiszk', 'hschennu', 'behrr', 'amcgoff', 'tglavan', 'mill2119', 'lthursto', 'kswartzb', 'lrigsbee', 'xu1085', 'peter514', 'lyanni', 'nail', 'marito', 'kbebris', 'choi333', 'mart1380', 'jeigenbr', 'jlorah', 'patel731', 'engc', 'ecave', 'mfess', 'zubik', 'nkhuu', 'tu37', 'terry51', 'amoravec', 'smit3177', 'agrillo', 'xose.amo', 'kvansan', 'aleidli', 'rathi4', 'chao26', 'zfrank64', 'hillej', 'sgrzych', 'dkuen', 'ceckste', 'adams410', 'bwitchie', 'rweedon', 'richg', 'ross217', 'yang1865', 'tdarmon20', 'sedgerto', 'davidsml', 'anniebreidinger', 'xul9044', 'jbuehrle', 'baile261', 'daviskahmann', 'chiang56', 'gcesar', 'wonhyukdo', 'bgrandst', 'dewittl', 'eloewe', 'stapletl', 'gavinneyman', 'nabdrahn', 'egarayev', 'efeldman', 'akansky', 'ghosh36', 'racroth35', 'schuman1', 'jfitzhu', 'jonathanlimp87', 'cregers', 'colewilloughby1125', 'hsmoke', 'allnic21', 'wning', 'mart1180', 'tpownell', 'epiergal', 'mpisoni', 'gezbbl7', 'verma52', 'slosing', 'mohdshah', 'pickera', 'abelkiew', 'cvasq69', 'li3604', 'ewilhite', 'adamdmiller17', 'tl0120', 'awennin', 'ander754', 'nwegh2017', 'glevine', 'koverley', 'rroggema', 'bamorim', '17scotta', 'bpolinsk', 'cmenden', 'mgubbi', 'ferree1', 'mcginn1', 'cwidak', 'rutherfb', 'cheeseballs99', 'ccurto', 'white559', 'alotaib6', 'rhinesj', 'woo49', 'stark22', 'kumar212', 'gmantey', 'fergu101', 'payne71', 'aperitor', 'bullock8', 'uuraechu', 'gct246', 'kozelr', 'george92', 'ltoy', 'harbinz', 'ftangpoo', 'jhulsize', 'jboulayd', 'jin376', 'dlarocco', 'bcasler', 'singer15', 'edreifue', 'gupta393', 'lmackin', 'msulaima', 'hill399', 'cccyyj720', 'apanuga', 'bkeel', 'vkolar', 'chen2122', 'dmassow', 'lawrencr', 'goodma27', 'kzeligso', 'mart1391', 'sanjiv3damo', 'dragoneye', 'saboa', 'iyengar1', 'harri670', 'etitheyeti98', 'jnasiboov', 'gao499', 'tnoor', 'li2709', 'pillai7', 'jmacatan', 'vudayamo', 'rturk8292', 'ithakor', 'ctsioli', 'rumplem', 'ali113', 'lm45000', 'eashburn', 'abhalcha', 'mmohdzai', 'bcaffert', 'li2722', 'pcastagn', 'lee2614', 'ellis99', 'coolnikitav', 'atruver', 'nikitasridhar14', 'wisler0', 'everbru', 'cdtorres', 'mtrivell', 'akick']",2,"['bstegma', 'gleasonb']",197,"['abosshar', 'deshmukp', 'msargen', 'jaloi', 'tuckerz', 'natoli0', 'malhamm', 'awoodwa', 'freyg', 'slillig', 'klipiszk', 'hschennu', 'behrr', 'amcgoff', 'tglavan', 'mill2119', 'lthursto', 'kswartzb', 'lrigsbee', 'xu1085', 'peter514', 'lyanni', 'nail', 'marito', 'kbebris', 'choi333', 'mart1380', 'jeigenbr', 'jlorah', 'patel731', 'engc', 'ecave', 'mfess', 'zubik', 'nkhuu', 'tu37', 'terry51', 'amoravec', 'smit3177', 'agrillo', 'xose.amo', 'kvansan', 'aleidli', 'rathi4', 'chao26', 'zfrank64', 'hillej', 'sgrzych', 'dkuen', 'ceckste', 'adams410', 'bwitchie', 'rweedon', 'richg', 'ross217', 'yang1865', 'tdarmon20', 'sedgerto', 'davidsml', 'anniebreidinger', 'xul9044', 'jbuehrle', 'bstegma', 'baile261', 'daviskahmann', 'chiang56', 'gcesar', 'wonhyukdo', 'bgrandst', 'dewittl', 'eloewe', 'stapletl', 'gavinneyman', 'nabdrahn', 'egarayev', 'efeldman', 'akansky', 'ghosh36', 'racroth35', 'schuman1', 'jfitzhu', 'jonathanlimp87', 'cregers', 'colewilloughby1125', 'hsmoke', 'allnic21', 'wning', 'mart1180', 'tpownell', 'epiergal', 'mpisoni', 'gezbbl7', 'verma52', 'slosing', 'mohdshah', 'pickera', 'abelkiew', 'cvasq69', 'li3604', 'ewilhite', 'adamdmiller17', 'tl0120', 'awennin', 'kinserc', 'ander754', 'nwegh2017', 'glevine', 'koverley', 'rroggema', 'bamorim', '17scotta', 'bpolinsk', 'cmenden', 'mgubbi', 'ferree1', 'mcginn1', 'cwidak', 'rutherfb', 'cheeseballs99', 'ccurto', 'white559', 'alotaib6', 'rhinesj', 'woo49', 'stark22', 'kumar212', 'gmantey', 'fergu101', 'payne71', 'aperitor', 'bullock8', 'uuraechu', 'gct246', 'kozelr', 'george92', 'ltoy', 'harbinz', 'ftangpoo', 'jhulsize', 'jboulayd', 'jin376', 'dlarocco', 'bcasler', 'singer15', 'edreifue', 'gupta393', 'lmackin', 'msulaima', 'hill399', 'cccyyj720', 'apanuga', 'bkeel', 'vkolar', 'chen2122', 'dmassow', 'lawrencr', 'goodma27', 'kzeligso', 'mart1391', 'sanjiv3damo', 'dragoneye', 'saboa', 'gleasonb', 'iyengar1', 'harri670', 'etitheyeti98', 'jnasiboov', 'gao499', 'tnoor', 'li2709', 'pillai7', 'jmacatan', 'bowman96', 'vudayamo', 'rturk8292', 'ithakor', 'ctsioli', 'rumplem', 'ali113', 'lm45000', 'eashburn', 'abhalcha', 'mmohdzai', 'bcaffert', 'mmshank16', 'li2722', 'pcastagn', 'lee2614', 'ellis99', 'coolnikitav', 'atruver', 'nikitasridhar14', 'wisler0', 'everbru', 'cdtorres', 'mtrivell', 'akick']"
3,122,195,5,3,"['li2709', 'iyengar1', 'chen2122']",192,"['abosshar', 'deshmukp', 'msargen', 'jaloi', 'tuckerz', 'natoli0', 'malhamm', 'awoodwa', 'freyg', 'slillig', 'klipiszk', 'hschennu', 'behrr', 'amcgoff', 'tglavan', 'mill2119', 'lthursto', 'kswartzb', 'lrigsbee', 'xu1085', 'peter514', 'lyanni', 'nail', 'marito', 'kbebris', 'choi333', 'mart1380', 'jeigenbr', 'jlorah', 'patel731', 'engc', 'ecave', 'mfess', 'zubik', 'nkhuu', 'tu37', 'terry51', 'amoravec', 'smit3177', 'agrillo', 'xose.amo', 'kvansan', 'aleidli', 'rathi4', 'chao26', 'zfrank64', 'hillej', 'sgrzych', 'dkuen', 'ceckste', 'adams410', 'bwitchie', 'rweedon', 'richg', 'ross217', 'yang1865', 'tdarmon20', 'sedgerto', 'davidsml', 'anniebreidinger', 'xul9044', 'jbuehrle', 'baile261', 'daviskahmann', 'chiang56', 'gcesar', 'wonhyukdo', 'bgrandst', 'dewittl', 'eloewe', 'stapletl', 'gavinneyman', 'nabdrahn', 'egarayev', 'efeldman', 'akansky', 'ghosh36', 'racroth35', 'schuman1', 'jfitzhu', 'jonathanlimp87', 'cregers', 'colewilloughby1125', 'hsmoke', 'allnic21', 'wning', 'mart1180', 'tpownell', 'epiergal', 'mpisoni', 'gezbbl7', 'verma52', 'slosing', 'mohdshah', 'pickera', 'abelkiew', 'cvasq69', 'li3604', 'ewilhite', 'adamdmiller17', 'tl0120', 'awennin', 'kinserc', 'ander754', 'nwegh2017', 'glevine', 'koverley', 'rroggema', 'bamorim', '17scotta', 'bpolinsk', 'cmenden', 'mgubbi', 'ferree1', 'mcginn1', 'cwidak', 'rutherfb', 'cheeseballs99', 'ccurto', 'white559', 'alotaib6', 'rhinesj', 'woo49', 'stark22', 'kumar212', 'gmantey', 'fergu101', 'payne71', 'aperitor', 'bullock8', 'uuraechu', 'gct246', 'kozelr', 'george92', 'ltoy', 'harbinz', 'ftangpoo', 'jhulsize', 'jboulayd', 'jin376', 'dlarocco', 'bcasler', 'singer15', 'edreifue', 'gupta393', 'lmackin', 'msulaima', 'hill399', 'cccyyj720', 'apanuga', 'bkeel', 'vkolar', 'dmassow', 'lawrencr', 'goodma27', 'kzeligso', 'mart1391', 'sanjiv3damo', 'dragoneye', 'saboa', 'harri670', 'etitheyeti98', 'jnasiboov', 'gao499', 'tnoor', 'pillai7', 'jmacatan', 'bowman96', 'vudayamo', 'rturk8292', 'ithakor', 'ctsioli', 'rumplem', 'ali113', 'lm45000', 'eashburn', 'abhalcha', 'mmohdzai', 'bcaffert', 'mmshank16', 'li2722', 'pcastagn', 'lee2614', 'ellis99', 'coolnikitav', 'atruver', 'nikitasridhar14', 'wisler0', 'everbru', 'cdtorres', 'mtrivell', 'akick']",2,"['yao201', 'wen88']",197,"['abosshar', 'deshmukp', 'msargen', 'jaloi', 'tuckerz', 'natoli0', 'malhamm', 'awoodwa', 'freyg', 'slillig', 'klipiszk', 'hschennu', 'behrr', 'amcgoff', 'tglavan', 'mill2119', 'lthursto', 'kswartzb', 'lrigsbee', 'xu1085', 'peter514', 'lyanni', 'nail', 'marito', 'kbebris', 'choi333', 'mart1380', 'jeigenbr', 'jlorah', 'patel731', 'engc', 'ecave', 'mfess', 'zubik', 'nkhuu', 'yao201', 'tu37', 'terry51', 'amoravec', 'smit3177', 'agrillo', 'xose.amo', 'kvansan', 'aleidli', 'rathi4', 'chao26', 'zfrank64', 'hillej', 'sgrzych', 'dkuen', 'ceckste', 'adams410', 'wen88', 'bwitchie', 'rweedon', 'richg', 'ross217', 'yang1865', 'tdarmon20', 'sedgerto', 'davidsml', 'anniebreidinger', 'xul9044', 'jbuehrle', 'baile261', 'daviskahmann', 'chiang56', 'gcesar', 'wonhyukdo', 'bgrandst', 'dewittl', 'eloewe', 'stapletl', 'gavinneyman', 'nabdrahn', 'egarayev', 'efeldman', 'akansky', 'ghosh36', 'racroth35', 'schuman1', 'jfitzhu', 'jonathanlimp87', 'cregers', 'colewilloughby1125', 'hsmoke', 'allnic21', 'wning', 'mart1180', 'tpownell', 'epiergal', 'mpisoni', 'gezbbl7', 'verma52', 'slosing', 'mohdshah', 'pickera', 'abelkiew', 'cvasq69', 'li3604', 'ewilhite', 'adamdmiller17', 'tl0120', 'awennin', 'kinserc', 'ander754', 'nwegh2017', 'glevine', 'koverley', 'rroggema', 'bamorim', '17scotta', 'bpolinsk', 'cmenden', 'mgubbi', 'ferree1', 'mcginn1', 'cwidak', 'rutherfb', 'cheeseballs99', 'ccurto', 'white559', 'alotaib6', 'rhinesj', 'woo49', 'stark22', 'kumar212', 'gmantey', 'fergu101', 'payne71', 'aperitor', 'bullock8', 'uuraechu', 'gct246', 'kozelr', 'george92', 'ltoy', 'harbinz', 'ftangpoo', 'jhulsize', 'jboulayd', 'jin376', 'dlarocco', 'bcasler', 'singer15', 'edreifue', 'gupta393', 'lmackin', 'msulaima', 'hill399', 'cccyyj720', 'apanuga', 'bkeel', 'vkolar', 'chen2122', 'dmassow', 'lawrencr', 'goodma27', 'kzeligso', 'mart1391', 'sanjiv3damo', 'dragoneye', 'saboa', 'iyengar1', 'harri670', 'etitheyeti98', 'jnasiboov', 'gao499', 'tnoor', 'li2709', 'pillai7', 'jmacatan', 'bowman96', 'vudayamo', 'rturk8292', 'ithakor', 'ctsioli', 'rumplem', 'ali113', 'lm45000', 'eashburn', 'abhalcha', 'mmohdzai', 'bcaffert', 'mmshank16', 'li2722', 'pcastagn', 'lee2614', 'ellis99', 'coolnikitav', 'atruver', 'nikitasridhar14', 'wisler0', 'everbru', 'cdtorres', 'mtrivell', 'akick']"
3,123,195,5,3,"['msargen', 'bgrandst', 'stark22']",192,"['abosshar', 'deshmukp', 'jaloi', 'tuckerz', 'natoli0', 'malhamm', 'awoodwa', 'freyg', 'slillig', 'klipiszk', 'hschennu', 'behrr', 'amcgoff', 'tglavan', 'mill2119', 'lthursto', 'kswartzb', 'lrigsbee', 'xu1085', 'peter514', 'lyanni', 'nail', 'marito', 'kbebris', 'choi333', 'mart1380', 'jeigenbr', 'jlorah', 'patel731', 'engc', 'ecave', 'mfess', 'zubik', 'nkhuu', 'tu37', 'terry51', 'amoravec', 'smit3177', 'agrillo', 'xose.amo', 'kvansan', 'aleidli', 'rathi4', 'chao26', 'zfrank64', 'hillej', 'sgrzych', 'dkuen', 'ceckste', 'adams410', 'bwitchie', 'rweedon', 'richg', 'ross217', 'yang1865', 'tdarmon20', 'sedgerto', 'davidsml', 'anniebreidinger', 'xul9044', 'jbuehrle', 'baile261', 'daviskahmann', 'chiang56', 'gcesar', 'wonhyukdo', 'dewittl', 'eloewe', 'stapletl', 'gavinneyman', 'nabdrahn', 'egarayev', 'efeldman', 'akansky', 'ghosh36', 'racroth35', 'schuman1', 'jfitzhu', 'jonathanlimp87', 'cregers', 'colewilloughby1125', 'hsmoke', 'allnic21', 'wning', 'mart1180', 'tpownell', 'epiergal', 'mpisoni', 'gezbbl7', 'verma52', 'slosing', 'mohdshah', 'pickera', 'abelkiew', 'cvasq69', 'li3604', 'ewilhite', 'adamdmiller17', 'tl0120', 'awennin', 'kinserc', 'ander754', 'nwegh2017', 'glevine', 'koverley', 'rroggema', 'bamorim', '17scotta', 'bpolinsk', 'cmenden', 'mgubbi', 'ferree1', 'mcginn1', 'cwidak', 'rutherfb', 'cheeseballs99', 'ccurto', 'white559', 'alotaib6', 'rhinesj', 'woo49', 'kumar212', 'gmantey', 'fergu101', 'payne71', 'aperitor', 'bullock8', 'uuraechu', 'gct246', 'kozelr', 'george92', 'ltoy', 'harbinz', 'ftangpoo', 'jhulsize', 'jboulayd', 'jin376', 'dlarocco', 'bcasler', 'singer15', 'edreifue', 'gupta393', 'lmackin', 'msulaima', 'hill399', 'cccyyj720', 'apanuga', 'bkeel', 'vkolar', 'chen2122', 'dmassow', 'lawrencr', 'goodma27', 'kzeligso', 'mart1391', 'sanjiv3damo', 'dragoneye', 'saboa', 'iyengar1', 'harri670', 'etitheyeti98', 'jnasiboov', 'gao499', 'tnoor', 'li2709', 'pillai7', 'jmacatan', 'bowman96', 'vudayamo', 'rturk8292', 'ithakor', 'ctsioli', 'rumplem', 'ali113', 'lm45000', 'eashburn', 'abhalcha', 'mmohdzai', 'bcaffert', 'mmshank16', 'li2722', 'pcastagn', 'lee2614', 'ellis99', 'coolnikitav', 'atruver', 'nikitasridhar14', 'wisler0', 'everbru', 'cdtorres', 'mtrivell', 'akick']",2,"['xu1020', 'kgp22']",197,"['abosshar', 'deshmukp', 'msargen', 'jaloi', 'tuckerz', 'natoli0', 'malhamm', 'awoodwa', 'freyg', 'slillig', 'klipiszk', 'hschennu', 'behrr', 'amcgoff', 'tglavan', 'mill2119', 'lthursto', 'kswartzb', 'lrigsbee', 'xu1085', 'peter514', 'lyanni', 'nail', 'marito', 'kbebris', 'choi333', 'mart1380', 'jeigenbr', 'jlorah', 'patel731', 'engc', 'ecave', 'mfess', 'zubik', 'nkhuu', 'tu37', 'terry51', 'amoravec', 'smit3177', 'agrillo', 'xose.amo', 'kvansan', 'aleidli', 'rathi4', 'chao26', 'zfrank64', 'hillej', 'sgrzych', 'dkuen', 'ceckste', 'adams410', 'bwitchie', 'rweedon', 'richg', 'ross217', 'yang1865', 'tdarmon20', 'sedgerto', 'davidsml', 'anniebreidinger', 'xul9044', 'jbuehrle', 'baile261', 'daviskahmann', 'chiang56', 'gcesar', 'wonhyukdo', 'bgrandst', 'dewittl', 'eloewe', 'stapletl', 'gavinneyman', 'nabdrahn', 'egarayev', 'efeldman', 'akansky', 'ghosh36', 'racroth35', 'schuman1', 'jfitzhu', 'jonathanlimp87', 'cregers', 'colewilloughby1125', 'hsmoke', 'allnic21', 'wning', 'kgp22', 'mart1180', 'tpownell', 'epiergal', 'mpisoni', 'gezbbl7', 'verma52', 'slosing', 'mohdshah', 'pickera', 'abelkiew', 'cvasq69', 'li3604', 'ewilhite', 'adamdmiller17', 'tl0120', 'awennin', 'kinserc', 'ander754', 'nwegh2017', 'glevine', 'koverley', 'rroggema', 'bamorim', '17scotta', 'bpolinsk', 'cmenden', 'xu1020', 'mgubbi', 'ferree1', 'mcginn1', 'cwidak', 'rutherfb', 'cheeseballs99', 'ccurto', 'white559', 'alotaib6', 'rhinesj', 'woo49', 'stark22', 'kumar212', 'gmantey', 'fergu101', 'payne71', 'aperitor', 'bullock8', 'uuraechu', 'gct246', 'kozelr', 'george92', 'ltoy', 'harbinz', 'ftangpoo', 'jhulsize', 'jboulayd', 'jin376', 'dlarocco', 'bcasler', 'singer15', 'edreifue', 'gupta393', 'lmackin', 'msulaima', 'hill399', 'cccyyj720', 'apanuga', 'bkeel', 'vkolar', 'chen2122', 'dmassow', 'lawrencr', 'goodma27', 'kzeligso', 'mart1391', 'sanjiv3damo', 'dragoneye', 'saboa', 'iyengar1', 'harri670', 'etitheyeti98', 'jnasiboov', 'gao499', 'tnoor', 'li2709', 'pillai7', 'jmacatan', 'bowman96', 'vudayamo', 'rturk8292', 'ithakor', 'ctsioli', 'rumplem', 'ali113', 'lm45000', 'eashburn', 'abhalcha', 'mmohdzai', 'bcaffert', 'mmshank16', 'li2722', 'pcastagn', 'lee2614', 'ellis99', 'coolnikitav', 'atruver', 'nikitasridhar14', 'wisler0', 'everbru', 'cdtorres', 'mtrivell', 'akick']"
3,147,195,5,4,"['cmenden', 'edreifue', 'kumar212', 'natoli0']",191,"['abosshar', 'deshmukp', 'msargen', 'jaloi', 'tuckerz', 'malhamm', 'awoodwa', 'freyg', 'slillig', 'klipiszk', 'hschennu', 'behrr', 'amcgoff', 'tglavan', 'mill2119', 'lthursto', 'kswartzb', 'lrigsbee', 'xu1085', 'peter514', 'lyanni', 'nail', 'marito', 'kbebris', 'choi333', 'mart1380', 'jeigenbr', 'jlorah', 'patel731', 'engc', 'ecave', 'mfess', 'zubik', 'nkhuu', 'tu37', 'terry51', 'amoravec', 'smit3177', 'agrillo', 'xose.amo', 'kvansan', 'aleidli', 'rathi4', 'chao26', 'zfrank64', 'hillej', 'sgrzych', 'dkuen', 'ceckste', 'adams410', 'bwitchie', 'rweedon', 'richg', 'ross217', 'yang1865', 'tdarmon20', 'sedgerto', 'davidsml', 'anniebreidinger', 'xul9044', 'jbuehrle', 'baile261', 'daviskahmann', 'chiang56', 'gcesar', 'wonhyukdo', 'bgrandst', 'dewittl', 'eloewe', 'stapletl', 'gavinneyman', 'nabdrahn', 'egarayev', 'efeldman', 'akansky', 'ghosh36', 'racroth35', 'schuman1', 'jfitzhu', 'jonathanlimp87', 'cregers', 'colewilloughby1125', 'hsmoke', 'allnic21', 'wning', 'mart1180', 'tpownell', 'epiergal', 'mpisoni', 'gezbbl7', 'verma52', 'slosing', 'mohdshah', 'pickera', 'abelkiew', 'cvasq69', 'li3604', 'ewilhite', 'adamdmiller17', 'tl0120', 'awennin', 'kinserc', 'ander754', 'nwegh2017', 'glevine', 'koverley', 'rroggema', 'bamorim', '17scotta', 'bpolinsk', 'mgubbi', 'ferree1', 'mcginn1', 'cwidak', 'rutherfb', 'cheeseballs99', 'ccurto', 'white559', 'alotaib6', 'rhinesj', 'woo49', 'stark22', 'gmantey', 'fergu101', 'payne71', 'aperitor', 'bullock8', 'uuraechu', 'gct246', 'kozelr', 'george92', 'ltoy', 'harbinz', 'ftangpoo', 'jhulsize', 'jboulayd', 'jin376', 'dlarocco', 'bcasler', 'singer15', 'gupta393', 'lmackin', 'msulaima', 'hill399', 'cccyyj720', 'apanuga', 'bkeel', 'vkolar', 'chen2122', 'dmassow', 'lawrencr', 'goodma27', 'kzeligso', 'mart1391', 'sanjiv3damo', 'dragoneye', 'saboa', 'iyengar1', 'harri670', 'etitheyeti98', 'jnasiboov', 'gao499', 'tnoor', 'li2709', 'pillai7', 'jmacatan', 'bowman96', 'vudayamo', 'rturk8292', 'ithakor', 'ctsioli', 'rumplem', 'ali113', 'lm45000', 'eashburn', 'abhalcha', 'mmohdzai', 'bcaffert', 'mmshank16', 'li2722', 'pcastagn', 'lee2614', 'ellis99', 'coolnikitav', 'atruver', 'nikitasridhar14', 'wisler0', 'everbru', 'cdtorres', 'mtrivell', 'akick']",1,['srothsch'],196,"['abosshar', 'deshmukp', 'msargen', 'jaloi', 'tuckerz', 'natoli0', 'srothsch', 'malhamm', 'awoodwa', 'freyg', 'slillig', 'klipiszk', 'hschennu', 'behrr', 'amcgoff', 'tglavan', 'mill2119', 'lthursto', 'kswartzb', 'lrigsbee', 'xu1085', 'peter514', 'lyanni', 'nail', 'marito', 'kbebris', 'choi333', 'mart1380', 'jeigenbr', 'jlorah', 'patel731', 'engc', 'ecave', 'mfess', 'zubik', 'nkhuu', 'tu37', 'terry51', 'amoravec', 'smit3177', 'agrillo', 'xose.amo', 'kvansan', 'aleidli', 'rathi4', 'chao26', 'zfrank64', 'hillej', 'sgrzych', 'dkuen', 'ceckste', 'adams410', 'bwitchie', 'rweedon', 'richg', 'ross217', 'yang1865', 'tdarmon20', 'sedgerto', 'davidsml', 'anniebreidinger', 'xul9044', 'jbuehrle', 'baile261', 'daviskahmann', 'chiang56', 'gcesar', 'wonhyukdo', 'bgrandst', 'dewittl', 'eloewe', 'stapletl', 'gavinneyman', 'nabdrahn', 'egarayev', 'efeldman', 'akansky', 'ghosh36', 'racroth35', 'schuman1', 'jfitzhu', 'jonathanlimp87', 'cregers', 'colewilloughby1125', 'hsmoke', 'allnic21', 'wning', 'mart1180', 'tpownell', 'epiergal', 'mpisoni', 'gezbbl7', 'verma52', 'slosing', 'mohdshah', 'pickera', 'abelkiew', 'cvasq69', 'li3604', 'ewilhite', 'adamdmiller17', 'tl0120', 'awennin', 'kinserc', 'ander754', 'nwegh2017', 'glevine', 'koverley', 'rroggema', 'bamorim', '17scotta', 'bpolinsk', 'cmenden', 'mgubbi', 'ferree1', 'mcginn1', 'cwidak', 'rutherfb', 'cheeseballs99', 'ccurto', 'white559', 'alotaib6', 'rhinesj', 'woo49', 'stark22', 'kumar212', 'gmantey', 'fergu101', 'payne71', 'aperitor', 'bullock8', 'uuraechu', 'gct246', 'kozelr', 'george92', 'ltoy', 'harbinz', 'ftangpoo', 'jhulsize', 'jboulayd', 'jin376', 'dlarocco', 'bcasler', 'singer15', 'edreifue', 'gupta393', 'lmackin', 'msulaima', 'hill399', 'cccyyj720', 'apanuga', 'bkeel', 'vkolar', 'chen2122', 'dmassow', 'lawrencr', 'goodma27', 'kzeligso', 'mart1391', 'sanjiv3damo', 'dragoneye', 'saboa', 'iyengar1', 'harri670', 'etitheyeti98', 'jnasiboov', 'gao499', 'tnoor', 'li2709', 'pillai7', 'jmacatan', 'bowman96', 'vudayamo', 'rturk8292', 'ithakor', 'ctsioli', 'rumplem', 'ali113', 'lm45000', 'eashburn', 'abhalcha', 'mmohdzai', 'bcaffert', 'mmshank16', 'li2722', 'pcastagn', 'lee2614', 'ellis99', 'coolnikitav', 'atruver', 'nikitasridhar14', 'wisler0', 'everbru', 'cdtorres', 'mtrivell', 'akick']"
4,205,136,270,9,"['cmoauro2', 'glevita2', 'junzed2', 'bsusol2', 'ziyue2', 'emt2', 'iflueck2', 'cbo3', 'alberto4']",127,"['yapandrew110', 'jscholtz', 'austylan', 'srnelson', 'ealonso1995', 'kioupakis', 'jpmurph', 'jtkach2', 'jshangraw', 'shahzadakhtar2124', 'rnalbert25', 'georgeli', 'mstryk', 'phd.physics2018', 'afreel4', 'rylandwjolliffe', 'mattkrock', 'dylanae', 'hulasyr', 'hyunukch', 'tz11', 'maruf007', 'cvipong', 'syu19', 'gourdin.1', 'andreagiaccherini', 'kylievittetoe', 'epeachus', 'yxluan', 'jsysev', 'jzwesley', 'shriyasi', 'putueka', 'eparlow', 'jkubota2', 'cablood', 'cokane', 'mbow', 'ssutyak2', 'cvia', 'mheikka', 'fouroulou', 'nhuotari', 'nickrubl', 'domanus2', 'paulnneuburger', 'mattnalty97', 'isaachong', 'huyvanle1998', 'aaronr', 'anirula2', 'kierasbr', 'jspielma', 'islamber', 'ajcharm', 'vtagare2', 'zwoerner', 'sendmesugar', 'mattvillena', 'josue.clavijo', 'mmalini', 'smprabhu', 'mbusse1', 'minseok', 'nmccar', 'aagoulas', 'palcal2', 'kevwankrw678', 'lewynb', 'jeffrey', 'nleginza', 'hjr2', 'dwebster600', 'zefangye', 'livadluc', 'tsehgal2', 'mpikul', 'savvag44', 'shirani', 'ljparrish', 'lsienko2', 'davidmylesrosser', 'kbb2', 'lukedoherty', 'deboraj1121990', 'seyryu1', 'ns23', 'lboals', 'derkn', 'tleonar', 'ak37', 'shanpra', 'almaemar', 'eleini', 'phsecretan', 'cwcobb', 'kpantig4', 'amyrm20', 'brycebitter', 'krizzy560', 'spraveen', 'mooka', 'conanw2', 'wesleypa', 'kamkbetz', 'cjrome', 'binx12358', 'vkm2', 'rwtham2', 'anilt2001t', 'drrost', 'bryce.veit', 'nickho', 'atsui1', 'anunez38', 'vguarino', 'zhengc8', 'klfoley24', 'karthi.madhubalan', 'zainsou', 'swdoctor', 'jinsong4', 'dukelau', 'dromar98', 'shdubaisi', 'rgast', 'daviscjd']",261,"['samuelfl', 'thddpwls257', 'siyuezheng', 'ignaciomilani', 'aht47', 'uxiavelca', 'pablosande98', '5dustkd', 'zaubin42', 'beper53', 'adrianhochgesang', 'jrichman99', 'jenniferperez1', 'n3b3x', 'xogus102929', 'abal2474', 'xoangon', 'suyoneee', 'ghtlstnf7', 'itskatomall', 'danielcondetorres', 'koakhyunji', 'jesusgiraldez', 'lwang82', 'chvk4161', 'caetano.eirea', 'finnclements', 'dbeciri45', 'clara.landesa', 'lukebidulka', 'latourem', 'jlkirk', 'htj1104', 'tristram', 'yougyeongo', 'dish1498', 'juanjoseo', 'sukjunyeo', 'francike', 'hayejord', 'macks', 'estalin', 'nargene', 'gonserr', 'lhc33820933', 'nerwin', 'danielm78', 'mcdonald.josh', 'franktib2', 'kirollos.morcos.km', 'm0650104.ee06g', 'alskdjfh6161', 'anamichelena', 'yjn3492', 'ezsamsuntung', 'josig2011', 'andreagcoto', 'coopjord', 'guillermocam', 'exareivaj', 'vandelei', 'bassel0elgharbawy0', 'u1285150', 'u0360918', 'martinperezmaneiro', 'miguel_fernandez', 'u1201859', 'msubullies1', 'marniesan', 'manuel10suarez10', 'dale7283', 'juho4523', 'dldnals2020', 'mitchell.shields99', 'mmartinezsanchez', 'mocha7411', 'wodnjssnsk12', 'jn12su27', 'hjshook', 'mis5660', 'ohh99o9', 'socrat', 'ophelie10', 'rygr8576', 'dmeyer1998', 'shabnashreej', 'kunge0054', 'xoanmayo', 'sabintandukar', 'nshamsi', 'foojorge', 'zrm0001', 'doog9601', 'smdesrochers', 'taylordavis678', 'dnlek12', 'mertyamanoglu', 'tpollei', 'ye02', 'yassminsabry', 'cjsxodnd12', 'wjdekgus77', 'dbister', 'eogn1004', 'emilioar', 'b.isenberg', 'gipes', 'ekdms0894', 'naitix', 'genius_p', 'ylanbdr', 'sportmonkey584', 'kendalhiatt', 'cjs476', 'gekco', 'juansans98', 'isaac.dominguez4444', 'parkface94', 'johnlanghout', 'georgeckchen', 'e.pmcrespo', 'k66773659', 'rachel.blaydes', 'giacomo.munari.1', 'jmy0002', 'matthewleemle2', 'leesk4869', 'nes1011', 'pedro.julian', 'dariushkim', 'petercp2', 'vetterd', 'palzmq', 'aia00001', 'giung0227', 'matthewdailey', 'jaephago', 'hyerim100600', 'byeolguri', 'jakubpepas', 'kepco2020a', 'mehdibandali', 'aanupam3', 'marcospascualin', 'reyda', 'qncowlf10', 'spazos', 'supernhtr', 'qwerty0637', 'boody456366', 'ghobashy445', 'axelbelgarde', 'marshallfrye', 'jasperdeconinck', 'cbnuleejinwoo', 'raymondzhou227', 'foghel96', 'toast', 'sgu20151463', 'chohyundong12', 'eserafimbortolazzo', 'josedamiangarcianoya', 'jeandavid', 'fofi94', 'rohdej', 'graceml2', 'gcxmoffice1994', 'ryuhoin2002', 'piri940511', 'ludovick', 'qumo4329', 'corozco', 'b.benson', 'mikesnure', 'hancheyn', 'giacomo.bego', 'dorxlqmdkdlel', 'tnqls3409', 'philg', 'sooooooy314', 'rricardo0324', 'nakkulab', 'khfrum', 'blake.ballou08', 'jiaolh', 'rhrna007', 'carlosvigo1997', 'student1000', 'tmdorsey', 'cicalesej', 'sumintnals', 'pichoncillo1', 'hyerim1006000', 'jboniuk98', 'jdanivc', 'ardisch123', 'andrea.oldham97', 'dangover94', 'therahuul', 'rbb0001', 'navya.k.shastri', 'sallysong683', 'mtanzi', 'chzh1341', 'daniel.robin22', 'iagomillanentenza', '123whdxor', 'aloptor', 'sschneider874', 'kesu1234', 'dhkswk96', 'eunice98k', 'jonathan.balent', 'lidiadom', 'soddi1621', 'u1121281', 'mattmattmerrill', 'logankraus', 'zlapvmf', 'sherwmit', 'jedelkind0117', 'bbatuhanbilecen', 'anstjd1542', 'anais3', 'mauro_sg', 'anstpdlffj3', 'ana.rmteo', 'adp5383', 'titanking231', 'bw02203', 'bobbimatheson', 'martinzapatamartinez', 'ganaaa12a', 'antonio25', 'tjtks4730', 'alw0039', 'bha00001', 'chdu6864', 'pablocl', 'yoonek6719', 'jhryu1994', 'thomas.poulin', 'ybso1566', 'u0543041', 'idargu90', 'antoramp', 'kyserch', 'qottkf6194', 'lsj4677', 'myez', 'rachelgjohnson', 'hellbomber101', 'yoojeong9925', 'declanb', 'immmin6677', 'xfiles', 'tonni1912', 'hs960531', 'qkslqksl951', 'roychoudhuryaditya2019', 'rsp79']",397,"['yapandrew110', 'thddpwls257', 'siyuezheng', 'jscholtz', 'austylan', 'emt2', 'zaubin42', 'beper53', 'adrianhochgesang', 'jrichman99', 'ealonso1995', 'abal2474', 'kioupakis', 'xoangon', 'xogus102929', 'ghtlstnf7', 'jpmurph', 'itskatomall', 'danielcondetorres', 'koakhyunji', 'jesusgiraldez', 'lwang82', 'jshangraw', 'rnalbert25', 'georgeli', 'caetano.eirea', 'finnclements', 'clara.landesa', 'lukebidulka', 'latourem', 'jlkirk', 'rylandwjolliffe', 'afreel4', 'htj1104', 'yougyeongo', 'dish1498', 'hayejord', 'sukjunyeo', 'danielm78', 'estalin', 'lhc33820933', 'nerwin', 'hyunukch', 'tz11', 'm0650104.ee06g', 'alskdjfh6161', 'maruf007', 'anamichelena', 'josig2011', 'andreagcoto', 'coopjord', 'guillermocam', 'yxluan', 'jsysev', 'jzwesley', 'shriyasi', 'martinperezmaneiro', 'eparlow', 'miguel_fernandez', 'u1201859', 'msubullies1', 'marniesan', 'mbow', 'mitchell.shields99', 'mmartinezsanchez', 'ssutyak2', 'cvia', 'mheikka', 'mis5660', 'ziyue2', 'ohh99o9', 'ophelie10', 'shabnashreej', 'nhuotari', 'nickrubl', 'domanus2', 'xoanmayo', 'nshamsi', 'foojorge', 'zrm0001', 'doog9601', 'smdesrochers', 'taylordavis678', 'mattnalty97', 'tpollei', 'ye02', 'cjsxodnd12', 'wjdekgus77', 'ekdms0894', 'naitix', 'anirula2', 'sportmonkey584', 'kierasbr', 'jspielma', 'kendalhiatt', 'cjs476', 'ajcharm', 'gekco', 'zwoerner', 'isaac.dominguez4444', 'e.pmcrespo', 'k66773659', 'giacomo.munari.1', 'pedro.julian', 'mmalini', 'iflueck2', 'petercp2', 'dariushkim', 'minseok', 'aia00001', 'matthewdailey', 'aagoulas', 'hyerim100600', 'byeolguri', 'kevwankrw678', 'mehdibandali', 'aanupam3', 'marcospascualin', 'qncowlf10', 'spazos', 'supernhtr', 'jeffrey', 'hjr2', 'jasperdeconinck', 'glevita2', 'zefangye', 'cbnuleejinwoo', 'toast', 'livadluc', 'chohyundong12', 'josedamiangarcianoya', 'jeandavid', 'tsehgal2', 'mpikul', 'rohdej', 'gcxmoffice1994', 'ryuhoin2002', 'piri940511', 'ludovick', 'tnqls3409', 'giacomo.bego', 'philg', 'ljparrish', 'rricardo0324', 'nakkulab', 'lsienko2', 'blake.ballou08', 'carlosvigo1997', 'lboals', 'cicalesej', 'sumintnals', 'almaemar', 'eleini', 'jboniuk98', 'jdanivc', 'ardisch123', 'cwcobb', 'dangover94', 'therahuul', 'rbb0001', 'kpantig4', 'navya.k.shastri', 'krizzy560', 'spraveen', 'conanw2', '123whdxor', 'aloptor', 'sschneider874', 'kesu1234', 'jonathan.balent', 'lidiadom', 'cjrome', 'junzed2', 'mattmattmerrill', 'logankraus', 'vkm2', 'zlapvmf', 'sherwmit', 'bbatuhanbilecen', 'anstjd1542', 'anais3', 'mauro_sg', 'ana.rmteo', 'nickho', 'atsui1', 'adp5383', 'bobbimatheson', 'alw0039', 'antonio25', 'tjtks4730', 'bha00001', 'vguarino', 'jhryu1994', 'thomas.poulin', 'klfoley24', 'u0543041', 'antoramp', 'kyserch', 'lsj4677', 'swdoctor', 'rachelgjohnson', 'yoojeong9925', 'immmin6677', 'xfiles', 'dromar98', 'shdubaisi', 'tonni1912', 'daviscjd', 'hs960531', 'ybso1566', 'roychoudhuryaditya2019', 'samuelfl', 'ignaciomilani', 'aht47', 'uxiavelca', 'pablosande98', '5dustkd', 'srnelson', 'jenniferperez1', 'n3b3x', 'suyoneee', 'jtkach2', 'shahzadakhtar2124', 'chvk4161', 'dbeciri45', 'mstryk', 'phd.physics2018', 'tristram', 'mattkrock', 'dorxlqmdkdlel', 'dylanae', 'juanjoseo', 'francike', 'gonserr', 'macks', 'mcdonald.josh', 'nargene', 'hulasyr', 'franktib2', 'kirollos.morcos.km', 'cvipong', 'syu19', 'yjn3492', 'ezsamsuntung', 'vandelei', 'exareivaj', 'gourdin.1', 'andreagiaccherini', 'kylievittetoe', 'epeachus', 'bassel0elgharbawy0', 'u1285150', 'u0360918', 'putueka', 'jkubota2', 'cablood', 'manuel10suarez10', 'cokane', 'juho4523', 'dale7283', 'dldnals2020', 'mocha7411', 'wodnjssnsk12', 'jn12su27', 'hjshook', 'socrat', 'rygr8576', 'dmeyer1998', 'fouroulou', 'kunge0054', 'sabintandukar', 'paulnneuburger', 'dnlek12', 'mertyamanoglu', 'isaachong', 'alberto4', 'yassminsabry', 'huyvanle1998', 'dbister', 'eogn1004', 'emilioar', 'b.isenberg', 'gipes', 'bsusol2', 'aaronr', 'genius_p', 'ylanbdr', 'islamber', 'juansans98', 'vtagare2', 'parkface94', 'johnlanghout', 'sendmesugar', 'georgeckchen', 'mattvillena', 'rachel.blaydes', 'jmy0002', 'matthewleemle2', 'josue.clavijo', 'leesk4869', 'nes1011', 'smprabhu', 'mbusse1', 'vetterd', 'cbo3', 'palzmq', 'nmccar', 'giung0227', 'jaephago', 'palcal2', 'jakubpepas', 'kepco2020a', 'reyda', 'lewynb', 'nleginza', 'qwerty0637', 'boody456366', 'ghobashy445', 'axelbelgarde', 'marshallfrye', 'dwebster600', 'raymondzhou227', 'foghel96', 'sgu20151463', 'eserafimbortolazzo', 'fofi94', 'graceml2', 'savvag44', 'qumo4329', 'corozco', 'b.benson', 'mikesnure', 'shirani', 'hancheyn', 'sooooooy314', 'davidmylesrosser', 'kbb2', 'lukedoherty', 'deboraj1121990', 'seyryu1', 'khfrum', 'jiaolh', 'rhrna007', 'ns23', 'student1000', 'tmdorsey', 'derkn', 'pichoncillo1', 'tleonar', 'ak37', 'shanpra', 'hyerim1006000', 'phsecretan', 'andrea.oldham97', 'mtanzi', 'cmoauro2', 'sallysong683', 'amyrm20', 'brycebitter', 'chzh1341', 'daniel.robin22', 'iagomillanentenza', 'mooka', 'wesleypa', 'dhkswk96', 'kamkbetz', 'eunice98k', 'soddi1621', 'u1121281', 'binx12358', 'jedelkind0117', 'rwtham2', 'anilt2001t', 'drrost', 'anstpdlffj3', 'bryce.veit', 'titanking231', 'bw02203', 'martinzapatamartinez', 'ganaaa12a', 'chdu6864', 'pablocl', 'anunez38', 'yoonek6719', 'zhengc8', 'karthi.madhubalan', 'zainsou', 'idargu90', 'qottkf6194', 'myez', 'hellbomber101', 'declanb', 'jinsong4', 'dukelau', 'rgast', 'qkslqksl951', 'rsp79']"
4,211,136,51,1,['ziyue2'],135,"['yapandrew110', 'emt2', 'jscholtz', 'austylan', 'srnelson', 'ealonso1995', 'kioupakis', 'jpmurph', 'jtkach2', 'jshangraw', 'shahzadakhtar2124', 'rnalbert25', 'georgeli', 'mstryk', 'phd.physics2018', 'afreel4', 'rylandwjolliffe', 'mattkrock', 'dylanae', 'hulasyr', 'hyunukch', 'tz11', 'maruf007', 'cvipong', 'syu19', 'gourdin.1', 'andreagiaccherini', 'kylievittetoe', 'epeachus', 'yxluan', 'jsysev', 'jzwesley', 'shriyasi', 'putueka', 'eparlow', 'jkubota2', 'cablood', 'cokane', 'mbow', 'ssutyak2', 'cvia', 'mheikka', 'fouroulou', 'nhuotari', 'nickrubl', 'domanus2', 'paulnneuburger', 'mattnalty97', 'isaachong', 'alberto4', 'huyvanle1998', 'bsusol2', 'aaronr', 'anirula2', 'kierasbr', 'jspielma', 'islamber', 'ajcharm', 'vtagare2', 'zwoerner', 'sendmesugar', 'mattvillena', 'josue.clavijo', 'mmalini', 'smprabhu', 'mbusse1', 'iflueck2', 'cbo3', 'minseok', 'nmccar', 'aagoulas', 'palcal2', 'kevwankrw678', 'lewynb', 'jeffrey', 'nleginza', 'hjr2', 'dwebster600', 'glevita2', 'zefangye', 'livadluc', 'tsehgal2', 'mpikul', 'savvag44', 'shirani', 'ljparrish', 'lsienko2', 'davidmylesrosser', 'kbb2', 'lukedoherty', 'deboraj1121990', 'seyryu1', 'ns23', 'lboals', 'derkn', 'tleonar', 'ak37', 'shanpra', 'almaemar', 'eleini', 'phsecretan', 'cwcobb', 'cmoauro2', 'kpantig4', 'amyrm20', 'brycebitter', 'krizzy560', 'spraveen', 'mooka', 'conanw2', 'wesleypa', 'kamkbetz', 'cjrome', 'binx12358', 'junzed2', 'vkm2', 'rwtham2', 'anilt2001t', 'drrost', 'bryce.veit', 'nickho', 'atsui1', 'anunez38', 'vguarino', 'zhengc8', 'klfoley24', 'karthi.madhubalan', 'zainsou', 'swdoctor', 'jinsong4', 'dukelau', 'dromar98', 'shdubaisi', 'rgast', 'daviscjd']",50,"['rbb0001', 'hjshook', 'nicaponti', 'npd54', 'i217947', 'aht47', 'fredysanchez2', 'daglis', 'r204952', 'rileymccarthy27', 'mvp55', 'lwang82', 'andrew2016', 'mattmattmerrill', 'finnclements', 'ganassinandrea', 'thalesrogerio', 'a212269', 'judgeofduty', 'fosbackta17', 'macks', 'hrilina12', 'ecegeekece', 'emilioar', 'alw0039', 'ganaaa12a', 'mikesnure', 'anaya.g2623', 'mbatra310', 'tflong71', 'profjanser', 'd169774', 'michael.breeding31', 'cjs476', 'izumi98077', 'blake.ballou08', 'fedeenav', 'sjl328', 'rburkins1', 'manolisc23', 'pedro.julian', 'oozaku', 'e.sdavidm', 'jte55', 'v206586', 'petercp2', 'jboniuk98', 'roychoudhuryaditya2019', 'aia00001', 'rsp79']",186,"['yapandrew110', 'npd54', 'aht47', 'fredysanchez2', 'jscholtz', 'austylan', 'emt2', 'srnelson', 'ealonso1995', 'kioupakis', 'jpmurph', 'jtkach2', 'jshangraw', 'shahzadakhtar2124', 'lwang82', 'andrew2016', 'rnalbert25', 'georgeli', 'finnclements', 'mstryk', 'phd.physics2018', 'rylandwjolliffe', 'afreel4', 'mattkrock', 'dylanae', 'macks', 'hulasyr', 'hyunukch', 'tz11', 'maruf007', 'cvipong', 'syu19', 'd169774', 'gourdin.1', 'andreagiaccherini', 'kylievittetoe', 'epeachus', 'yxluan', 'jsysev', 'jzwesley', 'shriyasi', 'putueka', 'eparlow', 'jkubota2', 'jte55', 'v206586', 'cablood', 'cokane', 'mbow', 'ssutyak2', 'hjshook', 'cvia', 'nicaponti', 'mheikka', 'ziyue2', 'fouroulou', 'daglis', 'r204952', 'rileymccarthy27', 'nhuotari', 'nickrubl', 'domanus2', 'paulnneuburger', 'thalesrogerio', 'mattnalty97', 'isaachong', 'alberto4', 'huyvanle1998', 'hrilina12', 'emilioar', 'bsusol2', 'aaronr', 'anaya.g2623', 'anirula2', 'kierasbr', 'jspielma', 'islamber', 'cjs476', 'ajcharm', 'izumi98077', 'vtagare2', 'zwoerner', 'sendmesugar', 'rburkins1', 'mattvillena', 'pedro.julian', 'josue.clavijo', 'mmalini', 'smprabhu', 'mbusse1', 'iflueck2', 'petercp2', 'cbo3', 'nmccar', 'minseok', 'aia00001', 'aagoulas', 'palcal2', 'i217947', 'kevwankrw678', 'lewynb', 'jeffrey', 'nleginza', 'hjr2', 'mvp55', 'dwebster600', 'glevita2', 'zefangye', 'livadluc', 'ganassinandrea', 'a212269', 'tsehgal2', 'mpikul', 'savvag44', 'mikesnure', 'shirani', 'mbatra310', 'ljparrish', 'tflong71', 'profjanser', 'lsienko2', 'davidmylesrosser', 'kbb2', 'lukedoherty', 'deboraj1121990', 'seyryu1', 'blake.ballou08', 'sjl328', 'ns23', 'lboals', 'oozaku', 'e.sdavidm', 'derkn', 'tleonar', 'ak37', 'shanpra', 'almaemar', 'eleini', 'jboniuk98', 'phsecretan', 'cwcobb', 'rbb0001', 'cmoauro2', 'kpantig4', 'amyrm20', 'brycebitter', 'krizzy560', 'spraveen', 'mooka', 'conanw2', 'wesleypa', 'kamkbetz', 'cjrome', 'binx12358', 'junzed2', 'mattmattmerrill', 'vkm2', 'rwtham2', 'judgeofduty', 'anilt2001t', 'drrost', 'bryce.veit', 'nickho', 'atsui1', 'fosbackta17', 'ecegeekece', 'alw0039', 'ganaaa12a', 'anunez38', 'michael.breeding31', 'vguarino', 'zhengc8', 'klfoley24', 'karthi.madhubalan', 'fedeenav', 'zainsou', 'swdoctor', 'manolisc23', 'jinsong4', 'dukelau', 'dromar98', 'shdubaisi', 'rgast', 'daviscjd', 'roychoudhuryaditya2019', 'rsp79']"
4,94,136,43,19,"['aagoulas', 'jscholtz', 'nleginza', 'kioupakis', 'rnalbert25', 'mstryk', 'alberto4', 'dylanae', 'nickho', 'jspielma', 'zainsou', 'yxluan', 'lboals', 'shriyasi', 'jzwesley', 'eparlow', 'smprabhu', 'cokane', 'shdubaisi']",117,"['yapandrew110', 'austylan', 'emt2', 'srnelson', 'ealonso1995', 'jpmurph', 'jtkach2', 'jshangraw', 'shahzadakhtar2124', 'georgeli', 'phd.physics2018', 'afreel4', 'rylandwjolliffe', 'mattkrock', 'hulasyr', 'hyunukch', 'tz11', 'maruf007', 'cvipong', 'syu19', 'gourdin.1', 'andreagiaccherini', 'kylievittetoe', 'epeachus', 'jsysev', 'putueka', 'jkubota2', 'cablood', 'mbow', 'ssutyak2', 'cvia', 'mheikka', 'ziyue2', 'fouroulou', 'nhuotari', 'nickrubl', 'domanus2', 'paulnneuburger', 'mattnalty97', 'isaachong', 'huyvanle1998', 'bsusol2', 'aaronr', 'anirula2', 'kierasbr', 'islamber', 'ajcharm', 'vtagare2', 'zwoerner', 'sendmesugar', 'mattvillena', 'josue.clavijo', 'mmalini', 'iflueck2', 'mbusse1', 'cbo3', 'minseok', 'nmccar', 'palcal2', 'kevwankrw678', 'lewynb', 'jeffrey', 'hjr2', 'dwebster600', 'glevita2', 'zefangye', 'livadluc', 'tsehgal2', 'mpikul', 'savvag44', 'shirani', 'ljparrish', 'lsienko2', 'davidmylesrosser', 'deboraj1121990', 'kbb2', 'lukedoherty', 'seyryu1', 'ns23', 'derkn', 'tleonar', 'ak37', 'shanpra', 'almaemar', 'eleini', 'phsecretan', 'cwcobb', 'cmoauro2', 'kpantig4', 'amyrm20', 'brycebitter', 'krizzy560', 'spraveen', 'mooka', 'conanw2', 'wesleypa', 'kamkbetz', 'cjrome', 'binx12358', 'junzed2', 'vkm2', 'rwtham2', 'anilt2001t', 'drrost', 'bryce.veit', 'atsui1', 'anunez38', 'vguarino', 'zhengc8', 'klfoley24', 'karthi.madhubalan', 'swdoctor', 'jinsong4', 'dukelau', 'dromar98', 'rgast', 'daviscjd']",24,"['mtaheri', 'caitaot', 'gbruno527', 'lutianx', 'zbk', 'zhuhao', 'blanzyt', 'taoyuhu', 'chahuang', 'linchtn', 'mainmark', 'sudeepm', 'metink', 'ariwu', 'jiayinyu', 'maxpow', 'jiaminw', 'dbyin', 'yuchuw', 'cgiger', 'hhlien', 'greeleyd', 'gladaaro', 'qiliang']",160,"['yapandrew110', 'zbk', 'jscholtz', 'austylan', 'emt2', 'srnelson', 'ealonso1995', 'kioupakis', 'jpmurph', 'jtkach2', 'jshangraw', 'shahzadakhtar2124', 'rnalbert25', 'georgeli', 'chahuang', 'mstryk', 'linchtn', 'phd.physics2018', 'rylandwjolliffe', 'afreel4', 'mattkrock', 'metink', 'ariwu', 'dylanae', 'hulasyr', 'hyunukch', 'tz11', 'maruf007', 'cvipong', 'syu19', 'greeleyd', 'gourdin.1', 'gladaaro', 'andreagiaccherini', 'kylievittetoe', 'epeachus', 'yxluan', 'jsysev', 'jzwesley', 'shriyasi', 'putueka', 'eparlow', 'jkubota2', 'cablood', 'cokane', 'mbow', 'ssutyak2', 'cvia', 'mheikka', 'ziyue2', 'zhuhao', 'fouroulou', 'blanzyt', 'nhuotari', 'nickrubl', 'domanus2', 'paulnneuburger', 'mattnalty97', 'isaachong', 'alberto4', 'huyvanle1998', 'maxpow', 'bsusol2', 'aaronr', 'anirula2', 'kierasbr', 'jspielma', 'islamber', 'ajcharm', 'vtagare2', 'zwoerner', 'sendmesugar', 'mattvillena', 'josue.clavijo', 'mmalini', 'smprabhu', 'mbusse1', 'iflueck2', 'cbo3', 'nmccar', 'minseok', 'aagoulas', 'palcal2', 'caitaot', 'kevwankrw678', 'lutianx', 'lewynb', 'jeffrey', 'nleginza', 'hjr2', 'dwebster600', 'taoyuhu', 'glevita2', 'zefangye', 'livadluc', 'tsehgal2', 'mpikul', 'mainmark', 'sudeepm', 'jiayinyu', 'savvag44', 'shirani', 'jiaminw', 'ljparrish', 'yuchuw', 'lsienko2', 'davidmylesrosser', 'kbb2', 'lukedoherty', 'deboraj1121990', 'seyryu1', 'cgiger', 'ns23', 'lboals', 'derkn', 'tleonar', 'ak37', 'shanpra', 'almaemar', 'eleini', 'qiliang', 'phsecretan', 'cwcobb', 'cmoauro2', 'kpantig4', 'mtaheri', 'amyrm20', 'gbruno527', 'brycebitter', 'krizzy560', 'spraveen', 'mooka', 'conanw2', 'wesleypa', 'kamkbetz', 'cjrome', 'binx12358', 'junzed2', 'vkm2', 'rwtham2', 'anilt2001t', 'drrost', 'bryce.veit', 'nickho', 'atsui1', 'dbyin', 'anunez38', 'vguarino', 'zhengc8', 'hhlien', 'klfoley24', 'karthi.madhubalan', 'zainsou', 'swdoctor', 'jinsong4', 'dukelau', 'dromar98', 'shdubaisi', 'rgast', 'daviscjd']"
4,27,136,22,15,"['domanus2', 'ssutyak2', 'palcal2', 'ns23', 'shirani', 'junzed2', 'ziyue2', 'emt2', 'vkm2', 'jinsong4', 'jkubota2', 'conanw2', 'anunez38', 'cbo3', 'hjr2']",121,"['yapandrew110', 'jscholtz', 'austylan', 'srnelson', 'ealonso1995', 'kioupakis', 'jpmurph', 'jtkach2', 'jshangraw', 'shahzadakhtar2124', 'rnalbert25', 'georgeli', 'mstryk', 'phd.physics2018', 'rylandwjolliffe', 'afreel4', 'mattkrock', 'dylanae', 'hulasyr', 'hyunukch', 'tz11', 'maruf007', 'cvipong', 'syu19', 'gourdin.1', 'andreagiaccherini', 'kylievittetoe', 'epeachus', 'yxluan', 'jsysev', 'jzwesley', 'shriyasi', 'putueka', 'eparlow', 'cablood', 'cokane', 'mbow', 'cvia', 'mheikka', 'fouroulou', 'nhuotari', 'nickrubl', 'paulnneuburger', 'mattnalty97', 'isaachong', 'alberto4', 'huyvanle1998', 'bsusol2', 'aaronr', 'anirula2', 'kierasbr', 'jspielma', 'islamber', 'ajcharm', 'vtagare2', 'zwoerner', 'sendmesugar', 'mattvillena', 'josue.clavijo', 'mmalini', 'smprabhu', 'mbusse1', 'iflueck2', 'nmccar', 'minseok', 'aagoulas', 'kevwankrw678', 'lewynb', 'jeffrey', 'nleginza', 'dwebster600', 'glevita2', 'zefangye', 'livadluc', 'tsehgal2', 'mpikul', 'savvag44', 'ljparrish', 'lsienko2', 'davidmylesrosser', 'kbb2', 'lukedoherty', 'deboraj1121990', 'seyryu1', 'lboals', 'derkn', 'tleonar', 'ak37', 'shanpra', 'almaemar', 'eleini', 'phsecretan', 'cwcobb', 'cmoauro2', 'kpantig4', 'amyrm20', 'brycebitter', 'krizzy560', 'spraveen', 'mooka', 'wesleypa', 'kamkbetz', 'cjrome', 'binx12358', 'rwtham2', 'anilt2001t', 'drrost', 'bryce.veit', 'nickho', 'atsui1', 'vguarino', 'zhengc8', 'klfoley24', 'karthi.madhubalan', 'zainsou', 'swdoctor', 'dukelau', 'dromar98', 'shdubaisi', 'rgast', 'daviscjd']",7,"['zhuoran8', 'naisong2', 'jgruber3', 'pwalke9', 'jillmcar', 'haibog2', 'blakerc2']",143,"['yapandrew110', 'jgruber3', 'pwalke9', 'jscholtz', 'austylan', 'emt2', 'srnelson', 'ealonso1995', 'kioupakis', 'jpmurph', 'jtkach2', 'jshangraw', 'shahzadakhtar2124', 'rnalbert25', 'georgeli', 'mstryk', 'phd.physics2018', 'rylandwjolliffe', 'afreel4', 'mattkrock', 'jillmcar', 'dylanae', 'hulasyr', 'hyunukch', 'tz11', 'maruf007', 'cvipong', 'syu19', 'haibog2', 'gourdin.1', 'andreagiaccherini', 'kylievittetoe', 'epeachus', 'yxluan', 'jsysev', 'jzwesley', 'shriyasi', 'putueka', 'eparlow', 'jkubota2', 'cablood', 'cokane', 'mbow', 'zhuoran8', 'ssutyak2', 'cvia', 'mheikka', 'ziyue2', 'fouroulou', 'nhuotari', 'nickrubl', 'domanus2', 'paulnneuburger', 'mattnalty97', 'isaachong', 'alberto4', 'huyvanle1998', 'naisong2', 'bsusol2', 'aaronr', 'anirula2', 'kierasbr', 'jspielma', 'islamber', 'ajcharm', 'vtagare2', 'zwoerner', 'sendmesugar', 'mattvillena', 'josue.clavijo', 'mmalini', 'smprabhu', 'mbusse1', 'iflueck2', 'cbo3', 'nmccar', 'minseok', 'blakerc2', 'aagoulas', 'palcal2', 'kevwankrw678', 'lewynb', 'jeffrey', 'nleginza', 'hjr2', 'dwebster600', 'glevita2', 'zefangye', 'livadluc', 'tsehgal2', 'mpikul', 'savvag44', 'shirani', 'ljparrish', 'lsienko2', 'davidmylesrosser', 'kbb2', 'lukedoherty', 'deboraj1121990', 'seyryu1', 'ns23', 'lboals', 'derkn', 'tleonar', 'ak37', 'shanpra', 'almaemar', 'eleini', 'phsecretan', 'cwcobb', 'cmoauro2', 'kpantig4', 'amyrm20', 'brycebitter', 'krizzy560', 'spraveen', 'mooka', 'conanw2', 'wesleypa', 'kamkbetz', 'cjrome', 'binx12358', 'junzed2', 'vkm2', 'rwtham2', 'anilt2001t', 'drrost', 'bryce.veit', 'nickho', 'atsui1', 'anunez38', 'vguarino', 'zhengc8', 'klfoley24', 'karthi.madhubalan', 'zainsou', 'swdoctor', 'jinsong4', 'dukelau', 'dromar98', 'shdubaisi', 'rgast', 'daviscjd']"
4,168,136,22,1,['glevita2'],135,"['yapandrew110', 'jscholtz', 'austylan', 'emt2', 'srnelson', 'ealonso1995', 'kioupakis', 'jpmurph', 'jtkach2', 'jshangraw', 'shahzadakhtar2124', 'rnalbert25', 'georgeli', 'mstryk', 'phd.physics2018', 'rylandwjolliffe', 'afreel4', 'mattkrock', 'dylanae', 'hulasyr', 'hyunukch', 'tz11', 'maruf007', 'cvipong', 'syu19', 'gourdin.1', 'andreagiaccherini', 'kylievittetoe', 'epeachus', 'yxluan', 'jsysev', 'jzwesley', 'shriyasi', 'putueka', 'eparlow', 'jkubota2', 'cablood', 'cokane', 'mbow', 'ssutyak2', 'cvia', 'mheikka', 'ziyue2', 'fouroulou', 'nhuotari', 'nickrubl', 'domanus2', 'paulnneuburger', 'mattnalty97', 'isaachong', 'alberto4', 'huyvanle1998', 'bsusol2', 'aaronr', 'anirula2', 'kierasbr', 'jspielma', 'islamber', 'ajcharm', 'vtagare2', 'zwoerner', 'sendmesugar', 'mattvillena', 'josue.clavijo', 'mmalini', 'smprabhu', 'mbusse1', 'iflueck2', 'cbo3', 'nmccar', 'minseok', 'aagoulas', 'palcal2', 'kevwankrw678', 'lewynb', 'jeffrey', 'nleginza', 'hjr2', 'dwebster600', 'zefangye', 'livadluc', 'tsehgal2', 'mpikul', 'savvag44', 'shirani', 'ljparrish', 'lsienko2', 'davidmylesrosser', 'kbb2', 'lukedoherty', 'deboraj1121990', 'seyryu1', 'ns23', 'lboals', 'derkn', 'tleonar', 'ak37', 'shanpra', 'almaemar', 'eleini', 'phsecretan', 'cwcobb', 'cmoauro2', 'kpantig4', 'amyrm20', 'brycebitter', 'krizzy560', 'spraveen', 'mooka', 'conanw2', 'wesleypa', 'kamkbetz', 'cjrome', 'binx12358', 'junzed2', 'vkm2', 'rwtham2', 'anilt2001t', 'drrost', 'bryce.veit', 'nickho', 'atsui1', 'anunez38', 'vguarino', 'zhengc8', 'klfoley24', 'karthi.madhubalan', 'zainsou', 'swdoctor', 'jinsong4', 'dukelau', 'dromar98', 'shdubaisi', 'rgast', 'daviscjd']",21,"['zhuoran8', 'dlee230', 'hanzhi2', 'khalilo2', 'xuwenting2000', 'graceml2', 'ziruiw2', 'bonianp2', 'jihoonp2', 'haoyuli3', 'ymyu2', 'msaada2', 'noahrh3', 'adamato2', 'haibog2', 'konicek3', 'azatar3', 'magnaye2', 'dl20', 'jiaruil4', 'huizhit2']",157,"['yapandrew110', 'jscholtz', 'austylan', 'emt2', 'srnelson', 'ealonso1995', 'kioupakis', 'jpmurph', 'jtkach2', 'jshangraw', 'shahzadakhtar2124', 'rnalbert25', 'georgeli', 'mstryk', 'phd.physics2018', 'rylandwjolliffe', 'afreel4', 'mattkrock', 'dylanae', 'bonianp2', 'hulasyr', 'ymyu2', 'hyunukch', 'tz11', 'maruf007', 'cvipong', 'syu19', 'haibog2', 'konicek3', 'gourdin.1', 'andreagiaccherini', 'kylievittetoe', 'epeachus', 'yxluan', 'jsysev', 'jzwesley', 'shriyasi', 'magnaye2', 'putueka', 'eparlow', 'jkubota2', 'cablood', 'huizhit2', 'cokane', 'mbow', 'zhuoran8', 'ssutyak2', 'cvia', 'mheikka', 'ziyue2', 'fouroulou', 'nhuotari', 'nickrubl', 'khalilo2', 'domanus2', 'xuwenting2000', 'paulnneuburger', 'mattnalty97', 'isaachong', 'alberto4', 'huyvanle1998', 'ziruiw2', 'bsusol2', 'aaronr', 'anirula2', 'kierasbr', 'jspielma', 'islamber', 'ajcharm', 'vtagare2', 'azatar3', 'zwoerner', 'sendmesugar', 'mattvillena', 'josue.clavijo', 'mmalini', 'smprabhu', 'mbusse1', 'iflueck2', 'cbo3', 'nmccar', 'minseok', 'aagoulas', 'palcal2', 'kevwankrw678', 'hanzhi2', 'lewynb', 'jeffrey', 'nleginza', 'hjr2', 'dwebster600', 'glevita2', 'zefangye', 'livadluc', 'tsehgal2', 'mpikul', 'graceml2', 'savvag44', 'jihoonp2', 'haoyuli3', 'shirani', 'msaada2', 'noahrh3', 'ljparrish', 'lsienko2', 'davidmylesrosser', 'kbb2', 'lukedoherty', 'deboraj1121990', 'seyryu1', 'ns23', 'lboals', 'derkn', 'dl20', 'tleonar', 'ak37', 'shanpra', 'almaemar', 'eleini', 'jiaruil4', 'phsecretan', 'cwcobb', 'cmoauro2', 'kpantig4', 'amyrm20', 'brycebitter', 'dlee230', 'krizzy560', 'spraveen', 'mooka', 'conanw2', 'wesleypa', 'kamkbetz', 'cjrome', 'binx12358', 'junzed2', 'vkm2', 'rwtham2', 'anilt2001t', 'drrost', 'bryce.veit', 'nickho', 'atsui1', 'adamato2', 'anunez38', 'vguarino', 'zhengc8', 'klfoley24', 'karthi.madhubalan', 'zainsou', 'swdoctor', 'jinsong4', 'dukelau', 'dromar98', 'shdubaisi', 'rgast', 'daviscjd']"
4,98,136,18,15,"['bryce.veit', 'kpantig4', 'sendmesugar', 'dwebster600', 'mattvillena', 'paulnneuburger', 'aaronr', 'derkn', 'krizzy560', 'mbusse1', 'cvipong', 'vguarino', 'isaachong', 'lukedoherty', 'mattkrock']",121,"['yapandrew110', 'jscholtz', 'austylan', 'emt2', 'srnelson', 'ealonso1995', 'kioupakis', 'jpmurph', 'jtkach2', 'jshangraw', 'shahzadakhtar2124', 'rnalbert25', 'georgeli', 'mstryk', 'phd.physics2018', 'rylandwjolliffe', 'afreel4', 'dylanae', 'hulasyr', 'hyunukch', 'tz11', 'maruf007', 'syu19', 'gourdin.1', 'andreagiaccherini', 'kylievittetoe', 'epeachus', 'yxluan', 'jsysev', 'jzwesley', 'shriyasi', 'putueka', 'eparlow', 'jkubota2', 'cablood', 'cokane', 'mbow', 'ssutyak2', 'cvia', 'mheikka', 'ziyue2', 'fouroulou', 'nhuotari', 'nickrubl', 'domanus2', 'mattnalty97', 'alberto4', 'huyvanle1998', 'bsusol2', 'anirula2', 'kierasbr', 'jspielma', 'islamber', 'ajcharm', 'vtagare2', 'zwoerner', 'josue.clavijo', 'mmalini', 'smprabhu', 'iflueck2', 'cbo3', 'nmccar', 'minseok', 'aagoulas', 'palcal2', 'kevwankrw678', 'lewynb', 'jeffrey', 'nleginza', 'hjr2', 'glevita2', 'zefangye', 'livadluc', 'tsehgal2', 'mpikul', 'savvag44', 'shirani', 'ljparrish', 'lsienko2', 'davidmylesrosser', 'kbb2', 'deboraj1121990', 'seyryu1', 'ns23', 'lboals', 'tleonar', 'ak37', 'shanpra', 'almaemar', 'eleini', 'phsecretan', 'cwcobb', 'cmoauro2', 'amyrm20', 'brycebitter', 'spraveen', 'mooka', 'conanw2', 'wesleypa', 'kamkbetz', 'cjrome', 'binx12358', 'junzed2', 'vkm2', 'rwtham2', 'anilt2001t', 'drrost', 'nickho', 'atsui1', 'anunez38', 'zhengc8', 'klfoley24', 'karthi.madhubalan', 'zainsou', 'swdoctor', 'jinsong4', 'dukelau', 'dromar98', 'shdubaisi', 'rgast', 'daviscjd']",3,"['wemma', 'jschaefer9', 'mbkivy']",139,"['yapandrew110', 'jscholtz', 'austylan', 'emt2', 'srnelson', 'ealonso1995', 'kioupakis', 'jpmurph', 'jtkach2', 'jshangraw', 'shahzadakhtar2124', 'rnalbert25', 'georgeli', 'mstryk', 'phd.physics2018', 'rylandwjolliffe', 'afreel4', 'mattkrock', 'dylanae', 'hulasyr', 'hyunukch', 'tz11', 'maruf007', 'cvipong', 'syu19', 'gourdin.1', 'andreagiaccherini', 'kylievittetoe', 'epeachus', 'yxluan', 'jsysev', 'jzwesley', 'shriyasi', 'putueka', 'eparlow', 'jkubota2', 'cablood', 'cokane', 'mbow', 'ssutyak2', 'cvia', 'mheikka', 'ziyue2', 'fouroulou', 'nhuotari', 'nickrubl', 'domanus2', 'paulnneuburger', 'mattnalty97', 'isaachong', 'alberto4', 'huyvanle1998', 'bsusol2', 'aaronr', 'anirula2', 'kierasbr', 'jspielma', 'islamber', 'ajcharm', 'vtagare2', 'zwoerner', 'sendmesugar', 'mattvillena', 'josue.clavijo', 'jschaefer9', 'mmalini', 'smprabhu', 'mbusse1', 'iflueck2', 'cbo3', 'nmccar', 'minseok', 'aagoulas', 'palcal2', 'kevwankrw678', 'lewynb', 'jeffrey', 'nleginza', 'hjr2', 'dwebster600', 'glevita2', 'zefangye', 'livadluc', 'tsehgal2', 'mpikul', 'savvag44', 'shirani', 'ljparrish', 'lsienko2', 'davidmylesrosser', 'kbb2', 'lukedoherty', 'deboraj1121990', 'seyryu1', 'mbkivy', 'ns23', 'lboals', 'derkn', 'tleonar', 'ak37', 'shanpra', 'almaemar', 'eleini', 'phsecretan', 'cwcobb', 'cmoauro2', 'kpantig4', 'amyrm20', 'brycebitter', 'krizzy560', 'spraveen', 'mooka', 'conanw2', 'wesleypa', 'kamkbetz', 'cjrome', 'binx12358', 'junzed2', 'vkm2', 'rwtham2', 'anilt2001t', 'drrost', 'bryce.veit', 'nickho', 'atsui1', 'anunez38', 'vguarino', 'zhengc8', 'klfoley24', 'karthi.madhubalan', 'zainsou', 'swdoctor', 'jinsong4', 'dukelau', 'dromar98', 'shdubaisi', 'rgast', 'daviscjd', 'wemma']"
4,97,136,15,9,"['cmoauro2', 'lsienko2', 'jtkach2', 'palcal2', 'bsusol2', 'emt2', 'almaemar', 'afreel4', 'kbb2']",127,"['yapandrew110', 'jscholtz', 'austylan', 'srnelson', 'ealonso1995', 'kioupakis', 'jpmurph', 'jshangraw', 'shahzadakhtar2124', 'rnalbert25', 'georgeli', 'mstryk', 'phd.physics2018', 'rylandwjolliffe', 'mattkrock', 'dylanae', 'hulasyr', 'hyunukch', 'tz11', 'maruf007', 'cvipong', 'syu19', 'gourdin.1', 'andreagiaccherini', 'kylievittetoe', 'epeachus', 'yxluan', 'jsysev', 'jzwesley', 'shriyasi', 'putueka', 'eparlow', 'jkubota2', 'cablood', 'cokane', 'mbow', 'ssutyak2', 'cvia', 'mheikka', 'ziyue2', 'fouroulou', 'nhuotari', 'nickrubl', 'domanus2', 'paulnneuburger', 'mattnalty97', 'isaachong', 'alberto4', 'huyvanle1998', 'aaronr', 'anirula2', 'kierasbr', 'jspielma', 'islamber', 'ajcharm', 'vtagare2', 'zwoerner', 'sendmesugar', 'mattvillena', 'josue.clavijo', 'mmalini', 'smprabhu', 'mbusse1', 'iflueck2', 'cbo3', 'nmccar', 'minseok', 'aagoulas', 'kevwankrw678', 'lewynb', 'jeffrey', 'nleginza', 'hjr2', 'dwebster600', 'glevita2', 'zefangye', 'livadluc', 'tsehgal2', 'mpikul', 'savvag44', 'shirani', 'ljparrish', 'davidmylesrosser', 'lukedoherty', 'deboraj1121990', 'seyryu1', 'ns23', 'lboals', 'derkn', 'tleonar', 'ak37', 'shanpra', 'eleini', 'phsecretan', 'cwcobb', 'kpantig4', 'amyrm20', 'brycebitter', 'krizzy560', 'spraveen', 'mooka', 'conanw2', 'wesleypa', 'kamkbetz', 'cjrome', 'binx12358', 'junzed2', 'vkm2', 'rwtham2', 'anilt2001t', 'drrost', 'bryce.veit', 'nickho', 'atsui1', 'anunez38', 'vguarino', 'zhengc8', 'klfoley24', 'karthi.madhubalan', 'zainsou', 'swdoctor', 'jinsong4', 'dukelau', 'dromar98', 'shdubaisi', 'rgast', 'daviscjd']",6,"['lucasrc2', 'blakerc2', 'joshuas8', 'wjsthdgkrl', 'petercp2', 'lckb552']",142,"['yapandrew110', 'jscholtz', 'austylan', 'emt2', 'srnelson', 'ealonso1995', 'kioupakis', 'jpmurph', 'jtkach2', 'jshangraw', 'shahzadakhtar2124', 'rnalbert25', 'georgeli', 'mstryk', 'phd.physics2018', 'rylandwjolliffe', 'afreel4', 'mattkrock', 'dylanae', 'lucasrc2', 'hulasyr', 'hyunukch', 'tz11', 'maruf007', 'cvipong', 'syu19', 'gourdin.1', 'andreagiaccherini', 'kylievittetoe', 'epeachus', 'yxluan', 'jsysev', 'jzwesley', 'shriyasi', 'putueka', 'eparlow', 'jkubota2', 'wjsthdgkrl', 'cablood', 'cokane', 'mbow', 'ssutyak2', 'cvia', 'mheikka', 'ziyue2', 'fouroulou', 'nhuotari', 'nickrubl', 'domanus2', 'paulnneuburger', 'mattnalty97', 'isaachong', 'alberto4', 'huyvanle1998', 'bsusol2', 'aaronr', 'anirula2', 'kierasbr', 'jspielma', 'islamber', 'ajcharm', 'vtagare2', 'zwoerner', 'sendmesugar', 'mattvillena', 'josue.clavijo', 'mmalini', 'smprabhu', 'mbusse1', 'iflueck2', 'petercp2', 'cbo3', 'nmccar', 'minseok', 'lckb552', 'blakerc2', 'aagoulas', 'palcal2', 'kevwankrw678', 'lewynb', 'jeffrey', 'nleginza', 'hjr2', 'dwebster600', 'glevita2', 'zefangye', 'livadluc', 'joshuas8', 'tsehgal2', 'mpikul', 'savvag44', 'shirani', 'ljparrish', 'lsienko2', 'davidmylesrosser', 'kbb2', 'lukedoherty', 'deboraj1121990', 'seyryu1', 'ns23', 'lboals', 'derkn', 'tleonar', 'ak37', 'shanpra', 'almaemar', 'eleini', 'phsecretan', 'cwcobb', 'cmoauro2', 'kpantig4', 'amyrm20', 'brycebitter', 'krizzy560', 'spraveen', 'mooka', 'conanw2', 'wesleypa', 'kamkbetz', 'cjrome', 'binx12358', 'junzed2', 'vkm2', 'rwtham2', 'anilt2001t', 'drrost', 'bryce.veit', 'nickho', 'atsui1', 'anunez38', 'vguarino', 'zhengc8', 'klfoley24', 'karthi.madhubalan', 'zainsou', 'swdoctor', 'jinsong4', 'dukelau', 'dromar98', 'shdubaisi', 'rgast', 'daviscjd']"
4,95,136,13,13,"['kylievittetoe', 'mheikka', 'lboals', 'kevwankrw678', 'austylan', 'ajcharm', 'spraveen', 'mmalini', 'lewynb', 'jeffrey', 'shdubaisi', 'alberto4', 'mbow']",123,"['yapandrew110', 'jscholtz', 'emt2', 'srnelson', 'ealonso1995', 'kioupakis', 'jpmurph', 'jtkach2', 'jshangraw', 'shahzadakhtar2124', 'rnalbert25', 'georgeli', 'mstryk', 'phd.physics2018', 'rylandwjolliffe', 'afreel4', 'mattkrock', 'dylanae', 'hulasyr', 'hyunukch', 'tz11', 'maruf007', 'cvipong', 'syu19', 'gourdin.1', 'andreagiaccherini', 'epeachus', 'yxluan', 'jsysev', 'jzwesley', 'shriyasi', 'putueka', 'eparlow', 'jkubota2', 'cablood', 'cokane', 'ssutyak2', 'cvia', 'ziyue2', 'fouroulou', 'nhuotari', 'nickrubl', 'domanus2', 'paulnneuburger', 'mattnalty97', 'isaachong', 'huyvanle1998', 'bsusol2', 'aaronr', 'anirula2', 'kierasbr', 'jspielma', 'islamber', 'vtagare2', 'zwoerner', 'sendmesugar', 'mattvillena', 'josue.clavijo', 'smprabhu', 'mbusse1', 'iflueck2', 'cbo3', 'nmccar', 'minseok', 'aagoulas', 'palcal2', 'nleginza', 'hjr2', 'dwebster600', 'glevita2', 'zefangye', 'livadluc', 'tsehgal2', 'mpikul', 'savvag44', 'shirani', 'ljparrish', 'lsienko2', 'davidmylesrosser', 'kbb2', 'lukedoherty', 'deboraj1121990', 'seyryu1', 'ns23', 'derkn', 'tleonar', 'ak37', 'shanpra', 'almaemar', 'eleini', 'phsecretan', 'cwcobb', 'cmoauro2', 'kpantig4', 'amyrm20', 'brycebitter', 'krizzy560', 'mooka', 'conanw2', 'wesleypa', 'kamkbetz', 'cjrome', 'binx12358', 'junzed2', 'vkm2', 'rwtham2', 'anilt2001t', 'drrost', 'bryce.veit', 'nickho', 'atsui1', 'anunez38', 'vguarino', 'zhengc8', 'klfoley24', 'karthi.madhubalan', 'zainsou', 'swdoctor', 'jinsong4', 'dukelau', 'dromar98', 'rgast', 'daviscjd']",0,[],136,"['yapandrew110', 'jscholtz', 'austylan', 'emt2', 'srnelson', 'ealonso1995', 'kioupakis', 'jpmurph', 'jtkach2', 'jshangraw', 'shahzadakhtar2124', 'rnalbert25', 'georgeli', 'mstryk', 'phd.physics2018', 'rylandwjolliffe', 'afreel4', 'mattkrock', 'dylanae', 'hulasyr', 'hyunukch', 'tz11', 'maruf007', 'cvipong', 'syu19', 'gourdin.1', 'andreagiaccherini', 'kylievittetoe', 'epeachus', 'yxluan', 'jsysev', 'jzwesley', 'shriyasi', 'putueka', 'eparlow', 'jkubota2', 'cablood', 'cokane', 'mbow', 'ssutyak2', 'cvia', 'mheikka', 'ziyue2', 'fouroulou', 'nhuotari', 'nickrubl', 'domanus2', 'paulnneuburger', 'mattnalty97', 'isaachong', 'alberto4', 'huyvanle1998', 'bsusol2', 'aaronr', 'anirula2', 'kierasbr', 'jspielma', 'islamber', 'ajcharm', 'vtagare2', 'zwoerner', 'sendmesugar', 'mattvillena', 'josue.clavijo', 'mmalini', 'smprabhu', 'mbusse1', 'iflueck2', 'cbo3', 'nmccar', 'minseok', 'aagoulas', 'palcal2', 'kevwankrw678', 'lewynb', 'jeffrey', 'nleginza', 'hjr2', 'dwebster600', 'glevita2', 'zefangye', 'livadluc', 'tsehgal2', 'mpikul', 'savvag44', 'shirani', 'ljparrish', 'lsienko2', 'davidmylesrosser', 'kbb2', 'lukedoherty', 'deboraj1121990', 'seyryu1', 'ns23', 'lboals', 'derkn', 'tleonar', 'ak37', 'shanpra', 'almaemar', 'eleini', 'phsecretan', 'cwcobb', 'cmoauro2', 'kpantig4', 'amyrm20', 'brycebitter', 'krizzy560', 'spraveen', 'mooka', 'conanw2', 'wesleypa', 'kamkbetz', 'cjrome', 'binx12358', 'junzed2', 'vkm2', 'rwtham2', 'anilt2001t', 'drrost', 'bryce.veit', 'nickho', 'atsui1', 'anunez38', 'vguarino', 'zhengc8', 'klfoley24', 'karthi.madhubalan', 'zainsou', 'swdoctor', 'jinsong4', 'dukelau', 'dromar98', 'shdubaisi', 'rgast', 'daviscjd']"
4,91,136,11,1,['eleini'],135,"['yapandrew110', 'jscholtz', 'austylan', 'emt2', 'srnelson', 'ealonso1995', 'kioupakis', 'jpmurph', 'jtkach2', 'jshangraw', 'shahzadakhtar2124', 'rnalbert25', 'georgeli', 'mstryk', 'phd.physics2018', 'rylandwjolliffe', 'afreel4', 'mattkrock', 'dylanae', 'hulasyr', 'hyunukch', 'tz11', 'maruf007', 'cvipong', 'syu19', 'gourdin.1', 'andreagiaccherini', 'kylievittetoe', 'epeachus', 'yxluan', 'jsysev', 'jzwesley', 'shriyasi', 'putueka', 'eparlow', 'jkubota2', 'cablood', 'cokane', 'mbow', 'ssutyak2', 'cvia', 'mheikka', 'ziyue2', 'fouroulou', 'nhuotari', 'nickrubl', 'domanus2', 'paulnneuburger', 'mattnalty97', 'isaachong', 'alberto4', 'huyvanle1998', 'bsusol2', 'aaronr', 'anirula2', 'kierasbr', 'jspielma', 'islamber', 'ajcharm', 'vtagare2', 'zwoerner', 'sendmesugar', 'mattvillena', 'josue.clavijo', 'mmalini', 'smprabhu', 'mbusse1', 'iflueck2', 'cbo3', 'nmccar', 'minseok', 'aagoulas', 'palcal2', 'kevwankrw678', 'lewynb', 'jeffrey', 'nleginza', 'hjr2', 'dwebster600', 'glevita2', 'zefangye', 'livadluc', 'tsehgal2', 'mpikul', 'savvag44', 'shirani', 'ljparrish', 'lsienko2', 'davidmylesrosser', 'kbb2', 'lukedoherty', 'deboraj1121990', 'seyryu1', 'ns23', 'lboals', 'derkn', 'tleonar', 'ak37', 'shanpra', 'almaemar', 'phsecretan', 'cwcobb', 'cmoauro2', 'kpantig4', 'amyrm20', 'brycebitter', 'krizzy560', 'spraveen', 'mooka', 'conanw2', 'wesleypa', 'kamkbetz', 'cjrome', 'binx12358', 'junzed2', 'vkm2', 'rwtham2', 'anilt2001t', 'drrost', 'bryce.veit', 'nickho', 'atsui1', 'anunez38', 'vguarino', 'zhengc8', 'klfoley24', 'karthi.madhubalan', 'zainsou', 'swdoctor', 'jinsong4', 'dukelau', 'dromar98', 'shdubaisi', 'rgast', 'daviscjd']",10,"['danevans', 'grfedele', 'narceci', 'wesf', 'keonbe', 'optalmad', 'lpmarks', 'scollard', 'ralsmith', 'reisnerd']",146,"['yapandrew110', 'jscholtz', 'austylan', 'emt2', 'srnelson', 'ealonso1995', 'kioupakis', 'grfedele', 'jpmurph', 'jtkach2', 'jshangraw', 'shahzadakhtar2124', 'rnalbert25', 'georgeli', 'mstryk', 'phd.physics2018', 'rylandwjolliffe', 'afreel4', 'mattkrock', 'dylanae', 'hulasyr', 'hyunukch', 'tz11', 'maruf007', 'cvipong', 'syu19', 'ralsmith', 'lpmarks', 'gourdin.1', 'andreagiaccherini', 'kylievittetoe', 'epeachus', 'yxluan', 'jsysev', 'jzwesley', 'shriyasi', 'putueka', 'eparlow', 'jkubota2', 'cablood', 'cokane', 'mbow', 'ssutyak2', 'cvia', 'mheikka', 'ziyue2', 'optalmad', 'fouroulou', 'nhuotari', 'nickrubl', 'domanus2', 'paulnneuburger', 'mattnalty97', 'isaachong', 'alberto4', 'huyvanle1998', 'bsusol2', 'aaronr', 'anirula2', 'kierasbr', 'jspielma', 'islamber', 'ajcharm', 'vtagare2', 'zwoerner', 'sendmesugar', 'mattvillena', 'josue.clavijo', 'mmalini', 'smprabhu', 'mbusse1', 'iflueck2', 'cbo3', 'danevans', 'nmccar', 'minseok', 'aagoulas', 'palcal2', 'kevwankrw678', 'wesf', 'lewynb', 'jeffrey', 'nleginza', 'hjr2', 'dwebster600', 'glevita2', 'zefangye', 'livadluc', 'tsehgal2', 'mpikul', 'savvag44', 'shirani', 'keonbe', 'ljparrish', 'lsienko2', 'davidmylesrosser', 'kbb2', 'lukedoherty', 'deboraj1121990', 'seyryu1', 'ns23', 'lboals', 'derkn', 'tleonar', 'ak37', 'shanpra', 'almaemar', 'eleini', 'phsecretan', 'cwcobb', 'reisnerd', 'cmoauro2', 'kpantig4', 'amyrm20', 'brycebitter', 'krizzy560', 'spraveen', 'mooka', 'conanw2', 'scollard', 'wesleypa', 'kamkbetz', 'cjrome', 'binx12358', 'junzed2', 'vkm2', 'rwtham2', 'anilt2001t', 'drrost', 'bryce.veit', 'nickho', 'atsui1', 'narceci', 'anunez38', 'vguarino', 'zhengc8', 'klfoley24', 'karthi.madhubalan', 'zainsou', 'swdoctor', 'jinsong4', 'dukelau', 'dromar98', 'shdubaisi', 'rgast', 'daviscjd']"
4,96,136,10,6,"['cmoauro2', 'jtkach2', 'emt2', 'iflueck2', 'lsienko2', 'kbb2']",130,"['yapandrew110', 'jscholtz', 'austylan', 'srnelson', 'ealonso1995', 'kioupakis', 'jpmurph', 'jshangraw', 'shahzadakhtar2124', 'rnalbert25', 'georgeli', 'mstryk', 'phd.physics2018', 'rylandwjolliffe', 'afreel4', 'mattkrock', 'dylanae', 'hulasyr', 'hyunukch', 'tz11', 'maruf007', 'cvipong', 'syu19', 'gourdin.1', 'andreagiaccherini', 'kylievittetoe', 'epeachus', 'yxluan', 'jsysev', 'jzwesley', 'shriyasi', 'putueka', 'eparlow', 'jkubota2', 'cablood', 'cokane', 'mbow', 'ssutyak2', 'cvia', 'mheikka', 'ziyue2', 'fouroulou', 'nhuotari', 'nickrubl', 'domanus2', 'paulnneuburger', 'mattnalty97', 'isaachong', 'alberto4', 'huyvanle1998', 'bsusol2', 'aaronr', 'anirula2', 'kierasbr', 'jspielma', 'islamber', 'ajcharm', 'vtagare2', 'zwoerner', 'sendmesugar', 'mattvillena', 'josue.clavijo', 'mmalini', 'smprabhu', 'mbusse1', 'cbo3', 'nmccar', 'minseok', 'aagoulas', 'palcal2', 'kevwankrw678', 'lewynb', 'jeffrey', 'nleginza', 'hjr2', 'dwebster600', 'glevita2', 'zefangye', 'livadluc', 'tsehgal2', 'mpikul', 'savvag44', 'shirani', 'ljparrish', 'davidmylesrosser', 'lukedoherty', 'deboraj1121990', 'seyryu1', 'ns23', 'lboals', 'derkn', 'tleonar', 'ak37', 'shanpra', 'almaemar', 'eleini', 'phsecretan', 'cwcobb', 'kpantig4', 'amyrm20', 'brycebitter', 'krizzy560', 'spraveen', 'mooka', 'conanw2', 'wesleypa', 'kamkbetz', 'cjrome', 'binx12358', 'junzed2', 'vkm2', 'rwtham2', 'anilt2001t', 'drrost', 'bryce.veit', 'nickho', 'atsui1', 'anunez38', 'vguarino', 'zhengc8', 'klfoley24', 'karthi.madhubalan', 'zainsou', 'swdoctor', 'jinsong4', 'dukelau', 'dromar98', 'shdubaisi', 'rgast', 'daviscjd']",4,"['lucasrc2', 'blakerc2', 'joshuas8', 'lckb552']",140,"['yapandrew110', 'jscholtz', 'austylan', 'emt2', 'srnelson', 'ealonso1995', 'kioupakis', 'jpmurph', 'jtkach2', 'jshangraw', 'shahzadakhtar2124', 'rnalbert25', 'georgeli', 'mstryk', 'phd.physics2018', 'rylandwjolliffe', 'afreel4', 'mattkrock', 'dylanae', 'lucasrc2', 'hulasyr', 'hyunukch', 'tz11', 'maruf007', 'cvipong', 'syu19', 'gourdin.1', 'andreagiaccherini', 'kylievittetoe', 'epeachus', 'yxluan', 'jsysev', 'jzwesley', 'shriyasi', 'putueka', 'eparlow', 'jkubota2', 'cablood', 'cokane', 'mbow', 'ssutyak2', 'cvia', 'mheikka', 'ziyue2', 'fouroulou', 'nhuotari', 'nickrubl', 'domanus2', 'paulnneuburger', 'mattnalty97', 'isaachong', 'alberto4', 'huyvanle1998', 'bsusol2', 'aaronr', 'anirula2', 'kierasbr', 'jspielma', 'islamber', 'ajcharm', 'vtagare2', 'zwoerner', 'sendmesugar', 'mattvillena', 'josue.clavijo', 'mmalini', 'smprabhu', 'mbusse1', 'iflueck2', 'cbo3', 'nmccar', 'minseok', 'lckb552', 'blakerc2', 'aagoulas', 'palcal2', 'kevwankrw678', 'lewynb', 'jeffrey', 'nleginza', 'hjr2', 'dwebster600', 'glevita2', 'zefangye', 'livadluc', 'joshuas8', 'tsehgal2', 'mpikul', 'savvag44', 'shirani', 'ljparrish', 'lsienko2', 'davidmylesrosser', 'kbb2', 'lukedoherty', 'deboraj1121990', 'seyryu1', 'ns23', 'lboals', 'derkn', 'tleonar', 'ak37', 'shanpra', 'almaemar', 'eleini', 'phsecretan', 'cwcobb', 'cmoauro2', 'kpantig4', 'amyrm20', 'brycebitter', 'krizzy560', 'spraveen', 'mooka', 'conanw2', 'wesleypa', 'kamkbetz', 'cjrome', 'binx12358', 'junzed2', 'vkm2', 'rwtham2', 'anilt2001t', 'drrost', 'bryce.veit', 'nickho', 'atsui1', 'anunez38', 'vguarino', 'zhengc8', 'klfoley24', 'karthi.madhubalan', 'zainsou', 'swdoctor', 'jinsong4', 'dukelau', 'dromar98', 'shdubaisi', 'rgast', 'daviscjd']"
4,31,136,7,3,"['lsienko2', 'kbb2', 'jtkach2']",133,"['yapandrew110', 'jscholtz', 'austylan', 'emt2', 'srnelson', 'ealonso1995', 'kioupakis', 'jpmurph', 'jshangraw', 'shahzadakhtar2124', 'rnalbert25', 'georgeli', 'mstryk', 'phd.physics2018', 'rylandwjolliffe', 'afreel4', 'mattkrock', 'dylanae', 'hulasyr', 'hyunukch', 'tz11', 'maruf007', 'cvipong', 'syu19', 'gourdin.1', 'andreagiaccherini', 'kylievittetoe', 'epeachus', 'yxluan', 'jsysev', 'jzwesley', 'shriyasi', 'putueka', 'eparlow', 'jkubota2', 'cablood', 'cokane', 'mbow', 'ssutyak2', 'cvia', 'mheikka', 'ziyue2', 'fouroulou', 'nhuotari', 'nickrubl', 'domanus2', 'paulnneuburger', 'mattnalty97', 'isaachong', 'alberto4', 'huyvanle1998', 'bsusol2', 'aaronr', 'anirula2', 'kierasbr', 'jspielma', 'islamber', 'ajcharm', 'vtagare2', 'zwoerner', 'sendmesugar', 'mattvillena', 'josue.clavijo', 'mmalini', 'smprabhu', 'mbusse1', 'iflueck2', 'cbo3', 'nmccar', 'minseok', 'aagoulas', 'palcal2', 'kevwankrw678', 'lewynb', 'jeffrey', 'nleginza', 'hjr2', 'dwebster600', 'glevita2', 'zefangye', 'livadluc', 'tsehgal2', 'mpikul', 'savvag44', 'shirani', 'ljparrish', 'davidmylesrosser', 'lukedoherty', 'deboraj1121990', 'seyryu1', 'ns23', 'lboals', 'derkn', 'tleonar', 'ak37', 'shanpra', 'almaemar', 'eleini', 'phsecretan', 'cwcobb', 'cmoauro2', 'kpantig4', 'amyrm20', 'brycebitter', 'krizzy560', 'spraveen', 'mooka', 'conanw2', 'wesleypa', 'kamkbetz', 'cjrome', 'binx12358', 'junzed2', 'vkm2', 'rwtham2', 'anilt2001t', 'drrost', 'bryce.veit', 'nickho', 'atsui1', 'anunez38', 'vguarino', 'zhengc8', 'klfoley24', 'karthi.madhubalan', 'zainsou', 'swdoctor', 'jinsong4', 'dukelau', 'dromar98', 'shdubaisi', 'rgast', 'daviscjd']",4,"['joshuas8', 'blakerc2', 'wjsthdgkrl', 'lckb552']",140,"['yapandrew110', 'jscholtz', 'austylan', 'emt2', 'srnelson', 'ealonso1995', 'kioupakis', 'jpmurph', 'jtkach2', 'jshangraw', 'shahzadakhtar2124', 'rnalbert25', 'georgeli', 'mstryk', 'phd.physics2018', 'rylandwjolliffe', 'afreel4', 'mattkrock', 'dylanae', 'hulasyr', 'hyunukch', 'tz11', 'maruf007', 'cvipong', 'syu19', 'gourdin.1', 'andreagiaccherini', 'kylievittetoe', 'epeachus', 'yxluan', 'jsysev', 'jzwesley', 'shriyasi', 'putueka', 'eparlow', 'jkubota2', 'wjsthdgkrl', 'cablood', 'cokane', 'mbow', 'ssutyak2', 'cvia', 'mheikka', 'ziyue2', 'fouroulou', 'nhuotari', 'nickrubl', 'domanus2', 'paulnneuburger', 'mattnalty97', 'isaachong', 'alberto4', 'huyvanle1998', 'bsusol2', 'aaronr', 'anirula2', 'kierasbr', 'jspielma', 'islamber', 'ajcharm', 'vtagare2', 'zwoerner', 'sendmesugar', 'mattvillena', 'josue.clavijo', 'mmalini', 'smprabhu', 'mbusse1', 'iflueck2', 'cbo3', 'nmccar', 'minseok', 'lckb552', 'blakerc2', 'aagoulas', 'palcal2', 'kevwankrw678', 'lewynb', 'jeffrey', 'nleginza', 'hjr2', 'dwebster600', 'glevita2', 'zefangye', 'livadluc', 'joshuas8', 'tsehgal2', 'mpikul', 'savvag44', 'shirani', 'ljparrish', 'lsienko2', 'davidmylesrosser', 'kbb2', 'lukedoherty', 'deboraj1121990', 'seyryu1', 'ns23', 'lboals', 'derkn', 'tleonar', 'ak37', 'shanpra', 'almaemar', 'eleini', 'phsecretan', 'cwcobb', 'cmoauro2', 'kpantig4', 'amyrm20', 'brycebitter', 'krizzy560', 'spraveen', 'mooka', 'conanw2', 'wesleypa', 'kamkbetz', 'cjrome', 'binx12358', 'junzed2', 'vkm2', 'rwtham2', 'anilt2001t', 'drrost', 'bryce.veit', 'nickho', 'atsui1', 'anunez38', 'vguarino', 'zhengc8', 'klfoley24', 'karthi.madhubalan', 'zainsou', 'swdoctor', 'jinsong4', 'dukelau', 'dromar98', 'shdubaisi', 'rgast', 'daviscjd']"
4,30,136,6,4,"['afreel4', 'cmoauro2', 'bsusol2', 'emt2']",132,"['yapandrew110', 'jscholtz', 'austylan', 'srnelson', 'ealonso1995', 'kioupakis', 'jpmurph', 'jtkach2', 'jshangraw', 'shahzadakhtar2124', 'rnalbert25', 'georgeli', 'mstryk', 'phd.physics2018', 'rylandwjolliffe', 'mattkrock', 'dylanae', 'hulasyr', 'hyunukch', 'tz11', 'maruf007', 'cvipong', 'syu19', 'gourdin.1', 'andreagiaccherini', 'kylievittetoe', 'epeachus', 'yxluan', 'jsysev', 'jzwesley', 'shriyasi', 'putueka', 'eparlow', 'jkubota2', 'cablood', 'cokane', 'mbow', 'ssutyak2', 'cvia', 'mheikka', 'ziyue2', 'fouroulou', 'nhuotari', 'nickrubl', 'domanus2', 'paulnneuburger', 'mattnalty97', 'isaachong', 'alberto4', 'huyvanle1998', 'aaronr', 'anirula2', 'kierasbr', 'jspielma', 'islamber', 'ajcharm', 'vtagare2', 'zwoerner', 'sendmesugar', 'mattvillena', 'josue.clavijo', 'mmalini', 'smprabhu', 'mbusse1', 'iflueck2', 'cbo3', 'nmccar', 'minseok', 'aagoulas', 'palcal2', 'kevwankrw678', 'lewynb', 'jeffrey', 'nleginza', 'hjr2', 'dwebster600', 'glevita2', 'zefangye', 'livadluc', 'tsehgal2', 'mpikul', 'savvag44', 'shirani', 'ljparrish', 'lsienko2', 'davidmylesrosser', 'kbb2', 'lukedoherty', 'deboraj1121990', 'seyryu1', 'ns23', 'lboals', 'derkn', 'tleonar', 'ak37', 'shanpra', 'almaemar', 'eleini', 'phsecretan', 'cwcobb', 'kpantig4', 'amyrm20', 'brycebitter', 'krizzy560', 'spraveen', 'mooka', 'conanw2', 'wesleypa', 'kamkbetz', 'cjrome', 'binx12358', 'junzed2', 'vkm2', 'rwtham2', 'anilt2001t', 'drrost', 'bryce.veit', 'nickho', 'atsui1', 'anunez38', 'vguarino', 'zhengc8', 'klfoley24', 'karthi.madhubalan', 'zainsou', 'swdoctor', 'jinsong4', 'dukelau', 'dromar98', 'shdubaisi', 'rgast', 'daviscjd']",2,"['kevins2', 'petercp2']",138,"['yapandrew110', 'jscholtz', 'austylan', 'emt2', 'srnelson', 'ealonso1995', 'kioupakis', 'jpmurph', 'jtkach2', 'jshangraw', 'shahzadakhtar2124', 'rnalbert25', 'georgeli', 'mstryk', 'phd.physics2018', 'rylandwjolliffe', 'afreel4', 'mattkrock', 'dylanae', 'hulasyr', 'hyunukch', 'tz11', 'maruf007', 'cvipong', 'syu19', 'gourdin.1', 'andreagiaccherini', 'kylievittetoe', 'epeachus', 'yxluan', 'jsysev', 'jzwesley', 'shriyasi', 'putueka', 'eparlow', 'jkubota2', 'cablood', 'cokane', 'mbow', 'ssutyak2', 'cvia', 'mheikka', 'ziyue2', 'fouroulou', 'nhuotari', 'nickrubl', 'domanus2', 'kevins2', 'paulnneuburger', 'mattnalty97', 'isaachong', 'alberto4', 'huyvanle1998', 'bsusol2', 'aaronr', 'anirula2', 'kierasbr', 'jspielma', 'islamber', 'ajcharm', 'vtagare2', 'zwoerner', 'sendmesugar', 'mattvillena', 'josue.clavijo', 'mmalini', 'smprabhu', 'mbusse1', 'iflueck2', 'petercp2', 'cbo3', 'nmccar', 'minseok', 'aagoulas', 'palcal2', 'kevwankrw678', 'lewynb', 'jeffrey', 'nleginza', 'hjr2', 'dwebster600', 'glevita2', 'zefangye', 'livadluc', 'tsehgal2', 'mpikul', 'savvag44', 'shirani', 'ljparrish', 'lsienko2', 'davidmylesrosser', 'kbb2', 'lukedoherty', 'deboraj1121990', 'seyryu1', 'ns23', 'lboals', 'derkn', 'tleonar', 'ak37', 'shanpra', 'almaemar', 'eleini', 'phsecretan', 'cwcobb', 'cmoauro2', 'kpantig4', 'amyrm20', 'brycebitter', 'krizzy560', 'spraveen', 'mooka', 'conanw2', 'wesleypa', 'kamkbetz', 'cjrome', 'binx12358', 'junzed2', 'vkm2', 'rwtham2', 'anilt2001t', 'drrost', 'bryce.veit', 'nickho', 'atsui1', 'anunez38', 'vguarino', 'zhengc8', 'klfoley24', 'karthi.madhubalan', 'zainsou', 'swdoctor', 'jinsong4', 'dukelau', 'dromar98', 'shdubaisi', 'rgast', 'daviscjd']"
5,231,135,59,57,"['lucabarotto', 'galileopardi536', 's278189', 'martina.dattesi', 'andrealagrasta95', 'claudia.concaro', 'danielepalamara', 'giorgiabove', 'flavioguida97', 'clo.concaro', 'ariannarolando', 'rocco.sorace98', 'vittoriogrossi.11', 'martagottardello19', 'lorenzo.oberti.96', 'gabrymarro97', 'grimaldialberto97', 'angelopettigiani', 'misso.1711001', 'francescopetrosino', 'edobeduglio', 'matteop97', 'massimilianom', 'giuseppesassone96', 'giovanni.chiappetto', 'dolivaw05', 'simone.filippi', 's278949', 'vero.alessandro95', 'francescagrillo', 'fedgiraldo', 's280259', 'pietro.ognibene94', 'irina1204', 'turin', 'lucaturco', 'amedeo.testori96', 'marcobosco22', 'andreamoglianesi', 'fedegalla1996', 'gabriele97', 'lmisso172', 'francesco97', 'albi', 'cecilia96', 'hafsasiddiqi', 'lom271211', 'matteoschiavone', 'francescoarena', 'albipobbe', 'lulambertino', 'simopramo8', 'francesco.alagna97', 'cafi', 'vitov', 'arneodo.luca', 'lollogianni']",78,"['itamarco97', 'andrea.margaira', 'marcodesideriols', 'helena.sguerrero25', 'andrealamberti5e', 'alessandrogasperoni', 'camsod', 'alfonsogdr', 'ele95.ed', 'fradecandia', 'francescosuperchi', 'francescavalli', 'giorgio.rivero', 'miguel.depascual', 'massimiliano3596', 'fabiomargaria', 's276023', 'eliseo94', 'edoardorossi', 'enricocolore97', 'francesca23', 'francesco.giuseppe.lefosse', 'abellelli09', 'porcelliadamo', 'lorenzo.santini', 'gianmarco.lorenti', 'daniele.ferrara.95', 'ludovica.cortoni', 'conte0897', 'albevargiu0', 'mariella.provenz', 'lucamala97', 'giulla97', 'aounqureshi', 'pietroquaglia', 'abdallahyousif', 'stefaniavalenza', 's269903', 'simonape', 'silvia.dimatteo62', 'daniele.perrot14', 'paola.d.campli', 'mattecer', 'gabriele', 'salvatorecutrale94', 'valeria_', 'filipporacanella', 'stefanopalmieri96', 'leoca', 'ilaria_tagliaferri', 'andrea97', 'carlo.donofrio26', 'giovanni0507', 's279739', 'damianopalazzolo', 'leo.erika.5', 'adeletaramasso20', 'camifassio97', 'elenagerbino', 'polacco.raffaele', 'ciccullomanuel', 'noe.giachi', 'andrea.falco', 'alessandroredrouge', 'energeticipolito2020', 'andreacalzo97', 'riccardo96ronco', 'ibrahimt', 'riccasuso', 'giuseppepolito', 'federicopuleo', 'enricagarello', 'ema.dargenzio', 'ivan.milan96', 'lau19', 'pierluigiciasullo', 'giacomotelesca1997', 'lorenzo_bramante']",2,"['roberta', 'matteo.fasano']",137,"['itamarco97', 'claudia.concaro', 'roberta', 'andrea.margaira', 'marcodesideriols', 'rocco.sorace98', 'helena.sguerrero25', 'andrealamberti5e', 'alessandrogasperoni', 'matteo.fasano', 'misso.1711001', 'camsod', 'edobeduglio', 'matteop97', 'massimilianom', 'giovanni.chiappetto', 'alfonsogdr', 'ele95.ed', 'fedgiraldo', 's280259', 'fradecandia', 'irina1204', 'francescosuperchi', 'francescavalli', 'albi', 'giorgio.rivero', 'miguel.depascual', 'albipobbe', 'massimiliano3596', 'fabiomargaria', 's278189', 's276023', 'danielepalamara', 'eliseo94', 'edoardorossi', 'enricocolore97', 'clo.concaro', 'ariannarolando', 'francesca23', 'francesco.giuseppe.lefosse', 'abellelli09', 'porcelliadamo', 'lorenzo.santini', 'gianmarco.lorenti', 'daniele.ferrara.95', 'vero.alessandro95', 'andreamoglianesi', 'ludovica.cortoni', 'conte0897', 'albevargiu0', 'francesco97', 'cecilia96', 'mariella.provenz', 'hafsasiddiqi', 'lucamala97', 'matteoschiavone', 'giulla97', 'aounqureshi', 'lulambertino', 'francesco.alagna97', 'pietroquaglia', 'lucabarotto', 'galileopardi536', 'martina.dattesi', 'andrealagrasta95', 'abdallahyousif', 'vittoriogrossi.11', 'stefaniavalenza', 'grimaldialberto97', 's269903', 'francescopetrosino', 'simonape', 'silvia.dimatteo62', 's278949', 'daniele.perrot14', 'pietro.ognibene94', 'paola.d.campli', 'mattecer', 'turin', 'lucaturco', 'amedeo.testori96', 'marcobosco22', 'fedegalla1996', 'gabriele', 'lmisso172', 'salvatorecutrale94', 'valeria_', 'filipporacanella', 'stefanopalmieri96', 'leoca', 'lom271211', 'ilaria_tagliaferri', 'andrea97', 'carlo.donofrio26', 'giovanni0507', 'arneodo.luca', 'giorgiabove', 's279739', 'damianopalazzolo', 'flavioguida97', 'leo.erika.5', 'adeletaramasso20', 'camifassio97', 'elenagerbino', 'polacco.raffaele', 'martagottardello19', 'gabrymarro97', 'ciccullomanuel', 'lorenzo.oberti.96', 'noe.giachi', 'angelopettigiani', 'andrea.falco', 'alessandroredrouge', 'energeticipolito2020', 'andreacalzo97', 'riccardo96ronco', 'giuseppesassone96', 'ibrahimt', 'dolivaw05', 'simone.filippi', 'francescagrillo', 'riccasuso', 'giuseppepolito', 'federicopuleo', 'enricagarello', 'ema.dargenzio', 'ivan.milan96', 'lau19', 'gabriele97', 'pierluigiciasullo', 'giacomotelesca1997', 'lorenzo_bramante', 'francescoarena', 'simopramo8', 'cafi', 'vitov', 'lollogianni']"
5,233,135,9,8,"['misso.1711001', 's278189', 'andrea.margaira', 'lucaturco', 'lulambertino', 'simopramo8', 'lmisso172', 'albi']",127,"['itamarco97', 'claudia.concaro', 'marcodesideriols', 'rocco.sorace98', 'helena.sguerrero25', 'andrealamberti5e', 'alessandrogasperoni', 'camsod', 'edobeduglio', 'matteop97', 'massimilianom', 'giovanni.chiappetto', 'alfonsogdr', 'ele95.ed', 'fedgiraldo', 's280259', 'fradecandia', 'irina1204', 'francescosuperchi', 'francescavalli', 'giorgio.rivero', 'miguel.depascual', 'albipobbe', 'massimiliano3596', 'fabiomargaria', 's276023', 'danielepalamara', 'eliseo94', 'edoardorossi', 'enricocolore97', 'clo.concaro', 'ariannarolando', 'francesca23', 'francesco.giuseppe.lefosse', 'abellelli09', 'porcelliadamo', 'lorenzo.santini', 'gianmarco.lorenti', 'daniele.ferrara.95', 'vero.alessandro95', 'andreamoglianesi', 'ludovica.cortoni', 'conte0897', 'albevargiu0', 'francesco97', 'cecilia96', 'mariella.provenz', 'hafsasiddiqi', 'lucamala97', 'matteoschiavone', 'giulla97', 'aounqureshi', 'francesco.alagna97', 'pietroquaglia', 'lucabarotto', 'galileopardi536', 'martina.dattesi', 'andrealagrasta95', 'abdallahyousif', 'vittoriogrossi.11', 'stefaniavalenza', 'grimaldialberto97', 's269903', 'francescopetrosino', 'simonape', 'silvia.dimatteo62', 's278949', 'daniele.perrot14', 'pietro.ognibene94', 'paola.d.campli', 'mattecer', 'turin', 'amedeo.testori96', 'marcobosco22', 'fedegalla1996', 'gabriele', 'salvatorecutrale94', 'valeria_', 'filipporacanella', 'stefanopalmieri96', 'leoca', 'lom271211', 'ilaria_tagliaferri', 'andrea97', 'carlo.donofrio26', 'giovanni0507', 'arneodo.luca', 'giorgiabove', 's279739', 'damianopalazzolo', 'flavioguida97', 'leo.erika.5', 'adeletaramasso20', 'camifassio97', 'elenagerbino', 'polacco.raffaele', 'martagottardello19', 'gabrymarro97', 'ciccullomanuel', 'lorenzo.oberti.96', 'noe.giachi', 'angelopettigiani', 'andrea.falco', 'alessandroredrouge', 'energeticipolito2020', 'andreacalzo97', 'riccardo96ronco', 'giuseppesassone96', 'ibrahimt', 'dolivaw05', 'simone.filippi', 'francescagrillo', 'riccasuso', 'giuseppepolito', 'federicopuleo', 'enricagarello', 'ema.dargenzio', 'ivan.milan96', 'lau19', 'gabriele97', 'pierluigiciasullo', 'giacomotelesca1997', 'lorenzo_bramante', 'francescoarena', 'cafi', 'vitov', 'lollogianni']",1,['matteo.fasano'],136,"['itamarco97', 'claudia.concaro', 'andrea.margaira', 'marcodesideriols', 'rocco.sorace98', 'helena.sguerrero25', 'andrealamberti5e', 'alessandrogasperoni', 'matteo.fasano', 'misso.1711001', 'camsod', 'edobeduglio', 'matteop97', 'massimilianom', 'giovanni.chiappetto', 'alfonsogdr', 'ele95.ed', 'fedgiraldo', 's280259', 'fradecandia', 'irina1204', 'francescosuperchi', 'francescavalli', 'albi', 'giorgio.rivero', 'miguel.depascual', 'albipobbe', 'massimiliano3596', 'fabiomargaria', 's278189', 's276023', 'danielepalamara', 'eliseo94', 'edoardorossi', 'enricocolore97', 'clo.concaro', 'ariannarolando', 'francesca23', 'francesco.giuseppe.lefosse', 'abellelli09', 'porcelliadamo', 'lorenzo.santini', 'gianmarco.lorenti', 'daniele.ferrara.95', 'vero.alessandro95', 'andreamoglianesi', 'ludovica.cortoni', 'conte0897', 'albevargiu0', 'francesco97', 'cecilia96', 'mariella.provenz', 'hafsasiddiqi', 'lucamala97', 'matteoschiavone', 'giulla97', 'aounqureshi', 'lulambertino', 'francesco.alagna97', 'pietroquaglia', 'lucabarotto', 'galileopardi536', 'martina.dattesi', 'andrealagrasta95', 'abdallahyousif', 'vittoriogrossi.11', 'stefaniavalenza', 'grimaldialberto97', 's269903', 'francescopetrosino', 'simonape', 'silvia.dimatteo62', 's278949', 'daniele.perrot14', 'pietro.ognibene94', 'paola.d.campli', 'mattecer', 'turin', 'lucaturco', 'amedeo.testori96', 'marcobosco22', 'fedegalla1996', 'gabriele', 'lmisso172', 'salvatorecutrale94', 'valeria_', 'filipporacanella', 'stefanopalmieri96', 'leoca', 'lom271211', 'ilaria_tagliaferri', 'andrea97', 'carlo.donofrio26', 'giovanni0507', 'arneodo.luca', 'giorgiabove', 's279739', 'damianopalazzolo', 'flavioguida97', 'leo.erika.5', 'adeletaramasso20', 'camifassio97', 'elenagerbino', 'polacco.raffaele', 'martagottardello19', 'gabrymarro97', 'ciccullomanuel', 'lorenzo.oberti.96', 'noe.giachi', 'angelopettigiani', 'andrea.falco', 'alessandroredrouge', 'energeticipolito2020', 'andreacalzo97', 'riccardo96ronco', 'giuseppesassone96', 'ibrahimt', 'dolivaw05', 'simone.filippi', 'francescagrillo', 'riccasuso', 'giuseppepolito', 'federicopuleo', 'enricagarello', 'ema.dargenzio', 'ivan.milan96', 'lau19', 'gabriele97', 'pierluigiciasullo', 'giacomotelesca1997', 'lorenzo_bramante', 'francescoarena', 'simopramo8', 'cafi', 'vitov', 'lollogianni']"
5,232,135,7,7,"['daniele.perrot14', 'simonape', 'silvia.dimatteo62', 'eliseo94', 'lucamala97', 'ibrahimt', 'elenagerbino']",128,"['itamarco97', 'claudia.concaro', 'andrea.margaira', 'marcodesideriols', 'rocco.sorace98', 'helena.sguerrero25', 'andrealamberti5e', 'alessandrogasperoni', 'misso.1711001', 'camsod', 'edobeduglio', 'matteop97', 'massimilianom', 'giovanni.chiappetto', 'alfonsogdr', 'ele95.ed', 'fedgiraldo', 's280259', 'fradecandia', 'irina1204', 'francescosuperchi', 'francescavalli', 'albi', 'giorgio.rivero', 'miguel.depascual', 'albipobbe', 'massimiliano3596', 'fabiomargaria', 's278189', 's276023', 'danielepalamara', 'edoardorossi', 'enricocolore97', 'clo.concaro', 'ariannarolando', 'francesca23', 'francesco.giuseppe.lefosse', 'abellelli09', 'porcelliadamo', 'lorenzo.santini', 'gianmarco.lorenti', 'daniele.ferrara.95', 'vero.alessandro95', 'andreamoglianesi', 'ludovica.cortoni', 'conte0897', 'albevargiu0', 'francesco97', 'cecilia96', 'mariella.provenz', 'hafsasiddiqi', 'matteoschiavone', 'giulla97', 'aounqureshi', 'lulambertino', 'francesco.alagna97', 'pietroquaglia', 'lucabarotto', 'galileopardi536', 'martina.dattesi', 'andrealagrasta95', 'abdallahyousif', 'vittoriogrossi.11', 'stefaniavalenza', 'grimaldialberto97', 's269903', 'francescopetrosino', 's278949', 'pietro.ognibene94', 'paola.d.campli', 'mattecer', 'turin', 'lucaturco', 'amedeo.testori96', 'marcobosco22', 'fedegalla1996', 'gabriele', 'lmisso172', 'salvatorecutrale94', 'valeria_', 'filipporacanella', 'stefanopalmieri96', 'leoca', 'lom271211', 'ilaria_tagliaferri', 'andrea97', 'carlo.donofrio26', 'giovanni0507', 'arneodo.luca', 'giorgiabove', 's279739', 'damianopalazzolo', 'flavioguida97', 'leo.erika.5', 'adeletaramasso20', 'camifassio97', 'polacco.raffaele', 'martagottardello19', 'gabrymarro97', 'ciccullomanuel', 'lorenzo.oberti.96', 'noe.giachi', 'angelopettigiani', 'andrea.falco', 'alessandroredrouge', 'energeticipolito2020', 'andreacalzo97', 'riccardo96ronco', 'giuseppesassone96', 'dolivaw05', 'simone.filippi', 'francescagrillo', 'riccasuso', 'giuseppepolito', 'federicopuleo', 'enricagarello', 'ema.dargenzio', 'ivan.milan96', 'lau19', 'gabriele97', 'pierluigiciasullo', 'giacomotelesca1997', 'lorenzo_bramante', 'francescoarena', 'simopramo8', 'cafi', 'vitov', 'lollogianni']",0,[],135,"['itamarco97', 'claudia.concaro', 'andrea.margaira', 'marcodesideriols', 'rocco.sorace98', 'helena.sguerrero25', 'andrealamberti5e', 'alessandrogasperoni', 'misso.1711001', 'camsod', 'edobeduglio', 'matteop97', 'massimilianom', 'giovanni.chiappetto', 'alfonsogdr', 'ele95.ed', 'fedgiraldo', 's280259', 'fradecandia', 'irina1204', 'francescosuperchi', 'francescavalli', 'albi', 'giorgio.rivero', 'miguel.depascual', 'albipobbe', 'massimiliano3596', 'fabiomargaria', 's278189', 's276023', 'danielepalamara', 'eliseo94', 'edoardorossi', 'enricocolore97', 'clo.concaro', 'ariannarolando', 'francesca23', 'francesco.giuseppe.lefosse', 'abellelli09', 'porcelliadamo', 'lorenzo.santini', 'gianmarco.lorenti', 'daniele.ferrara.95', 'vero.alessandro95', 'andreamoglianesi', 'ludovica.cortoni', 'conte0897', 'albevargiu0', 'francesco97', 'cecilia96', 'mariella.provenz', 'hafsasiddiqi', 'lucamala97', 'matteoschiavone', 'giulla97', 'aounqureshi', 'lulambertino', 'francesco.alagna97', 'pietroquaglia', 'lucabarotto', 'galileopardi536', 'martina.dattesi', 'andrealagrasta95', 'abdallahyousif', 'vittoriogrossi.11', 'stefaniavalenza', 'grimaldialberto97', 's269903', 'francescopetrosino', 'simonape', 'silvia.dimatteo62', 's278949', 'daniele.perrot14', 'pietro.ognibene94', 'paola.d.campli', 'mattecer', 'turin', 'lucaturco', 'amedeo.testori96', 'marcobosco22', 'fedegalla1996', 'gabriele', 'lmisso172', 'salvatorecutrale94', 'valeria_', 'filipporacanella', 'stefanopalmieri96', 'leoca', 'lom271211', 'ilaria_tagliaferri', 'andrea97', 'carlo.donofrio26', 'giovanni0507', 'arneodo.luca', 'giorgiabove', 's279739', 'damianopalazzolo', 'flavioguida97', 'leo.erika.5', 'adeletaramasso20', 'camifassio97', 'elenagerbino', 'polacco.raffaele', 'martagottardello19', 'gabrymarro97', 'ciccullomanuel', 'lorenzo.oberti.96', 'noe.giachi', 'angelopettigiani', 'andrea.falco', 'alessandroredrouge', 'energeticipolito2020', 'andreacalzo97', 'riccardo96ronco', 'giuseppesassone96', 'ibrahimt', 'dolivaw05', 'simone.filippi', 'francescagrillo', 'riccasuso', 'giuseppepolito', 'federicopuleo', 'enricagarello', 'ema.dargenzio', 'ivan.milan96', 'lau19', 'gabriele97', 'pierluigiciasullo', 'giacomotelesca1997', 'lorenzo_bramante', 'francescoarena', 'simopramo8', 'cafi', 'vitov', 'lollogianni']"
5,234,135,6,5,"['s278189', 'andrea.margaira', 'lucaturco', 'andrealamberti5e', 'francesca23']",130,"['itamarco97', 'claudia.concaro', 'marcodesideriols', 'rocco.sorace98', 'helena.sguerrero25', 'alessandrogasperoni', 'misso.1711001', 'camsod', 'edobeduglio', 'matteop97', 'massimilianom', 'giovanni.chiappetto', 'alfonsogdr', 'ele95.ed', 'fedgiraldo', 's280259', 'fradecandia', 'irina1204', 'francescosuperchi', 'francescavalli', 'albi', 'giorgio.rivero', 'miguel.depascual', 'albipobbe', 'massimiliano3596', 'fabiomargaria', 's276023', 'danielepalamara', 'eliseo94', 'edoardorossi', 'enricocolore97', 'clo.concaro', 'ariannarolando', 'francesco.giuseppe.lefosse', 'abellelli09', 'porcelliadamo', 'lorenzo.santini', 'gianmarco.lorenti', 'daniele.ferrara.95', 'vero.alessandro95', 'andreamoglianesi', 'ludovica.cortoni', 'conte0897', 'albevargiu0', 'francesco97', 'cecilia96', 'mariella.provenz', 'hafsasiddiqi', 'lucamala97', 'matteoschiavone', 'giulla97', 'aounqureshi', 'lulambertino', 'francesco.alagna97', 'pietroquaglia', 'lucabarotto', 'galileopardi536', 'martina.dattesi', 'andrealagrasta95', 'abdallahyousif', 'vittoriogrossi.11', 'stefaniavalenza', 'grimaldialberto97', 's269903', 'francescopetrosino', 'simonape', 'silvia.dimatteo62', 's278949', 'daniele.perrot14', 'pietro.ognibene94', 'paola.d.campli', 'mattecer', 'turin', 'amedeo.testori96', 'marcobosco22', 'fedegalla1996', 'gabriele', 'lmisso172', 'salvatorecutrale94', 'valeria_', 'filipporacanella', 'stefanopalmieri96', 'leoca', 'lom271211', 'ilaria_tagliaferri', 'andrea97', 'carlo.donofrio26', 'giovanni0507', 'arneodo.luca', 'giorgiabove', 's279739', 'damianopalazzolo', 'flavioguida97', 'leo.erika.5', 'adeletaramasso20', 'camifassio97', 'elenagerbino', 'polacco.raffaele', 'martagottardello19', 'gabrymarro97', 'ciccullomanuel', 'lorenzo.oberti.96', 'noe.giachi', 'angelopettigiani', 'andrea.falco', 'alessandroredrouge', 'energeticipolito2020', 'andreacalzo97', 'riccardo96ronco', 'giuseppesassone96', 'ibrahimt', 'dolivaw05', 'simone.filippi', 'francescagrillo', 'riccasuso', 'giuseppepolito', 'federicopuleo', 'enricagarello', 'ema.dargenzio', 'ivan.milan96', 'lau19', 'gabriele97', 'pierluigiciasullo', 'giacomotelesca1997', 'lorenzo_bramante', 'francescoarena', 'simopramo8', 'cafi', 'vitov', 'lollogianni']",1,['matteo.fasano'],136,"['itamarco97', 'claudia.concaro', 'andrea.margaira', 'marcodesideriols', 'rocco.sorace98', 'helena.sguerrero25', 'andrealamberti5e', 'alessandrogasperoni', 'matteo.fasano', 'misso.1711001', 'camsod', 'edobeduglio', 'matteop97', 'massimilianom', 'giovanni.chiappetto', 'alfonsogdr', 'ele95.ed', 'fedgiraldo', 's280259', 'fradecandia', 'irina1204', 'francescosuperchi', 'francescavalli', 'albi', 'giorgio.rivero', 'miguel.depascual', 'albipobbe', 'massimiliano3596', 'fabiomargaria', 's278189', 's276023', 'danielepalamara', 'eliseo94', 'edoardorossi', 'enricocolore97', 'clo.concaro', 'ariannarolando', 'francesca23', 'francesco.giuseppe.lefosse', 'abellelli09', 'porcelliadamo', 'lorenzo.santini', 'gianmarco.lorenti', 'daniele.ferrara.95', 'vero.alessandro95', 'andreamoglianesi', 'ludovica.cortoni', 'conte0897', 'albevargiu0', 'francesco97', 'cecilia96', 'mariella.provenz', 'hafsasiddiqi', 'lucamala97', 'matteoschiavone', 'giulla97', 'aounqureshi', 'lulambertino', 'francesco.alagna97', 'pietroquaglia', 'lucabarotto', 'galileopardi536', 'martina.dattesi', 'andrealagrasta95', 'abdallahyousif', 'vittoriogrossi.11', 'stefaniavalenza', 'grimaldialberto97', 's269903', 'francescopetrosino', 'simonape', 'silvia.dimatteo62', 's278949', 'daniele.perrot14', 'pietro.ognibene94', 'paola.d.campli', 'mattecer', 'turin', 'lucaturco', 'amedeo.testori96', 'marcobosco22', 'fedegalla1996', 'gabriele', 'lmisso172', 'salvatorecutrale94', 'valeria_', 'filipporacanella', 'stefanopalmieri96', 'leoca', 'lom271211', 'ilaria_tagliaferri', 'andrea97', 'carlo.donofrio26', 'giovanni0507', 'arneodo.luca', 'giorgiabove', 's279739', 'damianopalazzolo', 'flavioguida97', 'leo.erika.5', 'adeletaramasso20', 'camifassio97', 'elenagerbino', 'polacco.raffaele', 'martagottardello19', 'gabrymarro97', 'ciccullomanuel', 'lorenzo.oberti.96', 'noe.giachi', 'angelopettigiani', 'andrea.falco', 'alessandroredrouge', 'energeticipolito2020', 'andreacalzo97', 'riccardo96ronco', 'giuseppesassone96', 'ibrahimt', 'dolivaw05', 'simone.filippi', 'francescagrillo', 'riccasuso', 'giuseppepolito', 'federicopuleo', 'enricagarello', 'ema.dargenzio', 'ivan.milan96', 'lau19', 'gabriele97', 'pierluigiciasullo', 'giacomotelesca1997', 'lorenzo_bramante', 'francescoarena', 'simopramo8', 'cafi', 'vitov', 'lollogianni']"
6,205,131,270,5,"['gonserr', 'u0360918', 'gipes', 'taylordavis678', 'latourem']",126,"['gulsakadioglu', 'marianoroldan12', 'wendy01.02', 'isikk.alperen', 'u0973796', 'tylerqwong', 'agustaf', 'chaewoon07', 'u1190640', 'vejay25090', 'u0839673', 'michael.hany.mofeed', 'ismail.bikmazi', 'hcaslan7', 'halesz', 'u0916112', 'neil01', 'u0914596', 'mharis', 'khanoz', 'marco.ravaro', 'brian.burton93', 'u1246265', 'elec315s', 'u0825246', 'mcan.ozata', 'lioucasse38', 'kayusuf97', 'erickvfc', 'mustafaozer', 'u1119648', 'sherlock.ashrafi', 'u1129087', 'andresvl', 'burcakguner98', 'ahmedramzyha', 'u1131539', 'frenchmathew', 'jakecronin97', 'u1275153', 'engfersoy', 'salemvin25', 'u1142708', 'duldul', 'bnazkaymaz', 'yzhan224', 'u1097560', 'did', 'jadencoelho', 'nsener45', 'jfakidis', 'rozhansa', 'u0934438', 'youyouli', 'vogecap240', 'c841272', 'cd_bonamis', 'u1222263', 'dudeinblue1', 'robinss3', 'kieranlumb', 'jerryl1996', 'u0759716', 'u0903539', 'alexsey2001', 'abdulrahman.elmashed', 'nicolecam', 'olesya25', 'u0984834', 'thel0rd59', 'johngim1', 'yazan99', 'm.alix.foster', 'harry171717171', 'meowmurm', 'tasneemfatema123', 'aes_op', 'learner_shreya', 'liliyamerzlova777', 'kasimyasinozveren', 'nickbrowne', 'ortegaj2', 'remnantemmitt', 'saranya1992', 'u0813032', 'shaunmckellar', 'rudnev5530', 'u0540664', 'townleya', 'kutluhanucar1997', 'jseitz4', 'myst0406', 'ulkubaladin', 'shayakchakrabarti', 'u1020447', 'sambedry', 'brendonbk81', 'u1109386', 'u1208445', 'klechshevskaya', 'daanyaal.sobani', 'clay2of4', 'mimaamin28', 'u0304786', 'cagatayc06', 'j8', 'u0764878', 'tsuchinoko.ls', 'kronder77', 'brownb4', 'sabriagus26', 'jong', 'henrycran', 'emil96', 'apunch', 'mertcan.bayindir', 'robertlupoiu', 'u1073244', 'u1198840', 'u1008149', 'danartur99', 'daniellistudent', 'johnkm37', 'blus07', 'u0953149', 'u1172821']",265,"['samuelfl', 'thddpwls257', 'siyuezheng', 'ignaciomilani', 'aht47', 'uxiavelca', 'emt2', 'pablosande98', '5dustkd', 'zaubin42', 'beper53', 'adrianhochgesang', 'jrichman99', 'jenniferperez1', 'n3b3x', 'xogus102929', 'abal2474', 'xoangon', 'suyoneee', 'ghtlstnf7', 'itskatomall', 'danielcondetorres', 'koakhyunji', 'jesusgiraldez', 'lwang82', 'chvk4161', 'caetano.eirea', 'finnclements', 'dbeciri45', 'clara.landesa', 'lukebidulka', 'jlkirk', 'htj1104', 'tristram', 'yougyeongo', 'dish1498', 'juanjoseo', 'sukjunyeo', 'francike', 'hayejord', 'macks', 'estalin', 'nargene', 'danielm78', 'lhc33820933', 'nerwin', 'mcdonald.josh', 'franktib2', 'kirollos.morcos.km', 'm0650104.ee06g', 'alskdjfh6161', 'anamichelena', 'yjn3492', 'ezsamsuntung', 'josig2011', 'andreagcoto', 'coopjord', 'guillermocam', 'exareivaj', 'vandelei', 'bassel0elgharbawy0', 'u1285150', 'martinperezmaneiro', 'miguel_fernandez', 'u1201859', 'msubullies1', 'marniesan', 'manuel10suarez10', 'dale7283', 'juho4523', 'dldnals2020', 'mitchell.shields99', 'mmartinezsanchez', 'mocha7411', 'wodnjssnsk12', 'jn12su27', 'hjshook', 'mis5660', 'ziyue2', 'ohh99o9', 'socrat', 'ophelie10', 'rygr8576', 'dmeyer1998', 'shabnashreej', 'kunge0054', 'xoanmayo', 'sabintandukar', 'nshamsi', 'foojorge', 'zrm0001', 'doog9601', 'smdesrochers', 'dnlek12', 'mertyamanoglu', 'tpollei', 'alberto4', 'ye02', 'cjsxodnd12', 'yassminsabry', 'wjdekgus77', 'dbister', 'eogn1004', 'emilioar', 'b.isenberg', 'ekdms0894', 'naitix', 'bsusol2', 'genius_p', 'ylanbdr', 'sportmonkey584', 'kendalhiatt', 'cjs476', 'gekco', 'juansans98', 'isaac.dominguez4444', 'parkface94', 'johnlanghout', 'georgeckchen', 'e.pmcrespo', 'k66773659', 'rachel.blaydes', 'giacomo.munari.1', 'jmy0002', 'matthewleemle2', 'leesk4869', 'nes1011', 'pedro.julian', 'iflueck2', 'petercp2', 'vetterd', 'dariushkim', 'cbo3', 'palzmq', 'aia00001', 'giung0227', 'matthewdailey', 'jaephago', 'hyerim100600', 'byeolguri', 'jakubpepas', 'kepco2020a', 'mehdibandali', 'aanupam3', 'marcospascualin', 'reyda', 'qncowlf10', 'spazos', 'supernhtr', 'qwerty0637', 'boody456366', 'ghobashy445', 'axelbelgarde', 'marshallfrye', 'jasperdeconinck', 'cbnuleejinwoo', 'glevita2', 'raymondzhou227', 'foghel96', 'toast', 'sgu20151463', 'chohyundong12', 'eserafimbortolazzo', 'josedamiangarcianoya', 'jeandavid', 'fofi94', 'rohdej', 'graceml2', 'gcxmoffice1994', 'ryuhoin2002', 'piri940511', 'ludovick', 'qumo4329', 'corozco', 'b.benson', 'mikesnure', 'hancheyn', 'giacomo.bego', 'dorxlqmdkdlel', 'tnqls3409', 'philg', 'sooooooy314', 'rricardo0324', 'nakkulab', 'khfrum', 'blake.ballou08', 'jiaolh', 'rhrna007', 'carlosvigo1997', 'student1000', 'tmdorsey', 'cicalesej', 'sumintnals', 'pichoncillo1', 'hyerim1006000', 'jboniuk98', 'jdanivc', 'ardisch123', 'andrea.oldham97', 'dangover94', 'therahuul', 'rbb0001', 'cmoauro2', 'navya.k.shastri', 'sallysong683', 'mtanzi', 'chzh1341', 'daniel.robin22', 'iagomillanentenza', '123whdxor', 'aloptor', 'sschneider874', 'kesu1234', 'dhkswk96', 'eunice98k', 'jonathan.balent', 'lidiadom', 'soddi1621', 'u1121281', 'junzed2', 'mattmattmerrill', 'logankraus', 'zlapvmf', 'sherwmit', 'jedelkind0117', 'bbatuhanbilecen', 'anstjd1542', 'anais3', 'mauro_sg', 'anstpdlffj3', 'ana.rmteo', 'adp5383', 'titanking231', 'bw02203', 'bobbimatheson', 'martinzapatamartinez', 'ganaaa12a', 'antonio25', 'tjtks4730', 'alw0039', 'bha00001', 'chdu6864', 'pablocl', 'yoonek6719', 'jhryu1994', 'thomas.poulin', 'ybso1566', 'u0543041', 'idargu90', 'antoramp', 'kyserch', 'qottkf6194', 'lsj4677', 'myez', 'rachelgjohnson', 'hellbomber101', 'yoojeong9925', 'declanb', 'immmin6677', 'xfiles', 'tonni1912', 'hs960531', 'qkslqksl951', 'roychoudhuryaditya2019', 'rsp79']",396,"['marianoroldan12', 'gulsakadioglu', 'thddpwls257', 'siyuezheng', 'u0973796', 'tylerqwong', 'agustaf', 'emt2', 'zaubin42', 'beper53', 'adrianhochgesang', 'jrichman99', 'abal2474', 'xoangon', 'xogus102929', 'vejay25090', 'ghtlstnf7', 'itskatomall', 'danielcondetorres', 'koakhyunji', 'jesusgiraldez', 'lwang82', 'caetano.eirea', 'finnclements', 'clara.landesa', 'latourem', 'lukebidulka', 'jlkirk', 'htj1104', 'yougyeongo', 'dish1498', 'hayejord', 'sukjunyeo', 'danielm78', 'estalin', 'lhc33820933', 'nerwin', 'hcaslan7', 'm0650104.ee06g', 'alskdjfh6161', 'anamichelena', 'u0916112', 'josig2011', 'andreagcoto', 'coopjord', 'guillermocam', 'marco.ravaro', 'martinperezmaneiro', 'miguel_fernandez', 'u1201859', 'msubullies1', 'u0825246', 'marniesan', 'kayusuf97', 'erickvfc', 'mitchell.shields99', 'mmartinezsanchez', 'u1119648', 'mis5660', 'ziyue2', 'ohh99o9', 'sherlock.ashrafi', 'u1129087', 'ophelie10', 'andresvl', 'shabnashreej', 'xoanmayo', 'u1142708', 'nshamsi', 'foojorge', 'zrm0001', 'doog9601', 'smdesrochers', 'taylordavis678', 'bnazkaymaz', 'tpollei', 'ye02', 'cjsxodnd12', 'wjdekgus77', 'nsener45', 'ekdms0894', 'naitix', 'sportmonkey584', 'kendalhiatt', 'cjs476', 'gekco', 'isaac.dominguez4444', 'e.pmcrespo', 'k66773659', 'giacomo.munari.1', 'pedro.julian', 'vogecap240', 'iflueck2', 'petercp2', 'dariushkim', 'cd_bonamis', 'aia00001', 'matthewdailey', 'kieranlumb', 'jerryl1996', 'hyerim100600', 'byeolguri', 'mehdibandali', 'aanupam3', 'marcospascualin', 'qncowlf10', 'spazos', 'supernhtr', 'abdulrahman.elmashed', 'nicolecam', 'jasperdeconinck', 'cbnuleejinwoo', 'glevita2', 'toast', 'u0984834', 'thel0rd59', 'chohyundong12', 'josedamiangarcianoya', 'jeandavid', 'rohdej', 'yazan99', 'm.alix.foster', 'gcxmoffice1994', 'ryuhoin2002', 'piri940511', 'ludovick', 'tnqls3409', 'giacomo.bego', 'meowmurm', 'tasneemfatema123', 'philg', 'rricardo0324', 'nakkulab', 'aes_op', 'liliyamerzlova777', 'blake.ballou08', 'nickbrowne', 'ortegaj2', 'saranya1992', 'u0813032', 'carlosvigo1997', 'cicalesej', 'sumintnals', 'kutluhanucar1997', 'townleya', 'jseitz4', 'jboniuk98', 'jdanivc', 'ardisch123', 'dangover94', 'navya.k.shastri', 'therahuul', 'shayakchakrabarti', 'u1020447', 'rbb0001', '123whdxor', 'daanyaal.sobani', 'aloptor', 'sschneider874', 'clay2of4', 'kesu1234', 'jonathan.balent', 'lidiadom', 'mimaamin28', 'junzed2', 'mattmattmerrill', 'logankraus', 'zlapvmf', 'sherwmit', 'bbatuhanbilecen', 'j8', 'anstjd1542', 'anais3', 'mauro_sg', 'ana.rmteo', 'u0764878', 'kronder77', 'adp5383', 'bobbimatheson', 'alw0039', 'antonio25', 'tjtks4730', 'bha00001', 'sabriagus26', 'jhryu1994', 'thomas.poulin', 'u0543041', 'robertlupoiu', 'antoramp', 'kyserch', 'lsj4677', 'rachelgjohnson', 'yoojeong9925', 'u1008149', 'immmin6677', 'daniellistudent', 'johnkm37', 'xfiles', 'tonni1912', 'hs960531', 'u1172821', 'ybso1566', 'roychoudhuryaditya2019', 'samuelfl', 'wendy01.02', 'isikk.alperen', 'ignaciomilani', 'aht47', 'uxiavelca', 'pablosande98', '5dustkd', 'chaewoon07', 'u1190640', 'jenniferperez1', 'n3b3x', 'suyoneee', 'u0839673', 'chvk4161', 'dbeciri45', 'michael.hany.mofeed', 'tristram', 'dorxlqmdkdlel', 'juanjoseo', 'gonserr', 'francike', 'macks', 'ismail.bikmazi', 'nargene', 'mcdonald.josh', 'franktib2', 'kirollos.morcos.km', 'halesz', 'neil01', 'yjn3492', 'ezsamsuntung', 'u0914596', 'mharis', 'khanoz', 'exareivaj', 'vandelei', 'bassel0elgharbawy0', 'u1285150', 'u0360918', 'brian.burton93', 'u1246265', 'elec315s', 'mcan.ozata', 'lioucasse38', 'manuel10suarez10', 'juho4523', 'dale7283', 'dldnals2020', 'mustafaozer', 'mocha7411', 'wodnjssnsk12', 'jn12su27', 'hjshook', 'socrat', 'rygr8576', 'dmeyer1998', 'burcakguner98', 'ahmedramzyha', 'u1131539', 'kunge0054', 'frenchmathew', 'jakecronin97', 'u1275153', 'engfersoy', 'salemvin25', 'sabintandukar', 'duldul', 'dnlek12', 'mertyamanoglu', 'yzhan224', 'u1097560', 'alberto4', 'yassminsabry', 'did', 'jadencoelho', 'dbister', 'eogn1004', 'emilioar', 'b.isenberg', 'gipes', 'jfakidis', 'bsusol2', 'genius_p', 'ylanbdr', 'rozhansa', 'juansans98', 'u0934438', 'youyouli', 'parkface94', 'johnlanghout', 'georgeckchen', 'rachel.blaydes', 'jmy0002', 'matthewleemle2', 'leesk4869', 'nes1011', 'vetterd', 'c841272', 'u1222263', 'cbo3', 'dudeinblue1', 'palzmq', 'giung0227', 'robinss3', 'jaephago', 'jakubpepas', 'u0759716', 'kepco2020a', 'u0903539', 'reyda', 'alexsey2001', 'qwerty0637', 'boody456366', 'ghobashy445', 'axelbelgarde', 'marshallfrye', 'olesya25', 'raymondzhou227', 'foghel96', 'sgu20151463', 'eserafimbortolazzo', 'johngim1', 'fofi94', 'graceml2', 'harry171717171', 'qumo4329', 'corozco', 'b.benson', 'mikesnure', 'hancheyn', 'sooooooy314', 'learner_shreya', 'khfrum', 'kasimyasinozveren', 'jiaolh', 'remnantemmitt', 'rhrna007', 'student1000', 'tmdorsey', 'shaunmckellar', 'rudnev5530', 'u0540664', 'pichoncillo1', 'myst0406', 'ulkubaladin', 'hyerim1006000', 'andrea.oldham97', 'mtanzi', 'sambedry', 'cmoauro2', 'sallysong683', 'brendonbk81', 'u1109386', 'chzh1341', 'u1208445', 'daniel.robin22', 'klechshevskaya', 'iagomillanentenza', 'dhkswk96', 'eunice98k', 'soddi1621', 'u1121281', 'jedelkind0117', 'u0304786', 'cagatayc06', 'anstpdlffj3', 'titanking231', 'tsuchinoko.ls', 'bw02203', 'martinzapatamartinez', 'ganaaa12a', 'chdu6864', 'brownb4', 'pablocl', 'yoonek6719', 'jong', 'henrycran', 'emil96', 'apunch', 'mertcan.bayindir', 'idargu90', 'qottkf6194', 'u1073244', 'u1198840', 'myez', 'hellbomber101', 'declanb', 'danartur99', 'blus07', 'u0953149', 'qkslqksl951', 'rsp79']"
6,187,131,45,29,"['shayakchakrabarti', 'marianoroldan12', 'sambedry', 'brendonbk81', 'tylerqwong', 'andresvl', 'daanyaal.sobani', 'jakecronin97', 'mimaamin28', 'nicolecam', 'johngim1', 'j8', 'yazan99', 'jadencoelho', 'tsuchinoko.ls', 'jfakidis', 'neil01', 'aes_op', 'rozhansa', 'apunch', 'youyouli', 'danartur99', 'vogecap240', 'elec315s', 'daniellistudent', 'johnkm37', 'cd_bonamis', 'kayusuf97', 'erickvfc']",102,"['gulsakadioglu', 'wendy01.02', 'isikk.alperen', 'u0973796', 'agustaf', 'chaewoon07', 'u1190640', 'vejay25090', 'u0839673', 'michael.hany.mofeed', 'latourem', 'gonserr', 'ismail.bikmazi', 'hcaslan7', 'halesz', 'u0916112', 'u0914596', 'mharis', 'khanoz', 'marco.ravaro', 'u0360918', 'brian.burton93', 'u1246265', 'u0825246', 'mcan.ozata', 'lioucasse38', 'mustafaozer', 'u1119648', 'sherlock.ashrafi', 'u1129087', 'burcakguner98', 'ahmedramzyha', 'u1131539', 'frenchmathew', 'u1275153', 'engfersoy', 'salemvin25', 'u1142708', 'duldul', 'taylordavis678', 'bnazkaymaz', 'yzhan224', 'u1097560', 'did', 'nsener45', 'gipes', 'u0934438', 'c841272', 'u1222263', 'dudeinblue1', 'robinss3', 'kieranlumb', 'jerryl1996', 'u0759716', 'u0903539', 'alexsey2001', 'abdulrahman.elmashed', 'olesya25', 'u0984834', 'thel0rd59', 'm.alix.foster', 'harry171717171', 'meowmurm', 'tasneemfatema123', 'learner_shreya', 'liliyamerzlova777', 'kasimyasinozveren', 'nickbrowne', 'ortegaj2', 'remnantemmitt', 'saranya1992', 'u0813032', 'shaunmckellar', 'rudnev5530', 'u0540664', 'townleya', 'kutluhanucar1997', 'jseitz4', 'myst0406', 'ulkubaladin', 'u1020447', 'u1109386', 'u1208445', 'klechshevskaya', 'clay2of4', 'u0304786', 'cagatayc06', 'u0764878', 'kronder77', 'brownb4', 'sabriagus26', 'jong', 'henrycran', 'emil96', 'mertcan.bayindir', 'robertlupoiu', 'u1073244', 'u1198840', 'u1008149', 'blus07', 'u0953149', 'u1172821']",16,"['therahuul', 'gcxmoffice1994', 'estalinalvarezalvarez', 'mitchellgg', 'sallysong683', 'estalin', 'georgeckchen', 'zkkazi99', 'tylervrd', 'csparkes', 'lingyiw9954', 'kirollos.morcos.km', 'killuaonizuka1999', 'matthewleemle2', 'cd_bon', 'eunice98k']",147,"['marianoroldan12', 'gulsakadioglu', 'mitchellgg', 'wendy01.02', 'isikk.alperen', 'tylervrd', 'csparkes', 'u0973796', 'tylerqwong', 'agustaf', 'chaewoon07', 'u1190640', 'vejay25090', 'u0839673', 'michael.hany.mofeed', 'latourem', 'cd_bon', 'gonserr', 'ismail.bikmazi', 'estalin', 'hcaslan7', 'kirollos.morcos.km', 'halesz', 'u0916112', 'neil01', 'u0914596', 'mharis', 'khanoz', 'marco.ravaro', 'u0360918', 'brian.burton93', 'u1246265', 'elec315s', 'u0825246', 'mcan.ozata', 'lioucasse38', 'kayusuf97', 'erickvfc', 'mustafaozer', 'u1119648', 'sherlock.ashrafi', 'u1129087', 'killuaonizuka1999', 'andresvl', 'burcakguner98', 'ahmedramzyha', 'u1131539', 'frenchmathew', 'jakecronin97', 'u1275153', 'engfersoy', 'salemvin25', 'u1142708', 'duldul', 'lingyiw9954', 'taylordavis678', 'bnazkaymaz', 'yzhan224', 'u1097560', 'did', 'jadencoelho', 'nsener45', 'gipes', 'jfakidis', 'rozhansa', 'u0934438', 'youyouli', 'georgeckchen', 'matthewleemle2', 'vogecap240', 'c841272', 'cd_bonamis', 'u1222263', 'dudeinblue1', 'robinss3', 'kieranlumb', 'jerryl1996', 'u0759716', 'u0903539', 'alexsey2001', 'abdulrahman.elmashed', 'nicolecam', 'olesya25', 'u0984834', 'thel0rd59', 'johngim1', 'yazan99', 'm.alix.foster', 'gcxmoffice1994', 'harry171717171', 'meowmurm', 'tasneemfatema123', 'aes_op', 'learner_shreya', 'liliyamerzlova777', 'kasimyasinozveren', 'nickbrowne', 'ortegaj2', 'remnantemmitt', 'saranya1992', 'u0813032', 'shaunmckellar', 'rudnev5530', 'u0540664', 'townleya', 'kutluhanucar1997', 'jseitz4', 'myst0406', 'ulkubaladin', 'therahuul', 'shayakchakrabarti', 'u1020447', 'sambedry', 'sallysong683', 'brendonbk81', 'u1109386', 'u1208445', 'klechshevskaya', 'daanyaal.sobani', 'clay2of4', 'eunice98k', 'mimaamin28', 'u0304786', 'cagatayc06', 'j8', 'u0764878', 'tsuchinoko.ls', 'kronder77', 'estalinalvarezalvarez', 'brownb4', 'sabriagus26', 'jong', 'henrycran', 'emil96', 'apunch', 'mertcan.bayindir', 'robertlupoiu', 'u1073244', 'u1198840', 'zkkazi99', 'u1008149', 'danartur99', 'daniellistudent', 'johnkm37', 'blus07', 'u0953149', 'u1172821']"
6,209,131,34,30,"['u1119648', 'u1020447', 'u0759716', 'agustaf', 'u1129087', 'u1208445', 'u1190640', 'u1275153', 'u0839673', 'u1142708', 'u0984834', 'u0304786', 'u1097560', 'harry171717171', 'u0916112', 'henrycran', 'mharis', 'u0914596', 'u0934438', 'dudeinblue1', 'remnantemmitt', 'u1073244', 'u1198840', 'u0813032', 'brian.burton93', 'shaunmckellar', 'u0540664', 'u0953149', 'u1222263', 'u1172821']",101,"['gulsakadioglu', 'marianoroldan12', 'wendy01.02', 'isikk.alperen', 'u0973796', 'tylerqwong', 'chaewoon07', 'vejay25090', 'michael.hany.mofeed', 'latourem', 'gonserr', 'ismail.bikmazi', 'hcaslan7', 'halesz', 'neil01', 'khanoz', 'marco.ravaro', 'u0360918', 'u1246265', 'elec315s', 'u0825246', 'mcan.ozata', 'lioucasse38', 'kayusuf97', 'erickvfc', 'mustafaozer', 'sherlock.ashrafi', 'andresvl', 'burcakguner98', 'ahmedramzyha', 'u1131539', 'frenchmathew', 'jakecronin97', 'engfersoy', 'salemvin25', 'duldul', 'taylordavis678', 'bnazkaymaz', 'yzhan224', 'did', 'jadencoelho', 'nsener45', 'gipes', 'jfakidis', 'rozhansa', 'youyouli', 'vogecap240', 'c841272', 'cd_bonamis', 'robinss3', 'kieranlumb', 'jerryl1996', 'u0903539', 'alexsey2001', 'abdulrahman.elmashed', 'nicolecam', 'olesya25', 'thel0rd59', 'johngim1', 'yazan99', 'm.alix.foster', 'meowmurm', 'tasneemfatema123', 'aes_op', 'learner_shreya', 'liliyamerzlova777', 'kasimyasinozveren', 'nickbrowne', 'ortegaj2', 'saranya1992', 'rudnev5530', 'kutluhanucar1997', 'townleya', 'jseitz4', 'myst0406', 'ulkubaladin', 'shayakchakrabarti', 'sambedry', 'brendonbk81', 'u1109386', 'klechshevskaya', 'daanyaal.sobani', 'clay2of4', 'mimaamin28', 'cagatayc06', 'j8', 'u0764878', 'tsuchinoko.ls', 'kronder77', 'brownb4', 'sabriagus26', 'jong', 'mertcan.bayindir', 'emil96', 'apunch', 'robertlupoiu', 'u1008149', 'danartur99', 'daniellistudent', 'johnkm37', 'blus07']",4,"['u1114754', 'matthewdailey', 'u1121281', 'u0543041']",135,"['marianoroldan12', 'gulsakadioglu', 'wendy01.02', 'isikk.alperen', 'u0973796', 'tylerqwong', 'agustaf', 'chaewoon07', 'u1190640', 'vejay25090', 'u0839673', 'michael.hany.mofeed', 'latourem', 'gonserr', 'ismail.bikmazi', 'hcaslan7', 'halesz', 'u0916112', 'neil01', 'u0914596', 'mharis', 'khanoz', 'marco.ravaro', 'u0360918', 'brian.burton93', 'u1246265', 'elec315s', 'u0825246', 'mcan.ozata', 'lioucasse38', 'kayusuf97', 'erickvfc', 'mustafaozer', 'u1119648', 'sherlock.ashrafi', 'u1129087', 'andresvl', 'burcakguner98', 'ahmedramzyha', 'u1131539', 'frenchmathew', 'jakecronin97', 'u1275153', 'engfersoy', 'salemvin25', 'u1142708', 'duldul', 'taylordavis678', 'bnazkaymaz', 'yzhan224', 'u1097560', 'did', 'jadencoelho', 'nsener45', 'gipes', 'jfakidis', 'rozhansa', 'u0934438', 'youyouli', 'vogecap240', 'c841272', 'cd_bonamis', 'u1222263', 'dudeinblue1', 'matthewdailey', 'robinss3', 'kieranlumb', 'jerryl1996', 'u0759716', 'u0903539', 'alexsey2001', 'u1114754', 'abdulrahman.elmashed', 'nicolecam', 'olesya25', 'u0984834', 'thel0rd59', 'johngim1', 'yazan99', 'm.alix.foster', 'harry171717171', 'meowmurm', 'tasneemfatema123', 'aes_op', 'learner_shreya', 'liliyamerzlova777', 'kasimyasinozveren', 'nickbrowne', 'ortegaj2', 'remnantemmitt', 'saranya1992', 'u0813032', 'shaunmckellar', 'rudnev5530', 'u0540664', 'townleya', 'kutluhanucar1997', 'jseitz4', 'myst0406', 'ulkubaladin', 'shayakchakrabarti', 'u1020447', 'sambedry', 'brendonbk81', 'u1109386', 'u1208445', 'klechshevskaya', 'daanyaal.sobani', 'clay2of4', 'mimaamin28', 'u1121281', 'u0304786', 'cagatayc06', 'j8', 'u0764878', 'tsuchinoko.ls', 'kronder77', 'brownb4', 'sabriagus26', 'jong', 'henrycran', 'emil96', 'apunch', 'mertcan.bayindir', 'u0543041', 'robertlupoiu', 'u1073244', 'u1198840', 'u1008149', 'danartur99', 'daniellistudent', 'johnkm37', 'blus07', 'u0953149', 'u1172821']"
6,202,131,29,4,"['bnazkaymaz', 'mertcan.bayindir', 'ismail.bikmazi', 'mustafaozer']",127,"['marianoroldan12', 'gulsakadioglu', 'wendy01.02', 'isikk.alperen', 'u0973796', 'tylerqwong', 'agustaf', 'chaewoon07', 'u1190640', 'vejay25090', 'u0839673', 'michael.hany.mofeed', 'latourem', 'gonserr', 'hcaslan7', 'halesz', 'u0916112', 'neil01', 'u0914596', 'mharis', 'khanoz', 'marco.ravaro', 'u0360918', 'brian.burton93', 'u1246265', 'elec315s', 'u0825246', 'mcan.ozata', 'lioucasse38', 'kayusuf97', 'erickvfc', 'u1119648', 'sherlock.ashrafi', 'u1129087', 'andresvl', 'burcakguner98', 'ahmedramzyha', 'u1131539', 'frenchmathew', 'jakecronin97', 'u1275153', 'engfersoy', 'salemvin25', 'u1142708', 'duldul', 'taylordavis678', 'yzhan224', 'u1097560', 'did', 'jadencoelho', 'nsener45', 'gipes', 'jfakidis', 'rozhansa', 'u0934438', 'youyouli', 'vogecap240', 'c841272', 'cd_bonamis', 'u1222263', 'dudeinblue1', 'robinss3', 'kieranlumb', 'jerryl1996', 'u0759716', 'u0903539', 'alexsey2001', 'abdulrahman.elmashed', 'nicolecam', 'olesya25', 'u0984834', 'thel0rd59', 'johngim1', 'yazan99', 'm.alix.foster', 'harry171717171', 'meowmurm', 'tasneemfatema123', 'aes_op', 'learner_shreya', 'liliyamerzlova777', 'kasimyasinozveren', 'nickbrowne', 'ortegaj2', 'remnantemmitt', 'saranya1992', 'u0813032', 'shaunmckellar', 'rudnev5530', 'u0540664', 'townleya', 'kutluhanucar1997', 'jseitz4', 'myst0406', 'ulkubaladin', 'shayakchakrabarti', 'u1020447', 'sambedry', 'brendonbk81', 'u1109386', 'u1208445', 'klechshevskaya', 'daanyaal.sobani', 'clay2of4', 'mimaamin28', 'u0304786', 'cagatayc06', 'j8', 'u0764878', 'tsuchinoko.ls', 'kronder77', 'brownb4', 'sabriagus26', 'jong', 'henrycran', 'emil96', 'apunch', 'robertlupoiu', 'u1073244', 'u1198840', 'u1008149', 'danartur99', 'daniellistudent', 'johnkm37', 'blus07', 'u0953149', 'u1172821']",25,"['bozkurtyunusemre61', 'mstmst', 'eliffsu.koc', 'hga', 'hakkierkankygsz', 'kubra1234880', 'abusobit', 'sercankerpisci', 'm.emreoruc', 'fdirisaglik', 'sercankerpisci26', 'berkin1689', 'zhang389', 'sefakahriman77', 'osmanesat', 'jrspike', 'mohamed33', 'farhia33', 'emre.ibil', 'fanluzhang.au', 'georgeckchen', 'harundvc', 'mcychan', 'wellpast', 'gabriele.scarpiello']",156,"['marianoroldan12', 'gulsakadioglu', 'wendy01.02', 'isikk.alperen', 'u0973796', 'tylerqwong', 'agustaf', 'chaewoon07', 'u1190640', 'hga', 'kubra1234880', 'vejay25090', 'u0839673', 'michael.hany.mofeed', 'latourem', 'gonserr', 'ismail.bikmazi', 'zhang389', 'hcaslan7', 'halesz', 'u0916112', 'neil01', 'u0914596', 'mharis', 'khanoz', 'marco.ravaro', 'u0360918', 'brian.burton93', 'u1246265', 'elec315s', 'u0825246', 'mcan.ozata', 'lioucasse38', 'kayusuf97', 'erickvfc', 'mustafaozer', 'u1119648', 'bozkurtyunusemre61', 'eliffsu.koc', 'sherlock.ashrafi', 'u1129087', 'andresvl', 'burcakguner98', 'ahmedramzyha', 'u1131539', 'hakkierkankygsz', 'frenchmathew', 'jakecronin97', 'u1275153', 'engfersoy', 'salemvin25', 'u1142708', 'duldul', 'taylordavis678', 'bnazkaymaz', 'yzhan224', 'u1097560', 'm.emreoruc', 'did', 'jadencoelho', 'nsener45', 'berkin1689', 'gipes', 'jfakidis', 'sefakahriman77', 'jrspike', 'rozhansa', 'u0934438', 'fanluzhang.au', 'youyouli', 'georgeckchen', 'vogecap240', 'c841272', 'cd_bonamis', 'wellpast', 'u1222263', 'dudeinblue1', 'robinss3', 'mstmst', 'kieranlumb', 'jerryl1996', 'u0759716', 'u0903539', 'alexsey2001', 'abdulrahman.elmashed', 'nicolecam', 'olesya25', 'u0984834', 'thel0rd59', 'johngim1', 'yazan99', 'fdirisaglik', 'm.alix.foster', 'harry171717171', 'meowmurm', 'tasneemfatema123', 'mohamed33', 'aes_op', 'learner_shreya', 'liliyamerzlova777', 'farhia33', 'kasimyasinozveren', 'emre.ibil', 'nickbrowne', 'ortegaj2', 'remnantemmitt', 'saranya1992', 'u0813032', 'harundvc', 'mcychan', 'shaunmckellar', 'rudnev5530', 'u0540664', 'townleya', 'kutluhanucar1997', 'jseitz4', 'myst0406', 'ulkubaladin', 'shayakchakrabarti', 'u1020447', 'sambedry', 'brendonbk81', 'u1109386', 'u1208445', 'klechshevskaya', 'daanyaal.sobani', 'clay2of4', 'mimaamin28', 'u0304786', 'cagatayc06', 'j8', 'sercankerpisci', 'abusobit', 'u0764878', 'tsuchinoko.ls', 'kronder77', 'sercankerpisci26', 'osmanesat', 'brownb4', 'sabriagus26', 'jong', 'henrycran', 'emil96', 'apunch', 'mertcan.bayindir', 'robertlupoiu', 'u1073244', 'u1198840', 'u1008149', 'danartur99', 'daniellistudent', 'johnkm37', 'blus07', 'u0953149', 'u1172821', 'gabriele.scarpiello']"
6,203,131,28,16,"['engfersoy', 'gulsakadioglu', 'nsener45', 'kronder77', 'ismail.bikmazi', 'isikk.alperen', 'hcaslan7', 'duldul', 'kutluhanucar1997', 'thel0rd59', 'blus07', 'mcan.ozata', 'burcakguner98', 'bnazkaymaz', 'mertcan.bayindir', 'khanoz']",115,"['marianoroldan12', 'wendy01.02', 'u0973796', 'tylerqwong', 'agustaf', 'chaewoon07', 'u1190640', 'vejay25090', 'u0839673', 'michael.hany.mofeed', 'latourem', 'gonserr', 'halesz', 'u0916112', 'neil01', 'u0914596', 'mharis', 'marco.ravaro', 'u0360918', 'brian.burton93', 'u1246265', 'elec315s', 'u0825246', 'lioucasse38', 'kayusuf97', 'erickvfc', 'mustafaozer', 'u1119648', 'sherlock.ashrafi', 'u1129087', 'andresvl', 'ahmedramzyha', 'u1131539', 'frenchmathew', 'jakecronin97', 'u1275153', 'salemvin25', 'u1142708', 'taylordavis678', 'yzhan224', 'u1097560', 'did', 'jadencoelho', 'gipes', 'jfakidis', 'rozhansa', 'u0934438', 'youyouli', 'vogecap240', 'c841272', 'cd_bonamis', 'u1222263', 'dudeinblue1', 'robinss3', 'kieranlumb', 'jerryl1996', 'u0759716', 'u0903539', 'alexsey2001', 'abdulrahman.elmashed', 'nicolecam', 'olesya25', 'u0984834', 'johngim1', 'yazan99', 'm.alix.foster', 'harry171717171', 'meowmurm', 'tasneemfatema123', 'aes_op', 'learner_shreya', 'liliyamerzlova777', 'kasimyasinozveren', 'nickbrowne', 'ortegaj2', 'remnantemmitt', 'saranya1992', 'u0813032', 'shaunmckellar', 'rudnev5530', 'u0540664', 'townleya', 'jseitz4', 'myst0406', 'ulkubaladin', 'shayakchakrabarti', 'u1020447', 'sambedry', 'brendonbk81', 'u1109386', 'u1208445', 'klechshevskaya', 'daanyaal.sobani', 'clay2of4', 'mimaamin28', 'u0304786', 'cagatayc06', 'j8', 'u0764878', 'tsuchinoko.ls', 'brownb4', 'sabriagus26', 'jong', 'henrycran', 'emil96', 'apunch', 'robertlupoiu', 'u1073244', 'u1198840', 'u1008149', 'danartur99', 'daniellistudent', 'johnkm37', 'u0953149', 'u1172821']",12,"['bozkurtyunusemre61', 'raiserwarrior', 'muvafikmelikkaya', 'berkin1689', 'sefakahriman77', '1998fuci', 'engin_ulgerr', 'varansamet', 'hga', 'hakkierkankygsz', 'farhia33', 'fdirisaglik']",143,"['marianoroldan12', 'gulsakadioglu', 'wendy01.02', 'isikk.alperen', 'u0973796', 'tylerqwong', 'agustaf', 'chaewoon07', 'u1190640', 'hga', 'vejay25090', 'u0839673', 'michael.hany.mofeed', 'latourem', 'gonserr', 'ismail.bikmazi', 'hcaslan7', 'halesz', 'varansamet', 'u0916112', 'neil01', 'u0914596', 'mharis', 'khanoz', 'marco.ravaro', 'u0360918', 'brian.burton93', 'u1246265', 'elec315s', 'u0825246', 'mcan.ozata', 'lioucasse38', 'kayusuf97', 'erickvfc', 'mustafaozer', 'u1119648', 'bozkurtyunusemre61', 'sherlock.ashrafi', 'u1129087', '1998fuci', 'andresvl', 'burcakguner98', 'ahmedramzyha', 'u1131539', 'hakkierkankygsz', 'frenchmathew', 'jakecronin97', 'u1275153', 'engfersoy', 'salemvin25', 'u1142708', 'duldul', 'taylordavis678', 'bnazkaymaz', 'yzhan224', 'u1097560', 'did', 'jadencoelho', 'nsener45', 'berkin1689', 'gipes', 'jfakidis', 'sefakahriman77', 'rozhansa', 'u0934438', 'youyouli', 'vogecap240', 'c841272', 'cd_bonamis', 'u1222263', 'dudeinblue1', 'robinss3', 'kieranlumb', 'jerryl1996', 'u0759716', 'u0903539', 'alexsey2001', 'abdulrahman.elmashed', 'nicolecam', 'olesya25', 'muvafikmelikkaya', 'u0984834', 'thel0rd59', 'johngim1', 'yazan99', 'fdirisaglik', 'm.alix.foster', 'harry171717171', 'meowmurm', 'tasneemfatema123', 'aes_op', 'learner_shreya', 'liliyamerzlova777', 'farhia33', 'kasimyasinozveren', 'nickbrowne', 'ortegaj2', 'remnantemmitt', 'saranya1992', 'u0813032', 'shaunmckellar', 'rudnev5530', 'u0540664', 'townleya', 'kutluhanucar1997', 'jseitz4', 'myst0406', 'ulkubaladin', 'shayakchakrabarti', 'u1020447', 'sambedry', 'raiserwarrior', 'brendonbk81', 'u1109386', 'u1208445', 'klechshevskaya', 'daanyaal.sobani', 'clay2of4', 'mimaamin28', 'u0304786', 'engin_ulgerr', 'cagatayc06', 'j8', 'u0764878', 'tsuchinoko.ls', 'kronder77', 'brownb4', 'sabriagus26', 'jong', 'henrycran', 'emil96', 'apunch', 'mertcan.bayindir', 'robertlupoiu', 'u1073244', 'u1198840', 'u1008149', 'danartur99', 'daniellistudent', 'johnkm37', 'blus07', 'u0953149', 'u1172821']"
6,185,131,11,5,"['sabriagus26', 'cagatayc06', 'burcakguner98', 'ulkubaladin', 'kasimyasinozveren']",126,"['marianoroldan12', 'gulsakadioglu', 'wendy01.02', 'isikk.alperen', 'u0973796', 'tylerqwong', 'agustaf', 'chaewoon07', 'u1190640', 'vejay25090', 'u0839673', 'michael.hany.mofeed', 'latourem', 'gonserr', 'ismail.bikmazi', 'hcaslan7', 'halesz', 'u0916112', 'neil01', 'u0914596', 'mharis', 'khanoz', 'marco.ravaro', 'u0360918', 'brian.burton93', 'u1246265', 'elec315s', 'u0825246', 'mcan.ozata', 'lioucasse38', 'kayusuf97', 'erickvfc', 'mustafaozer', 'u1119648', 'sherlock.ashrafi', 'u1129087', 'andresvl', 'ahmedramzyha', 'u1131539', 'frenchmathew', 'jakecronin97', 'u1275153', 'engfersoy', 'salemvin25', 'u1142708', 'duldul', 'taylordavis678', 'bnazkaymaz', 'yzhan224', 'u1097560', 'did', 'jadencoelho', 'nsener45', 'gipes', 'jfakidis', 'rozhansa', 'u0934438', 'youyouli', 'vogecap240', 'c841272', 'cd_bonamis', 'u1222263', 'dudeinblue1', 'robinss3', 'kieranlumb', 'jerryl1996', 'u0759716', 'u0903539', 'alexsey2001', 'abdulrahman.elmashed', 'nicolecam', 'olesya25', 'u0984834', 'thel0rd59', 'johngim1', 'yazan99', 'm.alix.foster', 'harry171717171', 'meowmurm', 'tasneemfatema123', 'aes_op', 'learner_shreya', 'liliyamerzlova777', 'nickbrowne', 'ortegaj2', 'remnantemmitt', 'saranya1992', 'u0813032', 'shaunmckellar', 'rudnev5530', 'u0540664', 'townleya', 'kutluhanucar1997', 'jseitz4', 'myst0406', 'shayakchakrabarti', 'u1020447', 'sambedry', 'brendonbk81', 'u1109386', 'u1208445', 'klechshevskaya', 'daanyaal.sobani', 'clay2of4', 'mimaamin28', 'u0304786', 'j8', 'u0764878', 'tsuchinoko.ls', 'kronder77', 'brownb4', 'jong', 'henrycran', 'emil96', 'apunch', 'mertcan.bayindir', 'robertlupoiu', 'u1073244', 'u1198840', 'u1008149', 'danartur99', 'daniellistudent', 'johnkm37', 'blus07', 'u0953149', 'u1172821']",6,"['raiserwarrior', 'mstmst', 'd.k.bozkurt', 'zfurkanyldz', 'samo92', 'o.erdogan5494']",137,"['marianoroldan12', 'gulsakadioglu', 'wendy01.02', 'isikk.alperen', 'u0973796', 'tylerqwong', 'agustaf', 'chaewoon07', 'u1190640', 'vejay25090', 'u0839673', 'michael.hany.mofeed', 'latourem', 'samo92', 'gonserr', 'ismail.bikmazi', 'hcaslan7', 'halesz', 'u0916112', 'neil01', 'u0914596', 'mharis', 'khanoz', 'marco.ravaro', 'u0360918', 'brian.burton93', 'u1246265', 'elec315s', 'u0825246', 'mcan.ozata', 'lioucasse38', 'kayusuf97', 'erickvfc', 'mustafaozer', 'u1119648', 'sherlock.ashrafi', 'u1129087', 'andresvl', 'burcakguner98', 'ahmedramzyha', 'u1131539', 'frenchmathew', 'jakecronin97', 'u1275153', 'engfersoy', 'salemvin25', 'u1142708', 'duldul', 'taylordavis678', 'bnazkaymaz', 'yzhan224', 'u1097560', 'did', 'jadencoelho', 'nsener45', 'gipes', 'jfakidis', 'rozhansa', 'u0934438', 'youyouli', 'vogecap240', 'c841272', 'cd_bonamis', 'u1222263', 'dudeinblue1', 'robinss3', 'mstmst', 'kieranlumb', 'jerryl1996', 'u0759716', 'u0903539', 'alexsey2001', 'abdulrahman.elmashed', 'nicolecam', 'olesya25', 'u0984834', 'thel0rd59', 'johngim1', 'yazan99', 'o.erdogan5494', 'm.alix.foster', 'harry171717171', 'meowmurm', 'tasneemfatema123', 'aes_op', 'learner_shreya', 'liliyamerzlova777', 'kasimyasinozveren', 'nickbrowne', 'ortegaj2', 'remnantemmitt', 'saranya1992', 'u0813032', 'shaunmckellar', 'rudnev5530', 'u0540664', 'townleya', 'kutluhanucar1997', 'jseitz4', 'myst0406', 'ulkubaladin', 'shayakchakrabarti', 'u1020447', 'sambedry', 'raiserwarrior', 'brendonbk81', 'u1109386', 'u1208445', 'klechshevskaya', 'daanyaal.sobani', 'zfurkanyldz', 'clay2of4', 'mimaamin28', 'u0304786', 'cagatayc06', 'j8', 'u0764878', 'tsuchinoko.ls', 'kronder77', 'd.k.bozkurt', 'brownb4', 'sabriagus26', 'jong', 'henrycran', 'emil96', 'apunch', 'mertcan.bayindir', 'robertlupoiu', 'u1073244', 'u1198840', 'u1008149', 'danartur99', 'daniellistudent', 'johnkm37', 'blus07', 'u0953149', 'u1172821']"
6,206,131,7,3,"['brownb4', 'gonserr', 'latourem']",128,"['marianoroldan12', 'gulsakadioglu', 'wendy01.02', 'isikk.alperen', 'u0973796', 'tylerqwong', 'agustaf', 'chaewoon07', 'u1190640', 'vejay25090', 'u0839673', 'michael.hany.mofeed', 'ismail.bikmazi', 'hcaslan7', 'halesz', 'u0916112', 'neil01', 'u0914596', 'mharis', 'khanoz', 'marco.ravaro', 'u0360918', 'brian.burton93', 'u1246265', 'elec315s', 'u0825246', 'mcan.ozata', 'lioucasse38', 'kayusuf97', 'erickvfc', 'mustafaozer', 'u1119648', 'sherlock.ashrafi', 'u1129087', 'andresvl', 'burcakguner98', 'ahmedramzyha', 'u1131539', 'frenchmathew', 'jakecronin97', 'u1275153', 'engfersoy', 'salemvin25', 'u1142708', 'duldul', 'taylordavis678', 'bnazkaymaz', 'yzhan224', 'u1097560', 'did', 'jadencoelho', 'nsener45', 'gipes', 'jfakidis', 'rozhansa', 'u0934438', 'youyouli', 'vogecap240', 'c841272', 'cd_bonamis', 'u1222263', 'dudeinblue1', 'robinss3', 'kieranlumb', 'jerryl1996', 'u0759716', 'u0903539', 'alexsey2001', 'abdulrahman.elmashed', 'nicolecam', 'olesya25', 'u0984834', 'thel0rd59', 'johngim1', 'yazan99', 'm.alix.foster', 'harry171717171', 'meowmurm', 'tasneemfatema123', 'aes_op', 'learner_shreya', 'liliyamerzlova777', 'kasimyasinozveren', 'nickbrowne', 'ortegaj2', 'remnantemmitt', 'saranya1992', 'u0813032', 'shaunmckellar', 'rudnev5530', 'u0540664', 'townleya', 'kutluhanucar1997', 'jseitz4', 'myst0406', 'ulkubaladin', 'shayakchakrabarti', 'u1020447', 'sambedry', 'brendonbk81', 'u1109386', 'u1208445', 'klechshevskaya', 'daanyaal.sobani', 'clay2of4', 'mimaamin28', 'u0304786', 'cagatayc06', 'j8', 'u0764878', 'tsuchinoko.ls', 'kronder77', 'sabriagus26', 'jong', 'henrycran', 'emil96', 'apunch', 'mertcan.bayindir', 'robertlupoiu', 'u1073244', 'u1198840', 'u1008149', 'danartur99', 'daniellistudent', 'johnkm37', 'blus07', 'u0953149', 'u1172821']",4,"['sherwmit', 'ludovick', 'rohdej', 'nakkulab']",135,"['marianoroldan12', 'gulsakadioglu', 'wendy01.02', 'isikk.alperen', 'u0973796', 'tylerqwong', 'agustaf', 'chaewoon07', 'u1190640', 'vejay25090', 'u0839673', 'michael.hany.mofeed', 'latourem', 'gonserr', 'ismail.bikmazi', 'hcaslan7', 'halesz', 'u0916112', 'neil01', 'u0914596', 'mharis', 'khanoz', 'marco.ravaro', 'u0360918', 'brian.burton93', 'u1246265', 'elec315s', 'u0825246', 'mcan.ozata', 'lioucasse38', 'kayusuf97', 'erickvfc', 'mustafaozer', 'u1119648', 'sherlock.ashrafi', 'u1129087', 'andresvl', 'burcakguner98', 'ahmedramzyha', 'u1131539', 'frenchmathew', 'jakecronin97', 'u1275153', 'engfersoy', 'salemvin25', 'u1142708', 'duldul', 'taylordavis678', 'bnazkaymaz', 'yzhan224', 'u1097560', 'did', 'jadencoelho', 'nsener45', 'gipes', 'jfakidis', 'rozhansa', 'u0934438', 'youyouli', 'vogecap240', 'c841272', 'cd_bonamis', 'u1222263', 'dudeinblue1', 'robinss3', 'kieranlumb', 'jerryl1996', 'u0759716', 'u0903539', 'alexsey2001', 'abdulrahman.elmashed', 'nicolecam', 'olesya25', 'u0984834', 'thel0rd59', 'johngim1', 'rohdej', 'yazan99', 'm.alix.foster', 'ludovick', 'harry171717171', 'meowmurm', 'tasneemfatema123', 'nakkulab', 'aes_op', 'learner_shreya', 'liliyamerzlova777', 'kasimyasinozveren', 'nickbrowne', 'ortegaj2', 'remnantemmitt', 'saranya1992', 'u0813032', 'shaunmckellar', 'rudnev5530', 'u0540664', 'townleya', 'kutluhanucar1997', 'jseitz4', 'myst0406', 'ulkubaladin', 'shayakchakrabarti', 'u1020447', 'sambedry', 'brendonbk81', 'u1109386', 'u1208445', 'klechshevskaya', 'daanyaal.sobani', 'clay2of4', 'mimaamin28', 'sherwmit', 'u0304786', 'cagatayc06', 'j8', 'u0764878', 'tsuchinoko.ls', 'kronder77', 'brownb4', 'sabriagus26', 'jong', 'henrycran', 'emil96', 'apunch', 'mertcan.bayindir', 'robertlupoiu', 'u1073244', 'u1198840', 'u1008149', 'danartur99', 'daniellistudent', 'johnkm37', 'blus07', 'u0953149', 'u1172821']"
7,221,117,122,113,"['a76002779', 'ja3ngx', 'wlgmlwkd34', 'dlwovy2020', 'a01035377113', 'elwkdnjs96', 'comewis', 'jeongdaeun1203', 'johnlee3140', 'lakgh123', 'kda1100', 'qaz16720511', 'dudwls9436', 'jcg40626038', 'pjm9725', 'jmleeh2', 'gksmf0543', 'chozza58', 'tkdgus893', 'tjdrnr0616', 'jisu990613', 'vincentajs', 'rabbit9327', 'sjh6224', 'wjdwodhks18', 'tjseodk', 'wjdckgml99', 'ljb6469', 'limkh4921', 'ssomda', 'gundam602', 'juyeon1998', 'toma746', 'uuhgyfv', 'kyouyoung722', 'ppddgg1358', 'jsp1219', 'garumon123', 'leesangjun', 'wldud0869', 'eunju99615', 'jsub9753', 'yhj971210', 'jongchul1992', 'dpdldptm2562', 'gmlwls0855', 'kgmghks', 'choiboeun8189', 'tjseodkr', 'mike621', 'dbtpfk0820', 'junseok424', 'gwjubu', 'starrycity1234', 'zerotae4758', 'heoygi4921', 'minhwanjeon0410', 'alsrud5976', 'kong96', 'rkdgus1977', 'jy0314jy', 'tjdrnr06165098', 'wnsdud3965', 'alsdn9709', 'dkdkcjy777', 'pellucid3030', 'wsji9404', 'wjlee0510', 'gayeong0099', 'lwaouora', 'uk051317', 'yjjch118', 'dudwls94367', 'didalf017', 'sksvotm98', 'soeun1841', 'kyu3699', 'seoyeon5754', 'yunie9853', 'guseocjf1234', 'cktmdrb1638', 'dltnghdpp', 'dldbsrl1811', 'leeyj0515', 'sbp5168', 'leehyemin', 'ktw1305', 'eocjsaudrla', 'wlsgydl22', 'cksrb7334', 'sehyung', 'gks7ruf', 'hana990722', 'esther2388', 'chy4789', 'xogh0727', 'smk0412', 'tiase97', 'ssh919', 'iipopo30', 'khodid35', 'dydtjrdl155', 'hyerim', 'jsee86', 'pcr507', 'shwlsdk98', 'yerimpark0124', 'gowls2', 'wjdvy4236', 'dbstj214', 'seojinlee5204', 'sdss1143', 'frost']",4,"['nightfury805', 'dudtn9866', 'xodlr0517', 'whoni98']",9,"['rlfqudvy4631', 'ehdrl200', 'serm55', 'kyo0888', 'tndnjs211', 'subin99599', 'k1006rnskgus', 'mijung', 'jungju511']",126,"['a76002779', 'ja3ngx', 'wlgmlwkd34', 'dlwovy2020', 'a01035377113', 'elwkdnjs96', 'comewis', 'jeongdaeun1203', 'whoni98', 'lakgh123', 'johnlee3140', 'kda1100', 'qaz16720511', 'dudwls9436', 'jcg40626038', 'pjm9725', 'jmleeh2', 'gksmf0543', 'chozza58', 'mijung', 'tkdgus893', 'tjdrnr0616', 'nightfury805', 'jisu990613', 'vincentajs', 'tndnjs211', 'rabbit9327', 'sjh6224', 'wjdwodhks18', 'tjseodk', 'wjdckgml99', 'ljb6469', 'k1006rnskgus', 'gundam602', 'ssomda', 'limkh4921', 'juyeon1998', 'toma746', 'uuhgyfv', 'kyouyoung722', 'ppddgg1358', 'jsp1219', 'garumon123', 'leesangjun', 'wldud0869', 'eunju99615', 'jsub9753', 'yhj971210', 'jongchul1992', 'subin99599', 'dpdldptm2562', 'gmlwls0855', 'kgmghks', 'choiboeun8189', 'tjseodkr', 'mike621', 'dbtpfk0820', 'junseok424', 'gwjubu', 'starrycity1234', 'zerotae4758', 'heoygi4921', 'minhwanjeon0410', 'jungju511', 'alsrud5976', 'kong96', 'rkdgus1977', 'jy0314jy', 'tjdrnr06165098', 'rlfqudvy4631', 'ehdrl200', 'wnsdud3965', 'alsdn9709', 'dkdkcjy777', 'pellucid3030', 'wsji9404', 'wjlee0510', 'gayeong0099', 'lwaouora', 'uk051317', 'yjjch118', 'dudwls94367', 'didalf017', 'sksvotm98', 'soeun1841', 'kyu3699', 'seoyeon5754', 'serm55', 'kyo0888', 'yunie9853', 'guseocjf1234', 'cktmdrb1638', 'dltnghdpp', 'dldbsrl1811', 'leeyj0515', 'sbp5168', 'leehyemin', 'ktw1305', 'eocjsaudrla', 'wlsgydl22', 'dudtn9866', 'cksrb7334', 'xodlr0517', 'sehyung', 'gks7ruf', 'hana990722', 'esther2388', 'chy4789', 'xogh0727', 'smk0412', 'tiase97', 'ssh919', 'iipopo30', 'khodid35', 'dydtjrdl155', 'hyerim', 'jsee86', 'pcr507', 'shwlsdk98', 'yerimpark0124', 'gowls2', 'wjdvy4236', 'dbstj214', 'seojinlee5204', 'sdss1143', 'frost']"
7,197,117,6,1,['wjdvy4236'],116,"['a76002779', 'gayeong0099', 'ja3ngx', 'wlgmlwkd34', 'lwaouora', 'dlwovy2020', 'a01035377113', 'elwkdnjs96', 'uk051317', 'comewis', 'yjjch118', 'dudwls94367', 'jeongdaeun1203', 'whoni98', 'lakgh123', 'johnlee3140', 'didalf017', 'kda1100', 'sksvotm98', 'soeun1841', 'kyu3699', 'seoyeon5754', 'qaz16720511', 'dudwls9436', 'jcg40626038', 'pjm9725', 'jmleeh2', 'gksmf0543', 'chozza58', 'yunie9853', 'guseocjf1234', 'cktmdrb1638', 'tkdgus893', 'tjdrnr0616', 'nightfury805', 'dltnghdpp', 'dldbsrl1811', 'jisu990613', 'leeyj0515', 'vincentajs', 'rabbit9327', 'sbp5168', 'leehyemin', 'ktw1305', 'eocjsaudrla', 'wlsgydl22', 'sjh6224', 'dudtn9866', 'wjdwodhks18', 'tjseodk', 'wjdckgml99', 'ljb6469', 'cksrb7334', 'gundam602', 'ssomda', 'limkh4921', 'juyeon1998', 'toma746', 'xodlr0517', 'uuhgyfv', 'kyouyoung722', 'ppddgg1358', 'jsp1219', 'garumon123', 'leesangjun', 'wldud0869', 'sehyung', 'eunju99615', 'gks7ruf', 'jsub9753', 'yhj971210', 'hana990722', 'jongchul1992', 'esther2388', 'dpdldptm2562', 'gmlwls0855', 'chy4789', 'kgmghks', 'choiboeun8189', 'tjseodkr', 'xogh0727', 'mike621', 'smk0412', 'tiase97', 'dbtpfk0820', 'ssh919', 'junseok424', 'gwjubu', 'starrycity1234', 'zerotae4758', 'iipopo30', 'khodid35', 'dydtjrdl155', 'heoygi4921', 'hyerim', 'jsee86', 'pcr507', 'minhwanjeon0410', 'shwlsdk98', 'yerimpark0124', 'gowls2', 'alsrud5976', 'dbstj214', 'kong96', 'rkdgus1977', 'jy0314jy', 'tjdrnr06165098', 'seojinlee5204', 'sdss1143', 'wnsdud3965', 'alsdn9709', 'dkdkcjy777', 'pellucid3030', 'frost', 'wsji9404', 'wjlee0510']",5,"['ehdrl200', 'serm55', 'tndnjs211', 'subin99599', 'jungju511']",122,"['a76002779', 'gayeong0099', 'ja3ngx', 'wlgmlwkd34', 'lwaouora', 'dlwovy2020', 'a01035377113', 'elwkdnjs96', 'uk051317', 'comewis', 'yjjch118', 'dudwls94367', 'jeongdaeun1203', 'whoni98', 'lakgh123', 'johnlee3140', 'didalf017', 'kda1100', 'sksvotm98', 'soeun1841', 'kyu3699', 'seoyeon5754', 'qaz16720511', 'dudwls9436', 'jcg40626038', 'pjm9725', 'jmleeh2', 'serm55', 'gksmf0543', 'chozza58', 'yunie9853', 'guseocjf1234', 'cktmdrb1638', 'tkdgus893', 'tjdrnr0616', 'nightfury805', 'dltnghdpp', 'dldbsrl1811', 'jisu990613', 'leeyj0515', 'vincentajs', 'tndnjs211', 'rabbit9327', 'sbp5168', 'leehyemin', 'ktw1305', 'eocjsaudrla', 'wlsgydl22', 'sjh6224', 'dudtn9866', 'wjdwodhks18', 'tjseodk', 'wjdckgml99', 'ljb6469', 'cksrb7334', 'gundam602', 'ssomda', 'limkh4921', 'juyeon1998', 'toma746', 'xodlr0517', 'uuhgyfv', 'kyouyoung722', 'ppddgg1358', 'jsp1219', 'garumon123', 'leesangjun', 'wldud0869', 'sehyung', 'eunju99615', 'gks7ruf', 'jsub9753', 'yhj971210', 'hana990722', 'jongchul1992', 'subin99599', 'esther2388', 'dpdldptm2562', 'gmlwls0855', 'chy4789', 'kgmghks', 'choiboeun8189', 'tjseodkr', 'xogh0727', 'mike621', 'smk0412', 'tiase97', 'dbtpfk0820', 'ssh919', 'junseok424', 'gwjubu', 'starrycity1234', 'zerotae4758', 'iipopo30', 'khodid35', 'dydtjrdl155', 'heoygi4921', 'hyerim', 'jsee86', 'pcr507', 'minhwanjeon0410', 'jungju511', 'shwlsdk98', 'yerimpark0124', 'gowls2', 'alsrud5976', 'wjdvy4236', 'dbstj214', 'kong96', 'rkdgus1977', 'jy0314jy', 'tjdrnr06165098', 'seojinlee5204', 'sdss1143', 'ehdrl200', 'wnsdud3965', 'alsdn9709', 'dkdkcjy777', 'pellucid3030', 'frost', 'wsji9404', 'wjlee0510']"
8,205,105,270,1,['mikesnure'],104,"['christian.konishi', 'gianluca.foti', 'y225901', 'j123765', 'f171043', 'andreispurim', 'odeiofeec', 'luizeduardoaraujozucchi', 'camilahyfhgf', 'magodocona', 'marcosdiaz', 'h174308', 'g172497', 'i174932', 'josehenriquerecio', 'c214570', 'd169448', 'w188684', 'isa.caroline930', 'matsano', 'lucask', 'd169649', 'd169774', 'juststopmenow', 'maronato', 'gabriel_dutra', 'r204993', 'j170582', 'ppalves10', 'sciecode', 'v206586', 'g169127', 'm222059', 'tanpeihan0511', 'i199092', 'evenysle', 'daglis', 'r204952', 'thalesrogerio', 'joaopedro', 'hrilina12', 'aaaaaaaa1', 'anaya.g2623', 'g155646', 'ramireguilherme', 'g216116', 'igorp.lopes', 'pietro1704', 'cristiano.urban.slack', 'prafael18', 'kie190507', 'palmirasara', 'fernandobrsales', 'jkruse', 'davicarvalho', 'g172185', 'b194658', 'm222157', 'i217947', 'h236651', 'v207054', 'juangalvez', 'serodio', 'matheusgmmendonca', 'j199681', 'a212269', 'lcnzg', 'heigon77', 'gnsoares', 'leyte', 'l201332', 'znut', 'cauan_newton', 'mbatra310', 'gabriella', 'r186454', 'oozakudesu', 'juliombb', 'oozaku', 'mathbulhoes', 'joe.stifler', 'kadus27', 'diogoteles08', 'jee304419', 'l171941', 'pengchenucla', 'yalenanarvaez', 'i175460', 'mathepionorio', 'g171932', 'm175011', 'vmmartinez2811', 'davidhallo88', 'lostinsocorro', 'ecegeekece', 'b167869', 'thiagoms', 'dominguilherme', 'larafalquetob', 'frerappa', 'joaoppagnan', 'm156531', 'thiagolim42', 'v225162']",269,"['samuelfl', 'thddpwls257', 'siyuezheng', 'ignaciomilani', 'aht47', 'uxiavelca', 'emt2', 'pablosande98', '5dustkd', 'zaubin42', 'beper53', 'adrianhochgesang', 'jrichman99', 'jenniferperez1', 'n3b3x', 'xogus102929', 'abal2474', 'xoangon', 'suyoneee', 'ghtlstnf7', 'itskatomall', 'danielcondetorres', 'koakhyunji', 'jesusgiraldez', 'lwang82', 'chvk4161', 'caetano.eirea', 'finnclements', 'dbeciri45', 'clara.landesa', 'lukebidulka', 'latourem', 'jlkirk', 'htj1104', 'tristram', 'yougyeongo', 'dish1498', 'juanjoseo', 'sukjunyeo', 'francike', 'hayejord', 'macks', 'estalin', 'nargene', 'gonserr', 'lhc33820933', 'nerwin', 'danielm78', 'mcdonald.josh', 'franktib2', 'kirollos.morcos.km', 'm0650104.ee06g', 'alskdjfh6161', 'anamichelena', 'yjn3492', 'ezsamsuntung', 'josig2011', 'andreagcoto', 'coopjord', 'guillermocam', 'exareivaj', 'vandelei', 'bassel0elgharbawy0', 'u1285150', 'u0360918', 'martinperezmaneiro', 'miguel_fernandez', 'u1201859', 'msubullies1', 'marniesan', 'manuel10suarez10', 'dale7283', 'juho4523', 'dldnals2020', 'mitchell.shields99', 'mmartinezsanchez', 'mocha7411', 'wodnjssnsk12', 'jn12su27', 'hjshook', 'mis5660', 'ziyue2', 'ohh99o9', 'socrat', 'ophelie10', 'rygr8576', 'dmeyer1998', 'shabnashreej', 'kunge0054', 'xoanmayo', 'sabintandukar', 'nshamsi', 'foojorge', 'zrm0001', 'doog9601', 'smdesrochers', 'taylordavis678', 'dnlek12', 'mertyamanoglu', 'tpollei', 'alberto4', 'ye02', 'cjsxodnd12', 'yassminsabry', 'wjdekgus77', 'dbister', 'eogn1004', 'emilioar', 'b.isenberg', 'gipes', 'ekdms0894', 'naitix', 'bsusol2', 'genius_p', 'ylanbdr', 'sportmonkey584', 'kendalhiatt', 'cjs476', 'gekco', 'juansans98', 'isaac.dominguez4444', 'parkface94', 'johnlanghout', 'georgeckchen', 'e.pmcrespo', 'k66773659', 'rachel.blaydes', 'giacomo.munari.1', 'jmy0002', 'matthewleemle2', 'leesk4869', 'nes1011', 'pedro.julian', 'iflueck2', 'petercp2', 'vetterd', 'dariushkim', 'cbo3', 'palzmq', 'aia00001', 'giung0227', 'matthewdailey', 'jaephago', 'hyerim100600', 'byeolguri', 'jakubpepas', 'kepco2020a', 'mehdibandali', 'aanupam3', 'marcospascualin', 'reyda', 'qncowlf10', 'spazos', 'supernhtr', 'qwerty0637', 'boody456366', 'ghobashy445', 'axelbelgarde', 'marshallfrye', 'jasperdeconinck', 'cbnuleejinwoo', 'glevita2', 'raymondzhou227', 'foghel96', 'toast', 'sgu20151463', 'chohyundong12', 'eserafimbortolazzo', 'josedamiangarcianoya', 'jeandavid', 'fofi94', 'rohdej', 'graceml2', 'gcxmoffice1994', 'ryuhoin2002', 'piri940511', 'ludovick', 'qumo4329', 'corozco', 'b.benson', 'hancheyn', 'giacomo.bego', 'tnqls3409', 'dorxlqmdkdlel', 'philg', 'sooooooy314', 'rricardo0324', 'nakkulab', 'khfrum', 'blake.ballou08', 'jiaolh', 'rhrna007', 'carlosvigo1997', 'student1000', 'tmdorsey', 'cicalesej', 'sumintnals', 'pichoncillo1', 'hyerim1006000', 'jboniuk98', 'jdanivc', 'ardisch123', 'andrea.oldham97', 'dangover94', 'therahuul', 'rbb0001', 'cmoauro2', 'navya.k.shastri', 'sallysong683', 'mtanzi', 'chzh1341', 'daniel.robin22', 'iagomillanentenza', '123whdxor', 'aloptor', 'sschneider874', 'kesu1234', 'dhkswk96', 'eunice98k', 'jonathan.balent', 'lidiadom', 'soddi1621', 'u1121281', 'junzed2', 'mattmattmerrill', 'logankraus', 'zlapvmf', 'sherwmit', 'jedelkind0117', 'bbatuhanbilecen', 'anstjd1542', 'anais3', 'mauro_sg', 'anstpdlffj3', 'ana.rmteo', 'adp5383', 'titanking231', 'bw02203', 'bobbimatheson', 'martinzapatamartinez', 'ganaaa12a', 'antonio25', 'tjtks4730', 'alw0039', 'bha00001', 'chdu6864', 'pablocl', 'yoonek6719', 'jhryu1994', 'thomas.poulin', 'ybso1566', 'u0543041', 'idargu90', 'antoramp', 'kyserch', 'qottkf6194', 'lsj4677', 'myez', 'rachelgjohnson', 'hellbomber101', 'yoojeong9925', 'declanb', 'immmin6677', 'xfiles', 'tonni1912', 'hs960531', 'qkslqksl951', 'roychoudhuryaditya2019', 'rsp79']",374,"['thddpwls257', 'siyuezheng', 'christian.konishi', 'emt2', 'beper53', 'zaubin42', 'gianluca.foti', 'adrianhochgesang', 'jrichman99', 'abal2474', 'xoangon', 'xogus102929', 'andreispurim', 'ghtlstnf7', 'itskatomall', 'odeiofeec', 'luizeduardoaraujozucchi', 'danielcondetorres', 'koakhyunji', 'jesusgiraldez', 'lwang82', 'magodocona', 'h174308', 'caetano.eirea', 'g172497', 'finnclements', 'clara.landesa', 'i174932', 'josehenriquerecio', 'lukebidulka', 'latourem', 'd169448', 'jlkirk', 'htj1104', 'yougyeongo', 'dish1498', 'hayejord', 'sukjunyeo', 'w188684', 'isa.caroline930', 'danielm78', 'estalin', 'lucask', 'lhc33820933', 'nerwin', 'm0650104.ee06g', 'alskdjfh6161', 'anamichelena', 'd169649', 'd169774', 'juststopmenow', 'maronato', 'gabriel_dutra', 'josig2011', 'andreagcoto', 'coopjord', 'guillermocam', 'martinperezmaneiro', 'sciecode', 'miguel_fernandez', 'u1201859', 'msubullies1', 'marniesan', 'mitchell.shields99', 'mmartinezsanchez', 'm222059', 'mis5660', 'i199092', 'ziyue2', 'ohh99o9', 'ophelie10', 'shabnashreej', 'daglis', 'xoanmayo', 'nshamsi', 'foojorge', 'zrm0001', 'doog9601', 'smdesrochers', 'taylordavis678', 'tpollei', 'joaopedro', 'ye02', 'cjsxodnd12', 'wjdekgus77', 'aaaaaaaa1', 'ekdms0894', 'naitix', 'sportmonkey584', 'kendalhiatt', 'cjs476', 'gekco', 'ramireguilherme', 'g216116', 'igorp.lopes', 'isaac.dominguez4444', 'e.pmcrespo', 'cristiano.urban.slack', 'k66773659', 'kie190507', 'giacomo.munari.1', 'pedro.julian', 'palmirasara', 'iflueck2', 'petercp2', 'dariushkim', 'davicarvalho', 'aia00001', 'g172185', 'matthewdailey', 'b194658', 'm222157', 'i217947', 'v207054', 'hyerim100600', 'byeolguri', 'mehdibandali', 'aanupam3', 'marcospascualin', 'qncowlf10', 'spazos', 'supernhtr', 'juangalvez', 'jasperdeconinck', 'cbnuleejinwoo', 'glevita2', 'toast', 'chohyundong12', 'a212269', 'josedamiangarcianoya', 'jeandavid', 'rohdej', 'gcxmoffice1994', 'ryuhoin2002', 'piri940511', 'ludovick', 'tnqls3409', 'giacomo.bego', 'l201332', 'philg', 'rricardo0324', 'nakkulab', 'blake.ballou08', 'r186454', 'carlosvigo1997', 'cicalesej', 'sumintnals', 'oozakudesu', 'juliombb', 'oozaku', 'mathbulhoes', 'jboniuk98', 'jdanivc', 'ardisch123', 'diogoteles08', 'dangover94', 'navya.k.shastri', 'therahuul', 'rbb0001', 'l171941', 'pengchenucla', '123whdxor', 'aloptor', 'sschneider874', 'kesu1234', 'jonathan.balent', 'lidiadom', 'junzed2', 'mattmattmerrill', 'vmmartinez2811', 'logankraus', 'zlapvmf', 'sherwmit', 'bbatuhanbilecen', 'anstjd1542', 'anais3', 'mauro_sg', 'ana.rmteo', 'adp5383', 'ecegeekece', 'bobbimatheson', 'alw0039', 'antonio25', 'tjtks4730', 'bha00001', 'thiagoms', 'jhryu1994', 'thomas.poulin', 'u0543041', 'antoramp', 'kyserch', 'lsj4677', 'rachelgjohnson', 'yoojeong9925', 'joaoppagnan', 'm156531', 'thiagolim42', 'immmin6677', 'xfiles', 'tonni1912', 'hs960531', 'ybso1566', 'roychoudhuryaditya2019', 'samuelfl', 'ignaciomilani', 'aht47', 'uxiavelca', 'pablosande98', '5dustkd', 'y225901', 'j123765', 'f171043', 'jenniferperez1', 'n3b3x', 'suyoneee', 'camilahyfhgf', 'marcosdiaz', 'chvk4161', 'dbeciri45', 'c214570', 'tristram', 'dorxlqmdkdlel', 'juanjoseo', 'francike', 'gonserr', 'macks', 'mcdonald.josh', 'nargene', 'matsano', 'franktib2', 'kirollos.morcos.km', 'yjn3492', 'ezsamsuntung', 'vandelei', 'exareivaj', 'bassel0elgharbawy0', 'r204993', 'u1285150', 'j170582', 'u0360918', 'ppalves10', 'v206586', 'manuel10suarez10', 'juho4523', 'dale7283', 'dldnals2020', 'mocha7411', 'wodnjssnsk12', 'jn12su27', 'hjshook', 'g169127', 'tanpeihan0511', 'socrat', 'rygr8576', 'dmeyer1998', 'evenysle', 'r204952', 'kunge0054', 'sabintandukar', 'thalesrogerio', 'dnlek12', 'mertyamanoglu', 'yassminsabry', 'alberto4', 'hrilina12', 'dbister', 'eogn1004', 'emilioar', 'b.isenberg', 'gipes', 'bsusol2', 'anaya.g2623', 'genius_p', 'g155646', 'ylanbdr', 'juansans98', 'parkface94', 'johnlanghout', 'pietro1704', 'georgeckchen', 'prafael18', 'rachel.blaydes', 'jmy0002', 'matthewleemle2', 'leesk4869', 'nes1011', 'vetterd', 'fernandobrsales', 'jkruse', 'cbo3', 'palzmq', 'giung0227', 'jaephago', 'h236651', 'jakubpepas', 'kepco2020a', 'reyda', 'qwerty0637', 'boody456366', 'ghobashy445', 'axelbelgarde', 'marshallfrye', 'serodio', 'matheusgmmendonca', 'raymondzhou227', 'foghel96', 'j199681', 'sgu20151463', 'eserafimbortolazzo', 'lcnzg', 'heigon77', 'fofi94', 'graceml2', 'gnsoares', 'qumo4329', 'corozco', 'b.benson', 'leyte', 'mikesnure', 'hancheyn', 'znut', 'cauan_newton', 'sooooooy314', 'mbatra310', 'gabriella', 'khfrum', 'jiaolh', 'rhrna007', 'student1000', 'tmdorsey', 'pichoncillo1', 'joe.stifler', 'hyerim1006000', 'kadus27', 'andrea.oldham97', 'mtanzi', 'cmoauro2', 'sallysong683', 'jee304419', 'chzh1341', 'daniel.robin22', 'yalenanarvaez', 'iagomillanentenza', 'i175460', 'mathepionorio', 'dhkswk96', 'eunice98k', 'g171932', 'soddi1621', 'u1121281', 'm175011', 'jedelkind0117', 'davidhallo88', 'lostinsocorro', 'anstpdlffj3', 'titanking231', 'bw02203', 'martinzapatamartinez', 'ganaaa12a', 'chdu6864', 'pablocl', 'b167869', 'yoonek6719', 'dominguilherme', 'idargu90', 'qottkf6194', 'myez', 'hellbomber101', 'larafalquetob', 'declanb', 'frerappa', 'qkslqksl951', 'v225162', 'rsp79']"
8,212,105,113,96,"['christian.konishi', 'y225901', 'j123765', 'f171043', 'andreispurim', 'odeiofeec', 'luizeduardoaraujozucchi', 'camilahyfhgf', 'magodocona', 'marcosdiaz', 'h174308', 'g172497', 'i174932', 'josehenriquerecio', 'c214570', 'd169448', 'w188684', 'isa.caroline930', 'matsano', 'lucask', 'd169649', 'd169774', 'juststopmenow', 'maronato', 'gabriel_dutra', 'r204993', 'j170582', 'ppalves10', 'sciecode', 'v206586', 'g169127', 'm222059', 'i199092', 'evenysle', 'daglis', 'r204952', 'thalesrogerio', 'joaopedro', 'hrilina12', 'aaaaaaaa1', 'g155646', 'ramireguilherme', 'g216116', 'igorp.lopes', 'pietro1704', 'cristiano.urban.slack', 'prafael18', 'palmirasara', 'fernandobrsales', 'jkruse', 'davicarvalho', 'g172185', 'b194658', 'm222157', 'i217947', 'h236651', 'v207054', 'juangalvez', 'serodio', 'matheusgmmendonca', 'j199681', 'a212269', 'lcnzg', 'heigon77', 'gnsoares', 'leyte', 'l201332', 'cauan_newton', 'mbatra310', 'gabriella', 'r186454', 'oozakudesu', 'juliombb', 'oozaku', 'mathbulhoes', 'joe.stifler', 'kadus27', 'diogoteles08', 'l171941', 'pengchenucla', 'i175460', 'mathepionorio', 'g171932', 'm175011', 'vmmartinez2811', 'lostinsocorro', 'ecegeekece', 'b167869', 'thiagoms', 'dominguilherme', 'larafalquetob', 'frerappa', 'joaoppagnan', 'm156531', 'thiagolim42', 'v225162']",9,"['mikesnure', 'tanpeihan0511', 'kie190507', 'jee304419', 'znut', 'anaya.g2623', 'gianluca.foti', 'yalenanarvaez', 'davidhallo88']",17,"['msueker', 'acabellocano', 'bdniels1', 'gtzintzarov', 'jasperdeconinck', 'lwang82', 'jsimmon9', 'luccassa', 'pedro.julian', 'ganassinandrea', 'zanoni', 'michael.breeding31', 'ctjett', 'drbburcham', 'fedeenav', 'mbcoppag', 'dtononi']",122,"['christian.konishi', 'gianluca.foti', 'y225901', 'j123765', 'f171043', 'zanoni', 'andreispurim', 'msueker', 'odeiofeec', 'luizeduardoaraujozucchi', 'lwang82', 'camilahyfhgf', 'magodocona', 'marcosdiaz', 'h174308', 'g172497', 'i174932', 'josehenriquerecio', 'c214570', 'd169448', 'w188684', 'isa.caroline930', 'matsano', 'lucask', 'jsimmon9', 'd169649', 'd169774', 'drbburcham', 'juststopmenow', 'maronato', 'gabriel_dutra', 'mbcoppag', 'r204993', 'j170582', 'ppalves10', 'sciecode', 'v206586', 'g169127', 'm222059', 'tanpeihan0511', 'i199092', 'evenysle', 'daglis', 'r204952', 'thalesrogerio', 'joaopedro', 'acabellocano', 'hrilina12', 'aaaaaaaa1', 'anaya.g2623', 'g155646', 'ramireguilherme', 'g216116', 'igorp.lopes', 'pietro1704', 'gtzintzarov', 'cristiano.urban.slack', 'prafael18', 'kie190507', 'pedro.julian', 'palmirasara', 'fernandobrsales', 'ctjett', 'jkruse', 'davicarvalho', 'g172185', 'b194658', 'm222157', 'i217947', 'h236651', 'v207054', 'juangalvez', 'dtononi', 'jasperdeconinck', 'serodio', 'matheusgmmendonca', 'ganassinandrea', 'j199681', 'a212269', 'lcnzg', 'heigon77', 'gnsoares', 'leyte', 'mikesnure', 'l201332', 'znut', 'cauan_newton', 'mbatra310', 'gabriella', 'bdniels1', 'r186454', 'oozakudesu', 'juliombb', 'oozaku', 'mathbulhoes', 'joe.stifler', 'kadus27', 'diogoteles08', 'jee304419', 'l171941', 'pengchenucla', 'yalenanarvaez', 'i175460', 'mathepionorio', 'g171932', 'm175011', 'vmmartinez2811', 'davidhallo88', 'lostinsocorro', 'ecegeekece', 'luccassa', 'b167869', 'thiagoms', 'michael.breeding31', 'dominguilherme', 'fedeenav', 'larafalquetob', 'frerappa', 'joaoppagnan', 'm156531', 'thiagolim42', 'v225162']"
8,211,105,51,13,"['hrilina12', 'ecegeekece', 'i217947', 'mikesnure', 'oozaku', 'anaya.g2623', 'thalesrogerio', 'mbatra310', 'v206586', 'a212269', 'd169774', 'daglis', 'r204952']",92,"['christian.konishi', 'gianluca.foti', 'y225901', 'j123765', 'f171043', 'andreispurim', 'odeiofeec', 'luizeduardoaraujozucchi', 'camilahyfhgf', 'magodocona', 'marcosdiaz', 'h174308', 'g172497', 'i174932', 'josehenriquerecio', 'c214570', 'd169448', 'w188684', 'isa.caroline930', 'matsano', 'lucask', 'd169649', 'juststopmenow', 'maronato', 'gabriel_dutra', 'r204993', 'j170582', 'ppalves10', 'sciecode', 'g169127', 'm222059', 'tanpeihan0511', 'i199092', 'evenysle', 'joaopedro', 'aaaaaaaa1', 'g155646', 'ramireguilherme', 'g216116', 'igorp.lopes', 'pietro1704', 'cristiano.urban.slack', 'prafael18', 'kie190507', 'palmirasara', 'fernandobrsales', 'jkruse', 'davicarvalho', 'g172185', 'b194658', 'm222157', 'v207054', 'h236651', 'juangalvez', 'serodio', 'matheusgmmendonca', 'j199681', 'lcnzg', 'heigon77', 'gnsoares', 'leyte', 'l201332', 'znut', 'cauan_newton', 'gabriella', 'r186454', 'oozakudesu', 'juliombb', 'mathbulhoes', 'joe.stifler', 'kadus27', 'diogoteles08', 'jee304419', 'l171941', 'pengchenucla', 'yalenanarvaez', 'i175460', 'mathepionorio', 'g171932', 'm175011', 'vmmartinez2811', 'davidhallo88', 'lostinsocorro', 'b167869', 'thiagoms', 'dominguilherme', 'larafalquetob', 'frerappa', 'joaoppagnan', 'm156531', 'thiagolim42', 'v225162']",38,"['rbb0001', 'hjshook', 'nicaponti', 'npd54', 'aht47', 'fredysanchez2', 'ziyue2', 'rileymccarthy27', 'mvp55', 'lwang82', 'andrew2016', 'mattmattmerrill', 'finnclements', 'ganassinandrea', 'judgeofduty', 'fosbackta17', 'macks', 'emilioar', 'alw0039', 'ganaaa12a', 'tflong71', 'profjanser', 'michael.breeding31', 'cjs476', 'izumi98077', 'blake.ballou08', 'fedeenav', 'sjl328', 'rburkins1', 'manolisc23', 'pedro.julian', 'jte55', 'e.sdavidm', 'petercp2', 'jboniuk98', 'roychoudhuryaditya2019', 'aia00001', 'rsp79']",143,"['npd54', 'aht47', 'christian.konishi', 'fredysanchez2', 'gianluca.foti', 'y225901', 'j123765', 'f171043', 'andreispurim', 'odeiofeec', 'luizeduardoaraujozucchi', 'lwang82', 'andrew2016', 'camilahyfhgf', 'magodocona', 'marcosdiaz', 'h174308', 'finnclements', 'g172497', 'i174932', 'josehenriquerecio', 'c214570', 'd169448', 'w188684', 'isa.caroline930', 'macks', 'matsano', 'lucask', 'd169649', 'd169774', 'juststopmenow', 'maronato', 'gabriel_dutra', 'r204993', 'j170582', 'ppalves10', 'jte55', 'sciecode', 'v206586', 'hjshook', 'g169127', 'm222059', 'nicaponti', 'tanpeihan0511', 'i199092', 'ziyue2', 'evenysle', 'daglis', 'r204952', 'rileymccarthy27', 'thalesrogerio', 'joaopedro', 'hrilina12', 'emilioar', 'aaaaaaaa1', 'anaya.g2623', 'g155646', 'cjs476', 'izumi98077', 'ramireguilherme', 'g216116', 'igorp.lopes', 'pietro1704', 'cristiano.urban.slack', 'prafael18', 'rburkins1', 'kie190507', 'pedro.julian', 'palmirasara', 'petercp2', 'fernandobrsales', 'jkruse', 'davicarvalho', 'aia00001', 'g172185', 'b194658', 'm222157', 'i217947', 'h236651', 'v207054', 'roychoudhuryaditya2019', 'mvp55', 'juangalvez', 'serodio', 'matheusgmmendonca', 'ganassinandrea', 'j199681', 'a212269', 'lcnzg', 'heigon77', 'gnsoares', 'leyte', 'mikesnure', 'l201332', 'znut', 'cauan_newton', 'mbatra310', 'gabriella', 'tflong71', 'profjanser', 'blake.ballou08', 'sjl328', 'r186454', 'oozakudesu', 'juliombb', 'oozaku', 'e.sdavidm', 'mathbulhoes', 'joe.stifler', 'jboniuk98', 'kadus27', 'diogoteles08', 'rbb0001', 'jee304419', 'l171941', 'pengchenucla', 'yalenanarvaez', 'i175460', 'mathepionorio', 'g171932', 'm175011', 'mattmattmerrill', 'vmmartinez2811', 'davidhallo88', 'lostinsocorro', 'judgeofduty', 'fosbackta17', 'ecegeekece', 'alw0039', 'ganaaa12a', 'b167869', 'thiagoms', 'michael.breeding31', 'dominguilherme', 'fedeenav', 'larafalquetob', 'frerappa', 'manolisc23', 'joaoppagnan', 'm156531', 'thiagolim42', 'v225162', 'rsp79']"
8,193,105,37,35,"['m222157', 'g169127', 'i217947', 'v207054', 'i199092', 'y225901', 'j123765', 'i175460', 'mathepionorio', 'odeiofeec', 'matheusgmmendonca', 'm175011', 'h174308', 'g172497', 'j199681', 'josehenriquerecio', 'heigon77', 'joaopedro', 'w188684', 'aaaaaaaa1', 'd169649', 'd169774', 'b167869', 'gabriel_dutra', 'igorp.lopes', 'frerappa', 'juliombb', 'oozakudesu', 'oozaku', 'joaoppagnan', 'mathbulhoes', 'thiagolim42', 'joe.stifler', 'diogoteles08', 'g172185']",70,"['b194658', 'm222059', 'h236651', 'jee304419', 'christian.konishi', 'tanpeihan0511', 'v225162', 'l171941', 'gianluca.foti', 'pengchenucla', 'yalenanarvaez', 'f171043', 'evenysle', 'daglis', 'r204952', 'andreispurim', 'juangalvez', 'g171932', 'luizeduardoaraujozucchi', 'serodio', 'camilahyfhgf', 'magodocona', 'marcosdiaz', 'vmmartinez2811', 'thalesrogerio', 'a212269', 'i174932', 'lcnzg', 'davidhallo88', 'c214570', 'd169448', 'lostinsocorro', 'isa.caroline930', 'hrilina12', 'gnsoares', 'ecegeekece', 'matsano', 'lucask', 'leyte', 'mikesnure', 'l201332', 'znut', 'anaya.g2623', 'cauan_newton', 'g155646', 'mbatra310', 'gabriella', 'thiagoms', 'juststopmenow', 'maronato', 'ramireguilherme', 'g216116', 'dominguilherme', 'r204993', 'pietro1704', 'j170582', 'cristiano.urban.slack', 'prafael18', 'r186454', 'larafalquetob', 'kie190507', 'ppalves10', 'sciecode', 'palmirasara', 'm156531', 'v206586', 'fernandobrsales', 'jkruse', 'davicarvalho', 'kadus27']",2,"['desbasj001', 'voltafruett']",107,"['b194658', 'm222157', 'i217947', 'h236651', 'v207054', 'christian.konishi', 'gianluca.foti', 'y225901', 'j123765', 'f171043', 'andreispurim', 'juangalvez', 'odeiofeec', 'luizeduardoaraujozucchi', 'serodio', 'camilahyfhgf', 'magodocona', 'matheusgmmendonca', 'marcosdiaz', 'h174308', 'g172497', 'j199681', 'a212269', 'i174932', 'josehenriquerecio', 'lcnzg', 'c214570', 'd169448', 'heigon77', 'voltafruett', 'w188684', 'isa.caroline930', 'gnsoares', 'matsano', 'lucask', 'leyte', 'mikesnure', 'l201332', 'znut', 'cauan_newton', 'mbatra310', 'gabriella', 'd169649', 'd169774', 'juststopmenow', 'maronato', 'gabriel_dutra', 'r204993', 'j170582', 'r186454', 'oozakudesu', 'ppalves10', 'juliombb', 'sciecode', 'oozaku', 'mathbulhoes', 'joe.stifler', 'v206586', 'kadus27', 'diogoteles08', 'g169127', 'm222059', 'jee304419', 'tanpeihan0511', 'i199092', 'l171941', 'pengchenucla', 'yalenanarvaez', 'evenysle', 'i175460', 'daglis', 'r204952', 'mathepionorio', 'g171932', 'm175011', 'vmmartinez2811', 'thalesrogerio', 'davidhallo88', 'lostinsocorro', 'joaopedro', 'hrilina12', 'ecegeekece', 'aaaaaaaa1', 'anaya.g2623', 'g155646', 'b167869', 'thiagoms', 'ramireguilherme', 'g216116', 'igorp.lopes', 'dominguilherme', 'pietro1704', 'desbasj001', 'cristiano.urban.slack', 'prafael18', 'larafalquetob', 'kie190507', 'frerappa', 'palmirasara', 'joaoppagnan', 'm156531', 'thiagolim42', 'fernandobrsales', 'jkruse', 'davicarvalho', 'v225162', 'g172185']"
8,194,105,24,22,"['g169127', 'm222059', 'christian.konishi', 'f171043', 'r204952', 'vmmartinez2811', 'a212269', 'c214570', 'w188684', 'matsano', 'l201332', 'cauan_newton', 'thiagoms', 'maronato', 'dominguilherme', 'r204993', 'pietro1704', 'juliombb', 'ppalves10', 'sciecode', 'palmirasara', 'v206586']",83,"['b194658', 'm222157', 'i217947', 'h236651', 'v207054', 'gianluca.foti', 'y225901', 'j123765', 'andreispurim', 'juangalvez', 'odeiofeec', 'luizeduardoaraujozucchi', 'serodio', 'camilahyfhgf', 'magodocona', 'matheusgmmendonca', 'marcosdiaz', 'h174308', 'g172497', 'j199681', 'i174932', 'josehenriquerecio', 'lcnzg', 'd169448', 'heigon77', 'isa.caroline930', 'gnsoares', 'lucask', 'leyte', 'mikesnure', 'znut', 'mbatra310', 'gabriella', 'd169649', 'd169774', 'juststopmenow', 'gabriel_dutra', 'j170582', 'r186454', 'oozakudesu', 'oozaku', 'mathbulhoes', 'joe.stifler', 'kadus27', 'diogoteles08', 'jee304419', 'tanpeihan0511', 'i199092', 'l171941', 'pengchenucla', 'yalenanarvaez', 'evenysle', 'i175460', 'daglis', 'mathepionorio', 'g171932', 'm175011', 'thalesrogerio', 'davidhallo88', 'lostinsocorro', 'joaopedro', 'hrilina12', 'ecegeekece', 'aaaaaaaa1', 'anaya.g2623', 'g155646', 'b167869', 'ramireguilherme', 'g216116', 'igorp.lopes', 'cristiano.urban.slack', 'prafael18', 'larafalquetob', 'kie190507', 'frerappa', 'joaoppagnan', 'm156531', 'thiagolim42', 'fernandobrsales', 'jkruse', 'davicarvalho', 'v225162', 'g172185']",2,"['rodolfopoloniandrietta', 'well33488']",107,"['b194658', 'm222157', 'i217947', 'h236651', 'v207054', 'christian.konishi', 'gianluca.foti', 'y225901', 'j123765', 'f171043', 'andreispurim', 'juangalvez', 'odeiofeec', 'luizeduardoaraujozucchi', 'serodio', 'camilahyfhgf', 'magodocona', 'matheusgmmendonca', 'marcosdiaz', 'h174308', 'g172497', 'j199681', 'a212269', 'i174932', 'josehenriquerecio', 'lcnzg', 'c214570', 'd169448', 'heigon77', 'w188684', 'isa.caroline930', 'gnsoares', 'matsano', 'lucask', 'leyte', 'mikesnure', 'l201332', 'znut', 'cauan_newton', 'mbatra310', 'gabriella', 'd169649', 'd169774', 'well33488', 'juststopmenow', 'maronato', 'gabriel_dutra', 'r204993', 'j170582', 'r186454', 'oozakudesu', 'ppalves10', 'juliombb', 'sciecode', 'oozaku', 'mathbulhoes', 'joe.stifler', 'v206586', 'kadus27', 'diogoteles08', 'g169127', 'm222059', 'jee304419', 'tanpeihan0511', 'i199092', 'l171941', 'pengchenucla', 'yalenanarvaez', 'evenysle', 'i175460', 'daglis', 'r204952', 'mathepionorio', 'g171932', 'rodolfopoloniandrietta', 'm175011', 'vmmartinez2811', 'thalesrogerio', 'davidhallo88', 'lostinsocorro', 'joaopedro', 'hrilina12', 'ecegeekece', 'aaaaaaaa1', 'anaya.g2623', 'g155646', 'b167869', 'thiagoms', 'ramireguilherme', 'g216116', 'igorp.lopes', 'dominguilherme', 'pietro1704', 'cristiano.urban.slack', 'prafael18', 'larafalquetob', 'kie190507', 'frerappa', 'palmirasara', 'joaoppagnan', 'm156531', 'thiagolim42', 'fernandobrsales', 'jkruse', 'davicarvalho', 'v225162', 'g172185']"
8,213,105,24,1,['kie190507'],104,"['b194658', 'm222157', 'i217947', 'h236651', 'v207054', 'christian.konishi', 'gianluca.foti', 'y225901', 'j123765', 'f171043', 'andreispurim', 'juangalvez', 'odeiofeec', 'luizeduardoaraujozucchi', 'serodio', 'camilahyfhgf', 'magodocona', 'matheusgmmendonca', 'marcosdiaz', 'h174308', 'g172497', 'j199681', 'a212269', 'i174932', 'josehenriquerecio', 'lcnzg', 'c214570', 'd169448', 'heigon77', 'w188684', 'isa.caroline930', 'gnsoares', 'matsano', 'lucask', 'leyte', 'mikesnure', 'l201332', 'znut', 'cauan_newton', 'mbatra310', 'gabriella', 'd169649', 'd169774', 'juststopmenow', 'maronato', 'gabriel_dutra', 'r204993', 'j170582', 'r186454', 'oozakudesu', 'ppalves10', 'juliombb', 'sciecode', 'oozaku', 'mathbulhoes', 'joe.stifler', 'v206586', 'kadus27', 'diogoteles08', 'g169127', 'm222059', 'jee304419', 'tanpeihan0511', 'i199092', 'l171941', 'pengchenucla', 'yalenanarvaez', 'evenysle', 'i175460', 'daglis', 'r204952', 'mathepionorio', 'g171932', 'm175011', 'vmmartinez2811', 'thalesrogerio', 'davidhallo88', 'lostinsocorro', 'joaopedro', 'hrilina12', 'ecegeekece', 'aaaaaaaa1', 'anaya.g2623', 'g155646', 'b167869', 'thiagoms', 'ramireguilherme', 'g216116', 'igorp.lopes', 'dominguilherme', 'pietro1704', 'cristiano.urban.slack', 'prafael18', 'larafalquetob', 'frerappa', 'palmirasara', 'joaoppagnan', 'm156531', 'thiagolim42', 'fernandobrsales', 'jkruse', 'davicarvalho', 'v225162', 'g172185']",23,"['kie190016', 'doubledotp', 'tanhongjian', 'cassielim99', 'wongzhiyong13', 'zhixian293', 'balquis', 'ridhwan', 'kie190064', 'conanloke', 'aidaaqilah', 'm.aliffhaikal', 'aliffshafiq63', 'cheah', 'niksyahmiadlibinabdulhalim', 'tharshini.balakrishnan', 'aimansanusi20', 'abudegracia', 'kie190019', 'kie190027', 'sharifah_fatmadiana', 'beh1017', 'hui_ting0111']",128,"['kie190016', 'b194658', 'm222157', 'i217947', 'h236651', 'v207054', 'christian.konishi', 'tanhongjian', 'cassielim99', 'wongzhiyong13', 'gianluca.foti', 'y225901', 'j123765', 'f171043', 'hui_ting0111', 'andreispurim', 'juangalvez', 'odeiofeec', 'luizeduardoaraujozucchi', 'serodio', 'camilahyfhgf', 'magodocona', 'matheusgmmendonca', 'marcosdiaz', 'h174308', 'g172497', 'j199681', 'a212269', 'i174932', 'josehenriquerecio', 'lcnzg', 'c214570', 'd169448', 'heigon77', 'aidaaqilah', 'm.aliffhaikal', 'aliffshafiq63', 'w188684', 'isa.caroline930', 'gnsoares', 'tharshini.balakrishnan', 'matsano', 'lucask', 'leyte', 'mikesnure', 'aimansanusi20', 'l201332', 'znut', 'cauan_newton', 'mbatra310', 'gabriella', 'd169649', 'd169774', 'kie190019', 'juststopmenow', 'maronato', 'gabriel_dutra', 'r204993', 'j170582', 'r186454', 'oozakudesu', 'ppalves10', 'juliombb', 'sciecode', 'oozaku', 'mathbulhoes', 'joe.stifler', 'v206586', 'kie190027', 'sharifah_fatmadiana', 'kadus27', 'diogoteles08', 'g169127', 'm222059', 'doubledotp', 'jee304419', 'tanpeihan0511', 'i199092', 'l171941', 'pengchenucla', 'yalenanarvaez', 'evenysle', 'i175460', 'daglis', 'r204952', 'mathepionorio', 'zhixian293', 'g171932', 'm175011', 'balquis', 'vmmartinez2811', 'ridhwan', 'thalesrogerio', 'kie190064', 'davidhallo88', 'lostinsocorro', 'conanloke', 'joaopedro', 'cheah', 'hrilina12', 'niksyahmiadlibinabdulhalim', 'ecegeekece', 'aaaaaaaa1', 'anaya.g2623', 'abudegracia', 'g155646', 'b167869', 'thiagoms', 'ramireguilherme', 'g216116', 'igorp.lopes', 'dominguilherme', 'pietro1704', 'cristiano.urban.slack', 'prafael18', 'larafalquetob', 'kie190507', 'frerappa', 'palmirasara', 'joaoppagnan', 'm156531', 'thiagolim42', 'fernandobrsales', 'beh1017', 'jkruse', 'davicarvalho', 'v225162', 'g172185']"
8,195,105,11,11,"['isa.caroline930', 'juststopmenow', 'l171941', 'i199092', 'm156531', 'j199681', 'd169649', 'josehenriquerecio', 'gabriel_dutra', 'diogoteles08', 'mathepionorio']",94,"['b194658', 'm222157', 'i217947', 'h236651', 'v207054', 'christian.konishi', 'gianluca.foti', 'y225901', 'j123765', 'f171043', 'andreispurim', 'juangalvez', 'odeiofeec', 'luizeduardoaraujozucchi', 'serodio', 'camilahyfhgf', 'magodocona', 'matheusgmmendonca', 'marcosdiaz', 'h174308', 'g172497', 'a212269', 'i174932', 'lcnzg', 'c214570', 'd169448', 'heigon77', 'w188684', 'gnsoares', 'matsano', 'lucask', 'leyte', 'mikesnure', 'l201332', 'znut', 'cauan_newton', 'mbatra310', 'gabriella', 'd169774', 'maronato', 'r204993', 'j170582', 'r186454', 'oozakudesu', 'ppalves10', 'juliombb', 'sciecode', 'oozaku', 'mathbulhoes', 'joe.stifler', 'v206586', 'kadus27', 'g169127', 'm222059', 'jee304419', 'tanpeihan0511', 'pengchenucla', 'yalenanarvaez', 'evenysle', 'i175460', 'daglis', 'r204952', 'g171932', 'm175011', 'vmmartinez2811', 'thalesrogerio', 'davidhallo88', 'lostinsocorro', 'joaopedro', 'hrilina12', 'ecegeekece', 'aaaaaaaa1', 'anaya.g2623', 'g155646', 'b167869', 'thiagoms', 'ramireguilherme', 'g216116', 'igorp.lopes', 'dominguilherme', 'pietro1704', 'cristiano.urban.slack', 'prafael18', 'larafalquetob', 'kie190507', 'frerappa', 'palmirasara', 'joaoppagnan', 'thiagolim42', 'fernandobrsales', 'jkruse', 'davicarvalho', 'v225162', 'g172185']",0,[],105,"['b194658', 'm222157', 'i217947', 'h236651', 'v207054', 'christian.konishi', 'gianluca.foti', 'y225901', 'j123765', 'f171043', 'andreispurim', 'juangalvez', 'odeiofeec', 'luizeduardoaraujozucchi', 'serodio', 'camilahyfhgf', 'magodocona', 'matheusgmmendonca', 'marcosdiaz', 'h174308', 'g172497', 'j199681', 'a212269', 'i174932', 'josehenriquerecio', 'lcnzg', 'c214570', 'd169448', 'heigon77', 'w188684', 'isa.caroline930', 'gnsoares', 'matsano', 'lucask', 'leyte', 'mikesnure', 'l201332', 'znut', 'cauan_newton', 'mbatra310', 'gabriella', 'd169649', 'd169774', 'juststopmenow', 'maronato', 'gabriel_dutra', 'r204993', 'j170582', 'r186454', 'oozakudesu', 'ppalves10', 'juliombb', 'sciecode', 'oozaku', 'mathbulhoes', 'joe.stifler', 'v206586', 'kadus27', 'diogoteles08', 'g169127', 'm222059', 'jee304419', 'tanpeihan0511', 'i199092', 'l171941', 'pengchenucla', 'yalenanarvaez', 'evenysle', 'i175460', 'daglis', 'r204952', 'mathepionorio', 'g171932', 'm175011', 'vmmartinez2811', 'thalesrogerio', 'davidhallo88', 'lostinsocorro', 'joaopedro', 'hrilina12', 'ecegeekece', 'aaaaaaaa1', 'anaya.g2623', 'g155646', 'b167869', 'thiagoms', 'ramireguilherme', 'g216116', 'igorp.lopes', 'dominguilherme', 'pietro1704', 'cristiano.urban.slack', 'prafael18', 'larafalquetob', 'kie190507', 'frerappa', 'palmirasara', 'joaoppagnan', 'm156531', 'thiagolim42', 'fernandobrsales', 'jkruse', 'davicarvalho', 'v225162', 'g172185']"
8,196,105,8,6,"['luizeduardoaraujozucchi', 'serodio', 'matheusgmmendonca', 'marcosdiaz', 'ramireguilherme', 'juangalvez']",99,"['b194658', 'm222157', 'i217947', 'h236651', 'v207054', 'christian.konishi', 'gianluca.foti', 'y225901', 'j123765', 'f171043', 'andreispurim', 'odeiofeec', 'camilahyfhgf', 'magodocona', 'h174308', 'g172497', 'j199681', 'a212269', 'i174932', 'josehenriquerecio', 'lcnzg', 'c214570', 'd169448', 'heigon77', 'w188684', 'isa.caroline930', 'gnsoares', 'matsano', 'lucask', 'leyte', 'mikesnure', 'l201332', 'znut', 'cauan_newton', 'mbatra310', 'gabriella', 'd169649', 'd169774', 'juststopmenow', 'maronato', 'gabriel_dutra', 'r204993', 'j170582', 'r186454', 'oozakudesu', 'ppalves10', 'juliombb', 'sciecode', 'oozaku', 'mathbulhoes', 'joe.stifler', 'v206586', 'kadus27', 'diogoteles08', 'g169127', 'm222059', 'jee304419', 'tanpeihan0511', 'i199092', 'l171941', 'pengchenucla', 'yalenanarvaez', 'evenysle', 'i175460', 'daglis', 'r204952', 'mathepionorio', 'g171932', 'm175011', 'vmmartinez2811', 'thalesrogerio', 'davidhallo88', 'lostinsocorro', 'joaopedro', 'hrilina12', 'ecegeekece', 'aaaaaaaa1', 'anaya.g2623', 'g155646', 'b167869', 'thiagoms', 'g216116', 'igorp.lopes', 'dominguilherme', 'pietro1704', 'cristiano.urban.slack', 'prafael18', 'larafalquetob', 'kie190507', 'frerappa', 'palmirasara', 'joaoppagnan', 'm156531', 'thiagolim42', 'fernandobrsales', 'jkruse', 'davicarvalho', 'v225162', 'g172185']",2,"['a190710', 't206043']",107,"['b194658', 'm222157', 'i217947', 'h236651', 'v207054', 'christian.konishi', 'gianluca.foti', 'y225901', 'j123765', 'f171043', 'andreispurim', 'juangalvez', 'odeiofeec', 'luizeduardoaraujozucchi', 'serodio', 'camilahyfhgf', 'magodocona', 'matheusgmmendonca', 'marcosdiaz', 'h174308', 'g172497', 'j199681', 'a212269', 'i174932', 'josehenriquerecio', 'lcnzg', 'c214570', 'd169448', 'heigon77', 'w188684', 'isa.caroline930', 'gnsoares', 'matsano', 'lucask', 'leyte', 'mikesnure', 'l201332', 'znut', 't206043', 'cauan_newton', 'mbatra310', 'gabriella', 'd169649', 'd169774', 'juststopmenow', 'maronato', 'gabriel_dutra', 'r204993', 'j170582', 'r186454', 'oozakudesu', 'ppalves10', 'juliombb', 'sciecode', 'oozaku', 'mathbulhoes', 'joe.stifler', 'v206586', 'kadus27', 'diogoteles08', 'g169127', 'm222059', 'jee304419', 'tanpeihan0511', 'i199092', 'l171941', 'pengchenucla', 'yalenanarvaez', 'evenysle', 'i175460', 'daglis', 'r204952', 'mathepionorio', 'g171932', 'a190710', 'm175011', 'vmmartinez2811', 'thalesrogerio', 'davidhallo88', 'lostinsocorro', 'joaopedro', 'hrilina12', 'ecegeekece', 'aaaaaaaa1', 'anaya.g2623', 'g155646', 'b167869', 'thiagoms', 'ramireguilherme', 'g216116', 'igorp.lopes', 'dominguilherme', 'pietro1704', 'cristiano.urban.slack', 'prafael18', 'larafalquetob', 'kie190507', 'frerappa', 'palmirasara', 'joaoppagnan', 'm156531', 'thiagolim42', 'fernandobrsales', 'jkruse', 'davicarvalho', 'v225162', 'g172185']"
8,214,105,8,6,"['tanpeihan0511', 'kie190507', 'gianluca.foti', 'yalenanarvaez', 'pengchenucla', 'davidhallo88']",99,"['b194658', 'm222157', 'i217947', 'h236651', 'v207054', 'christian.konishi', 'y225901', 'j123765', 'f171043', 'andreispurim', 'juangalvez', 'odeiofeec', 'luizeduardoaraujozucchi', 'serodio', 'camilahyfhgf', 'magodocona', 'matheusgmmendonca', 'marcosdiaz', 'h174308', 'g172497', 'j199681', 'a212269', 'i174932', 'josehenriquerecio', 'lcnzg', 'c214570', 'd169448', 'heigon77', 'w188684', 'isa.caroline930', 'gnsoares', 'matsano', 'lucask', 'leyte', 'mikesnure', 'l201332', 'znut', 'cauan_newton', 'mbatra310', 'gabriella', 'd169649', 'd169774', 'juststopmenow', 'maronato', 'gabriel_dutra', 'r204993', 'j170582', 'r186454', 'oozakudesu', 'ppalves10', 'juliombb', 'sciecode', 'oozaku', 'mathbulhoes', 'joe.stifler', 'v206586', 'kadus27', 'diogoteles08', 'g169127', 'm222059', 'jee304419', 'i199092', 'l171941', 'evenysle', 'i175460', 'daglis', 'r204952', 'mathepionorio', 'g171932', 'm175011', 'vmmartinez2811', 'thalesrogerio', 'lostinsocorro', 'joaopedro', 'hrilina12', 'ecegeekece', 'aaaaaaaa1', 'anaya.g2623', 'g155646', 'b167869', 'thiagoms', 'ramireguilherme', 'g216116', 'igorp.lopes', 'dominguilherme', 'pietro1704', 'cristiano.urban.slack', 'prafael18', 'larafalquetob', 'frerappa', 'palmirasara', 'joaoppagnan', 'm156531', 'thiagolim42', 'fernandobrsales', 'jkruse', 'davicarvalho', 'v225162', 'g172185']",2,"['sharifah_fatmadiana', 'drbburcham']",107,"['b194658', 'm222157', 'i217947', 'h236651', 'v207054', 'christian.konishi', 'gianluca.foti', 'y225901', 'j123765', 'f171043', 'andreispurim', 'juangalvez', 'odeiofeec', 'luizeduardoaraujozucchi', 'serodio', 'camilahyfhgf', 'magodocona', 'matheusgmmendonca', 'marcosdiaz', 'h174308', 'g172497', 'j199681', 'a212269', 'i174932', 'josehenriquerecio', 'lcnzg', 'c214570', 'd169448', 'heigon77', 'w188684', 'isa.caroline930', 'gnsoares', 'matsano', 'lucask', 'leyte', 'mikesnure', 'l201332', 'znut', 'cauan_newton', 'mbatra310', 'gabriella', 'd169649', 'd169774', 'drbburcham', 'juststopmenow', 'maronato', 'gabriel_dutra', 'r204993', 'j170582', 'r186454', 'oozakudesu', 'ppalves10', 'juliombb', 'sciecode', 'oozaku', 'mathbulhoes', 'joe.stifler', 'v206586', 'sharifah_fatmadiana', 'kadus27', 'diogoteles08', 'g169127', 'm222059', 'jee304419', 'tanpeihan0511', 'i199092', 'l171941', 'pengchenucla', 'yalenanarvaez', 'evenysle', 'i175460', 'daglis', 'r204952', 'mathepionorio', 'g171932', 'm175011', 'vmmartinez2811', 'thalesrogerio', 'davidhallo88', 'lostinsocorro', 'joaopedro', 'hrilina12', 'ecegeekece', 'aaaaaaaa1', 'anaya.g2623', 'g155646', 'b167869', 'thiagoms', 'ramireguilherme', 'g216116', 'igorp.lopes', 'dominguilherme', 'pietro1704', 'cristiano.urban.slack', 'prafael18', 'larafalquetob', 'kie190507', 'frerappa', 'palmirasara', 'joaoppagnan', 'm156531', 'thiagolim42', 'fernandobrsales', 'jkruse', 'davicarvalho', 'v225162', 'g172185']"
9,64,95,37,31,"['jgiganti', 'hdawes', 'kstrin01', 'jhalsey3', 'wschaff1', 'ryanhaack04', 'owenward', 'michael.davidshofer', 'cjohns85', 'rogunjimi', 'mquinan1', 'cscaring', 'obohorqu', 'agarci33', 'tylereaslick', 'kdelawde', 'mclark47', 'kpastirk', 'pjhennessey24', 'mrossign', 'gzimmer', 'jcieslik', 'cesarnr21', 'smutkus', 'jkuchler', 'sebastianczaja7', 'nkondrath', 'renato.maritato', 'cpuc', 'gdavis12', 'bbode']",64,"['norbittron88', 'parryc', 'gutman', 'anuradha.saxena.work', 'brioschima', 'zhangruichao2000', 'lalshawi', 'ezthunder001', 'gkao', 'rrayarot', '649899757b', 'john2381', 'isaskey', 'jimmievsalazar', 'jingxinwang8', 'tolerl', 'sgu20131429', 'yuminghym', 'stubbsj15', 'doannguyen.1', 'adeel_ali', 'noh12', 'bmirvish', 'reasato', 'sasha9', 'yousifalayoub', 'jfcorrigan', 'chutoratarac', 'arambhi2510', 'shreyadevkar12', 'jone1429', 'mittman.eric', 'archboldalan', 'cpkaschalk', 'ray41705', 'eponsdel', 'jonescw79', 'andreaaddison91', 'neha3007', 'ander568', 'federico.frezza96', 'jinalkapadia29', 'numsontechno', 'kimura', 'selkin', 'liueddyxinlue', 'cdeppen', 'shivamkundan1', 'benbcasler', 'smourtza', 'jahnaviak.11', 'acemagna', 'ellingtj', 'jack.cieslik', 'dobos', 'levy27', 'yingningfan', 'biomed1998', 'brace1', 'lakaiola1128', 'scottkenning3', 'arunkhanna00', 'mmerchs11', 'hsymond']",6,"['pdethlef', 'nconkli1', 'augustusbonacci55', 'brutongaster', 'jpauls1', 'mgallagher3712']",101,"['norbittron88', 'jgiganti', 'gutman', 'kstrin01', 'lalshawi', 'wschaff1', 'gkao', 'ryanhaack04', 'john2381', 'jimmievsalazar', 'cjohns85', 'mquinan1', 'jingxinwang8', 'stubbsj15', 'doannguyen.1', 'obohorqu', 'adeel_ali', 'bmirvish', 'tylereaslick', 'kdelawde', 'mclark47', 'sasha9', 'pjhennessey24', 'chutoratarac', 'mrossign', 'jone1429', 'mittman.eric', 'pdethlef', 'archboldalan', 'eponsdel', 'ander568', 'smutkus', 'federico.frezza96', 'cdeppen', 'sebastianczaja7', 'smourtza', 'jack.cieslik', 'renato.maritato', 'dobos', 'augustusbonacci55', 'gdavis12', 'brace1', 'scottkenning3', 'arunkhanna00', 'hsymond', 'parryc', 'anuradha.saxena.work', 'hdawes', 'brioschima', 'jhalsey3', 'zhangruichao2000', 'ezthunder001', 'nconkli1', 'rrayarot', '649899757b', 'owenward', 'isaskey', 'jpauls1', 'michael.davidshofer', 'rogunjimi', 'sgu20131429', 'tolerl', 'cscaring', 'yuminghym', 'agarci33', 'noh12', 'reasato', 'yousifalayoub', 'kpastirk', 'mgallagher3712', 'jfcorrigan', 'arambhi2510', 'shreyadevkar12', 'gzimmer', 'jcieslik', 'cpkaschalk', 'ray41705', 'cesarnr21', 'jonescw79', 'andreaaddison91', 'neha3007', 'jkuchler', 'jinalkapadia29', 'numsontechno', 'kimura', 'selkin', 'liueddyxinlue', 'shivamkundan1', 'benbcasler', 'jahnaviak.11', 'acemagna', 'ellingtj', 'nkondrath', 'levy27', 'cpuc', 'yingningfan', 'biomed1998', 'brutongaster', 'lakaiola1128', 'mmerchs11', 'bbode']"
9,65,95,30,21,"['gutman', 'zhangruichao2000', 'gkao', 'jingxinwang8', 'yuminghym', 'stubbsj15', 'noh12', 'bmirvish', 'jone1429', 'jonescw79', 'eponsdel', 'ander568', 'kimura', 'selkin', 'liueddyxinlue', 'cdeppen', 'levy27', 'dobos', 'yingningfan', 'scottkenning3', 'hsymond']",74,"['norbittron88', 'jgiganti', 'parryc', 'anuradha.saxena.work', 'hdawes', 'brioschima', 'jhalsey3', 'wschaff1', 'ezthunder001', 'kstrin01', 'lalshawi', 'rrayarot', '649899757b', 'ryanhaack04', 'john2381', 'owenward', 'isaskey', 'jimmievsalazar', 'michael.davidshofer', 'cjohns85', 'rogunjimi', 'mquinan1', 'tolerl', 'cscaring', 'sgu20131429', 'doannguyen.1', 'obohorqu', 'adeel_ali', 'agarci33', 'reasato', 'tylereaslick', 'kdelawde', 'mclark47', 'sasha9', 'yousifalayoub', 'kpastirk', 'jfcorrigan', 'pjhennessey24', 'chutoratarac', 'arambhi2510', 'mrossign', 'shreyadevkar12', 'mittman.eric', 'archboldalan', 'gzimmer', 'jcieslik', 'cpkaschalk', 'ray41705', 'cesarnr21', 'neha3007', 'andreaaddison91', 'smutkus', 'jkuchler', 'federico.frezza96', 'jinalkapadia29', 'numsontechno', 'shivamkundan1', 'sebastianczaja7', 'benbcasler', 'smourtza', 'jahnaviak.11', 'acemagna', 'ellingtj', 'nkondrath', 'jack.cieslik', 'renato.maritato', 'biomed1998', 'cpuc', 'gdavis12', 'brace1', 'lakaiola1128', 'arunkhanna00', 'mmerchs11', 'bbode']",9,"['rollere', 'lauerc', 'son27', 'richtern', 'dragoneye', 'awoodwa', 'bullock8', 'gupta393', 'bamorim']",104,"['norbittron88', 'jgiganti', 'gutman', 'rollere', 'kstrin01', 'lalshawi', 'wschaff1', 'gkao', 'son27', 'ryanhaack04', 'john2381', 'jimmievsalazar', 'awoodwa', 'cjohns85', 'mquinan1', 'jingxinwang8', 'stubbsj15', 'doannguyen.1', 'obohorqu', 'adeel_ali', 'bmirvish', 'tylereaslick', 'kdelawde', 'mclark47', 'sasha9', 'bullock8', 'pjhennessey24', 'chutoratarac', 'mrossign', 'jone1429', 'mittman.eric', 'archboldalan', 'eponsdel', 'ander568', 'smutkus', 'federico.frezza96', 'cdeppen', 'sebastianczaja7', 'smourtza', 'jack.cieslik', 'renato.maritato', 'dobos', 'gdavis12', 'brace1', 'scottkenning3', 'arunkhanna00', 'gupta393', 'hsymond', 'parryc', 'anuradha.saxena.work', 'hdawes', 'brioschima', 'jhalsey3', 'zhangruichao2000', 'ezthunder001', 'rrayarot', '649899757b', 'owenward', 'isaskey', 'michael.davidshofer', 'rogunjimi', 'sgu20131429', 'tolerl', 'cscaring', 'yuminghym', 'agarci33', 'noh12', 'lauerc', 'reasato', 'dragoneye', 'yousifalayoub', 'kpastirk', 'jfcorrigan', 'arambhi2510', 'shreyadevkar12', 'gzimmer', 'jcieslik', 'cpkaschalk', 'ray41705', 'cesarnr21', 'jonescw79', 'andreaaddison91', 'neha3007', 'jkuchler', 'jinalkapadia29', 'numsontechno', 'kimura', 'selkin', 'liueddyxinlue', 'shivamkundan1', 'benbcasler', 'jahnaviak.11', 'acemagna', 'ellingtj', 'nkondrath', 'richtern', 'levy27', 'cpuc', 'yingningfan', 'biomed1998', 'lakaiola1128', 'mmerchs11', 'bbode', 'bamorim']"
10,229,71,25,24,"['vincenzomaria', 'sreeharshatetta', 'stefano.belliardo', 'loui3zhang97', 'andreaf93', 'gabriele.bossettini', 'lyr', 'alessandrocasto', 'sergiodg97', 'francesco_lucherini', 'libanese', 'samuelemancuso', 'mclpazzagli', 'ertarallo95', 'bettamin.dario', 's276114', 'spammm072', 'carmelobua', 'minguccio', 'stramaele', 'alesalve', 'nikoleballa', 'francesco96', 'santimarting']",47,"['elisabettacasto6', 'cecilia.pierp', 'luigi108', 'ricuccipasquale95', 'arav1396', 'andrea9gallo', 'giuseppe97', 'oscaralejo.mena', 'dariodicensi', 'salvocar97', 'caty9619', 'alihijazi', 'castagnamatteo790', 'lacchiffo', 'matteomercuri', 'robb25', '10enricogiglio', 'werle.jeremy38', 'tohid.mohseni', 'gendes', 'donatoalessandro.isernia', 'sambuddy96', 'samuele.renda', 'nitinnair98', 'gio97', 'alexandercage97', 'paoloporfino', 'caoyang', 'dariobas', 'edoardo97', 'carlo.galfione', 'st.felicioni', 'jgreg96', 'bilal.yosafzai57', 'cataluccigiulio', 'stefano.dagostino97', 'sevda16', 'marco.castaldi501', 'dodo301297', 'stefanotrentini1997', 'manplaza', 'onurhan276776', 'pierm96', 'mister_moran', 'mat96pr', 'marselballa22', 'assylbek_kairov']",1,['matteo.fasano'],72,"['elisabettacasto6', 'sreeharshatetta', 'loui3zhang97', 'arav1396', 'giuseppe97', 'oscaralejo.mena', 'lyr', 'dariodicensi', 'alessandrocasto', 'salvocar97', 'matteo.fasano', 'caty9619', 'sergiodg97', 'castagnamatteo790', 'matteomercuri', 'francesco_lucherini', 'samuelemancuso', 'werle.jeremy38', 'tohid.mohseni', 'donatoalessandro.isernia', 'samuele.renda', 'nitinnair98', 'dariobas', 'carlo.galfione', 'cataluccigiulio', 'stefano.dagostino97', 'sevda16', 'alesalve', 'marco.castaldi501', 'dodo301297', 'onurhan276776', 'nikoleballa', 'santimarting', 'mat96pr', 'vincenzomaria', 'stefano.belliardo', 'cecilia.pierp', 'luigi108', 'ricuccipasquale95', 'andreaf93', 'andrea9gallo', 'gabriele.bossettini', 'assylbek_kairov', 'alihijazi', 'lacchiffo', 'robb25', '10enricogiglio', 'libanese', 'gendes', 'sambuddy96', 'mclpazzagli', 'gio97', 'alexandercage97', 'paoloporfino', 'bettamin.dario', 'caoyang', 'pierm96', 'edoardo97', 's276114', 'spammm072', 'st.felicioni', 'carmelobua', 'jgreg96', 'minguccio', 'bilal.yosafzai57', 'stramaele', 'stefanotrentini1997', 'manplaza', 'francesco96', 'mister_moran', 'marselballa22', 'ertarallo95']"
10,230,71,7,6,"['cataluccigiulio', 'lacchiffo', 'matteomercuri', 'robb25', 'tohid.mohseni', 'assylbek_kairov']",65,"['elisabettacasto6', 'sreeharshatetta', 'loui3zhang97', 'arav1396', 'giuseppe97', 'oscaralejo.mena', 'lyr', 'dariodicensi', 'alessandrocasto', 'salvocar97', 'caty9619', 'sergiodg97', 'castagnamatteo790', 'francesco_lucherini', 'samuelemancuso', 'werle.jeremy38', 'donatoalessandro.isernia', 'samuele.renda', 'nitinnair98', 'dariobas', 'carlo.galfione', 'stefano.dagostino97', 'sevda16', 'alesalve', 'marco.castaldi501', 'dodo301297', 'onurhan276776', 'nikoleballa', 'santimarting', 'mat96pr', 'vincenzomaria', 'stefano.belliardo', 'cecilia.pierp', 'luigi108', 'ricuccipasquale95', 'andreaf93', 'andrea9gallo', 'gabriele.bossettini', 'alihijazi', '10enricogiglio', 'libanese', 'gendes', 'sambuddy96', 'mclpazzagli', 'gio97', 'alexandercage97', 'paoloporfino', 'bettamin.dario', 'caoyang', 'pierm96', 'edoardo97', 's276114', 'spammm072', 'st.felicioni', 'carmelobua', 'jgreg96', 'minguccio', 'bilal.yosafzai57', 'stramaele', 'stefanotrentini1997', 'manplaza', 'francesco96', 'mister_moran', 'marselballa22', 'ertarallo95']",1,['matteo.fasano'],72,"['elisabettacasto6', 'sreeharshatetta', 'loui3zhang97', 'arav1396', 'giuseppe97', 'oscaralejo.mena', 'lyr', 'dariodicensi', 'alessandrocasto', 'salvocar97', 'matteo.fasano', 'caty9619', 'sergiodg97', 'castagnamatteo790', 'matteomercuri', 'francesco_lucherini', 'samuelemancuso', 'werle.jeremy38', 'tohid.mohseni', 'donatoalessandro.isernia', 'samuele.renda', 'nitinnair98', 'dariobas', 'carlo.galfione', 'cataluccigiulio', 'stefano.dagostino97', 'sevda16', 'alesalve', 'marco.castaldi501', 'dodo301297', 'onurhan276776', 'nikoleballa', 'santimarting', 'mat96pr', 'vincenzomaria', 'stefano.belliardo', 'cecilia.pierp', 'luigi108', 'ricuccipasquale95', 'andreaf93', 'andrea9gallo', 'gabriele.bossettini', 'assylbek_kairov', 'alihijazi', 'lacchiffo', 'robb25', '10enricogiglio', 'libanese', 'gendes', 'sambuddy96', 'mclpazzagli', 'gio97', 'alexandercage97', 'paoloporfino', 'bettamin.dario', 'caoyang', 'pierm96', 'edoardo97', 's276114', 'spammm072', 'st.felicioni', 'carmelobua', 'jgreg96', 'minguccio', 'bilal.yosafzai57', 'stramaele', 'stefanotrentini1997', 'manplaza', 'francesco96', 'mister_moran', 'marselballa22', 'ertarallo95']"
11,205,70,270,55,"['mtanzi', 'therahuul', 'matthewdailey', 'sallysong683', 'siyuezheng', 'ignaciomilani', 'jakubpepas', 'reyda', 'jrichman99', 'jenniferperez1', 'sschneider874', 'ghobashy445', 'jonathan.balent', 'itskatomall', 'u1121281', 'dbeciri45', 'sherwmit', 'jedelkind0117', 'sgu20151463', 'bbatuhanbilecen', 'eserafimbortolazzo', 'lukebidulka', 'rohdej', 'hayejord', 'gcxmoffice1994', 'mcdonald.josh', 'ludovick', 'francike', 'estalin', 'dbister', 'b.isenberg', 'b.benson', 'bobbimatheson', 'naitix', 'hancheyn', 'kirollos.morcos.km', 'ylanbdr', 'sportmonkey584', 'rricardo0324', 'anamichelena', 'coopjord', 'u0543041', 'bassel0elgharbawy0', 'u1285150', 'kyserch', 'student1000', 'cicalesej', 'rachelgjohnson', 'rachel.blaydes', 'nes1011', 'u1201859', 'matthewleemle2', 'msubullies1', 'vetterd', 'mitchell.shields99']",15,"['turin1366', 'estalinalvarezalvarez', 'mitchellgg', 'cciraci', 'zkkazi99', 'tylervrd', 'csparkes', 'lingyiw9954', 'msiq14', 'killuaonizuka1999', 'pupochek', 'cd_bon', 'petershn', 'sgu20171498', 'edwhitlock']",215,"['samuelfl', 'thddpwls257', 'aht47', 'uxiavelca', 'emt2', 'pablosande98', '5dustkd', 'zaubin42', 'beper53', 'adrianhochgesang', 'n3b3x', 'xogus102929', 'abal2474', 'xoangon', 'suyoneee', 'ghtlstnf7', 'danielcondetorres', 'koakhyunji', 'jesusgiraldez', 'lwang82', 'chvk4161', 'caetano.eirea', 'finnclements', 'clara.landesa', 'latourem', 'jlkirk', 'htj1104', 'tristram', 'yougyeongo', 'dish1498', 'juanjoseo', 'sukjunyeo', 'gonserr', 'danielm78', 'macks', 'dorxlqmdkdlel', 'nargene', 'lhc33820933', 'nerwin', 'franktib2', 'm0650104.ee06g', 'alskdjfh6161', 'yjn3492', 'ezsamsuntung', 'josig2011', 'andreagcoto', 'guillermocam', 'vandelei', 'exareivaj', 'u0360918', 'martinperezmaneiro', 'miguel_fernandez', 'marniesan', 'manuel10suarez10', 'dale7283', 'juho4523', 'dldnals2020', 'mmartinezsanchez', 'mocha7411', 'wodnjssnsk12', 'jn12su27', 'hjshook', 'mis5660', 'ziyue2', 'ohh99o9', 'socrat', 'ophelie10', 'rygr8576', 'dmeyer1998', 'shabnashreej', 'kunge0054', 'xoanmayo', 'sabintandukar', 'nshamsi', 'foojorge', 'zrm0001', 'doog9601', 'smdesrochers', 'taylordavis678', 'dnlek12', 'mertyamanoglu', 'tpollei', 'alberto4', 'ye02', 'cjsxodnd12', 'yassminsabry', 'wjdekgus77', 'eogn1004', 'emilioar', 'gipes', 'ekdms0894', 'bsusol2', 'genius_p', 'kendalhiatt', 'cjs476', 'gekco', 'juansans98', 'isaac.dominguez4444', 'parkface94', 'johnlanghout', 'georgeckchen', 'e.pmcrespo', 'k66773659', 'giacomo.munari.1', 'jmy0002', 'leesk4869', 'pedro.julian', 'iflueck2', 'petercp2', 'dariushkim', 'cbo3', 'palzmq', 'aia00001', 'giung0227', 'jaephago', 'hyerim100600', 'byeolguri', 'kepco2020a', 'mehdibandali', 'aanupam3', 'marcospascualin', 'qncowlf10', 'spazos', 'supernhtr', 'qwerty0637', 'boody456366', 'axelbelgarde', 'marshallfrye', 'jasperdeconinck', 'cbnuleejinwoo', 'glevita2', 'raymondzhou227', 'foghel96', 'toast', 'chohyundong12', 'josedamiangarcianoya', 'jeandavid', 'fofi94', 'graceml2', 'ryuhoin2002', 'piri940511', 'qumo4329', 'corozco', 'tnqls3409', 'mikesnure', 'giacomo.bego', 'philg', 'sooooooy314', 'nakkulab', 'khfrum', 'blake.ballou08', 'jiaolh', 'rhrna007', 'carlosvigo1997', 'tmdorsey', 'sumintnals', 'pichoncillo1', 'hyerim1006000', 'jboniuk98', 'jdanivc', 'ardisch123', 'andrea.oldham97', 'dangover94', 'rbb0001', 'navya.k.shastri', 'cmoauro2', 'chzh1341', 'daniel.robin22', 'iagomillanentenza', '123whdxor', 'aloptor', 'kesu1234', 'dhkswk96', 'eunice98k', 'lidiadom', 'soddi1621', 'junzed2', 'mattmattmerrill', 'logankraus', 'zlapvmf', 'anstjd1542', 'anais3', 'mauro_sg', 'anstpdlffj3', 'ana.rmteo', 'adp5383', 'titanking231', 'bw02203', 'martinzapatamartinez', 'ganaaa12a', 'alw0039', 'antonio25', 'tjtks4730', 'bha00001', 'chdu6864', 'pablocl', 'yoonek6719', 'jhryu1994', 'thomas.poulin', 'ybso1566', 'idargu90', 'antoramp', 'qottkf6194', 'lsj4677', 'myez', 'hellbomber101', 'declanb', 'yoojeong9925', 'immmin6677', 'xfiles', 'tonni1912', 'hs960531', 'qkslqksl951', 'roychoudhuryaditya2019', 'rsp79']",285,"['mitchellgg', 'thddpwls257', 'siyuezheng', 'csparkes', 'emt2', 'beper53', 'zaubin42', 'adrianhochgesang', 'jrichman99', 'abal2474', 'xoangon', 'xogus102929', 'ghtlstnf7', 'itskatomall', 'danielcondetorres', 'koakhyunji', 'jesusgiraldez', 'lwang82', 'caetano.eirea', 'finnclements', 'clara.landesa', 'lukebidulka', 'latourem', 'jlkirk', 'htj1104', 'yougyeongo', 'hayejord', 'dish1498', 'sukjunyeo', 'danielm78', 'estalin', 'lhc33820933', 'nerwin', 'm0650104.ee06g', 'alskdjfh6161', 'anamichelena', 'josig2011', 'andreagcoto', 'coopjord', 'guillermocam', 'martinperezmaneiro', 'u1201859', 'miguel_fernandez', 'msubullies1', 'marniesan', 'mitchell.shields99', 'mmartinezsanchez', 'mis5660', 'ziyue2', 'ohh99o9', 'killuaonizuka1999', 'ophelie10', 'shabnashreej', 'xoanmayo', 'nshamsi', 'foojorge', 'lingyiw9954', 'zrm0001', 'doog9601', 'smdesrochers', 'taylordavis678', 'tpollei', 'ye02', 'cjsxodnd12', 'wjdekgus77', 'naitix', 'ekdms0894', 'sportmonkey584', 'kendalhiatt', 'cjs476', 'gekco', 'isaac.dominguez4444', 'e.pmcrespo', 'k66773659', 'msiq14', 'giacomo.munari.1', 'pedro.julian', 'iflueck2', 'petercp2', 'dariushkim', 'aia00001', 'matthewdailey', 'hyerim100600', 'byeolguri', 'mehdibandali', 'aanupam3', 'marcospascualin', 'qncowlf10', 'spazos', 'supernhtr', 'jasperdeconinck', 'cbnuleejinwoo', 'glevita2', 'toast', 'chohyundong12', 'josedamiangarcianoya', 'jeandavid', 'petershn', 'rohdej', 'gcxmoffice1994', 'ludovick', 'ryuhoin2002', 'piri940511', 'tnqls3409', 'giacomo.bego', 'philg', 'rricardo0324', 'nakkulab', 'blake.ballou08', 'carlosvigo1997', 'cicalesej', 'sumintnals', 'jboniuk98', 'jdanivc', 'ardisch123', 'dangover94', 'navya.k.shastri', 'therahuul', 'rbb0001', '123whdxor', 'sschneider874', 'aloptor', 'kesu1234', 'jonathan.balent', 'cciraci', 'lidiadom', 'junzed2', 'mattmattmerrill', 'logankraus', 'zlapvmf', 'sherwmit', 'bbatuhanbilecen', 'anstjd1542', 'anais3', 'mauro_sg', 'ana.rmteo', 'adp5383', 'estalinalvarezalvarez', 'bobbimatheson', 'alw0039', 'antonio25', 'tjtks4730', 'bha00001', 'jhryu1994', 'thomas.poulin', 'u0543041', 'antoramp', 'kyserch', 'lsj4677', 'rachelgjohnson', 'zkkazi99', 'yoojeong9925', 'immmin6677', 'xfiles', 'tonni1912', 'hs960531', 'ybso1566', 'roychoudhuryaditya2019', 'samuelfl', 'ignaciomilani', 'aht47', 'tylervrd', 'uxiavelca', 'pablosande98', '5dustkd', 'jenniferperez1', 'n3b3x', 'suyoneee', 'chvk4161', 'dbeciri45', 'cd_bon', 'tristram', 'dorxlqmdkdlel', 'juanjoseo', 'mcdonald.josh', 'francike', 'macks', 'gonserr', 'nargene', 'franktib2', 'kirollos.morcos.km', 'yjn3492', 'ezsamsuntung', 'vandelei', 'exareivaj', 'bassel0elgharbawy0', 'u1285150', 'u0360918', 'manuel10suarez10', 'juho4523', 'dale7283', 'dldnals2020', 'pupochek', 'mocha7411', 'wodnjssnsk12', 'jn12su27', 'hjshook', 'socrat', 'rygr8576', 'dmeyer1998', 'kunge0054', 'edwhitlock', 'sabintandukar', 'dnlek12', 'mertyamanoglu', 'yassminsabry', 'sgu20171498', 'alberto4', 'dbister', 'b.isenberg', 'eogn1004', 'emilioar', 'gipes', 'bsusol2', 'genius_p', 'ylanbdr', 'juansans98', 'parkface94', 'johnlanghout', 'georgeckchen', 'rachel.blaydes', 'nes1011', 'matthewleemle2', 'jmy0002', 'leesk4869', 'vetterd', 'cbo3', 'palzmq', 'giung0227', 'jaephago', 'jakubpepas', 'kepco2020a', 'reyda', 'qwerty0637', 'boody456366', 'ghobashy445', 'axelbelgarde', 'marshallfrye', 'raymondzhou227', 'foghel96', 'sgu20151463', 'eserafimbortolazzo', 'fofi94', 'graceml2', 'turin1366', 'qumo4329', 'corozco', 'b.benson', 'hancheyn', 'mikesnure', 'sooooooy314', 'khfrum', 'jiaolh', 'rhrna007', 'student1000', 'tmdorsey', 'pichoncillo1', 'hyerim1006000', 'andrea.oldham97', 'mtanzi', 'cmoauro2', 'sallysong683', 'chzh1341', 'daniel.robin22', 'iagomillanentenza', 'dhkswk96', 'eunice98k', 'soddi1621', 'u1121281', 'jedelkind0117', 'anstpdlffj3', 'titanking231', 'bw02203', 'martinzapatamartinez', 'ganaaa12a', 'chdu6864', 'pablocl', 'yoonek6719', 'idargu90', 'qottkf6194', 'myez', 'hellbomber101', 'declanb', 'qkslqksl951', 'rsp79']"
11,187,70,45,14,"['therahuul', 'gcxmoffice1994', 'estalinalvarezalvarez', 'mitchellgg', 'sallysong683', 'estalin', 'zkkazi99', 'tylervrd', 'csparkes', 'lingyiw9954', 'kirollos.morcos.km', 'killuaonizuka1999', 'matthewleemle2', 'cd_bon']",56,"['mtanzi', 'matthewdailey', 'siyuezheng', 'ignaciomilani', 'jakubpepas', 'reyda', 'jrichman99', 'jenniferperez1', 'sschneider874', 'ghobashy445', 'jonathan.balent', 'cciraci', 'edwhitlock', 'itskatomall', 'u1121281', 'dbeciri45', 'sherwmit', 'jedelkind0117', 'sgu20151463', 'bbatuhanbilecen', 'eserafimbortolazzo', 'lukebidulka', 'petershn', 'sgu20171498', 'rohdej', 'hayejord', 'turin1366', 'mcdonald.josh', 'ludovick', 'francike', 'dbister', 'b.isenberg', 'b.benson', 'bobbimatheson', 'naitix', 'hancheyn', 'ylanbdr', 'sportmonkey584', 'rricardo0324', 'anamichelena', 'coopjord', 'u0543041', 'bassel0elgharbawy0', 'u1285150', 'kyserch', 'student1000', 'cicalesej', 'rachelgjohnson', 'rachel.blaydes', 'msiq14', 'nes1011', 'u1201859', 'msubullies1', 'vetterd', 'mitchell.shields99', 'pupochek']",31,"['shayakchakrabarti', 'marianoroldan12', 'sambedry', 'brendonbk81', 'tylerqwong', 'andresvl', 'daanyaal.sobani', 'jakecronin97', 'eunice98k', 'mimaamin28', 'nicolecam', 'johngim1', 'j8', 'yazan99', 'jadencoelho', 'tsuchinoko.ls', 'jfakidis', 'neil01', 'aes_op', 'rozhansa', 'apunch', 'youyouli', 'georgeckchen', 'danartur99', 'vogecap240', 'elec315s', 'daniellistudent', 'johnkm37', 'cd_bonamis', 'kayusuf97', 'erickvfc']",101,"['matthewdailey', 'marianoroldan12', 'mitchellgg', 'siyuezheng', 'ignaciomilani', 'jakubpepas', 'csparkes', 'tylervrd', 'tylerqwong', 'reyda', 'jrichman99', 'jenniferperez1', 'ghobashy445', 'itskatomall', 'nicolecam', 'dbeciri45', 'sgu20151463', 'eserafimbortolazzo', 'johngim1', 'lukebidulka', 'cd_bon', 'petershn', 'rohdej', 'yazan99', 'hayejord', 'turin1366', 'gcxmoffice1994', 'mcdonald.josh', 'ludovick', 'francike', 'estalin', 'b.benson', 'hancheyn', 'kirollos.morcos.km', 'rricardo0324', 'anamichelena', 'neil01', 'aes_op', 'coopjord', 'bassel0elgharbawy0', 'u1285150', 'student1000', 'cicalesej', 'u1201859', 'msubullies1', 'elec315s', 'kayusuf97', 'erickvfc', 'mitchell.shields99', 'pupochek', 'mtanzi', 'therahuul', 'shayakchakrabarti', 'sambedry', 'sallysong683', 'brendonbk81', 'killuaonizuka1999', 'andresvl', 'daanyaal.sobani', 'sschneider874', 'jakecronin97', 'eunice98k', 'jonathan.balent', 'edwhitlock', 'cciraci', 'mimaamin28', 'u1121281', 'lingyiw9954', 'sherwmit', 'jedelkind0117', 'bbatuhanbilecen', 'j8', 'sgu20171498', 'jadencoelho', 'estalinalvarezalvarez', 'tsuchinoko.ls', 'dbister', 'b.isenberg', 'bobbimatheson', 'naitix', 'jfakidis', 'ylanbdr', 'sportmonkey584', 'rozhansa', 'apunch', 'u0543041', 'youyouli', 'georgeckchen', 'kyserch', 'rachelgjohnson', 'zkkazi99', 'rachel.blaydes', 'msiq14', 'nes1011', 'matthewleemle2', 'danartur99', 'vogecap240', 'daniellistudent', 'vetterd', 'johnkm37', 'cd_bonamis']"
11,209,70,34,3,"['matthewdailey', 'u1121281', 'u0543041']",67,"['mtanzi', 'therahuul', 'mitchellgg', 'sallysong683', 'siyuezheng', 'ignaciomilani', 'jakubpepas', 'csparkes', 'tylervrd', 'killuaonizuka1999', 'reyda', 'jrichman99', 'jenniferperez1', 'sschneider874', 'ghobashy445', 'jonathan.balent', 'cciraci', 'edwhitlock', 'itskatomall', 'lingyiw9954', 'dbeciri45', 'sherwmit', 'jedelkind0117', 'sgu20151463', 'bbatuhanbilecen', 'eserafimbortolazzo', 'lukebidulka', 'cd_bon', 'petershn', 'sgu20171498', 'rohdej', 'hayejord', 'turin1366', 'gcxmoffice1994', 'mcdonald.josh', 'estalinalvarezalvarez', 'ludovick', 'estalin', 'dbister', 'b.isenberg', 'francike', 'b.benson', 'bobbimatheson', 'naitix', 'hancheyn', 'kirollos.morcos.km', 'ylanbdr', 'sportmonkey584', 'rricardo0324', 'anamichelena', 'coopjord', 'bassel0elgharbawy0', 'u1285150', 'kyserch', 'student1000', 'cicalesej', 'zkkazi99', 'rachel.blaydes', 'msiq14', 'rachelgjohnson', 'nes1011', 'u1201859', 'matthewleemle2', 'msubullies1', 'vetterd', 'mitchell.shields99', 'pupochek']",31,"['u1119648', 'u1020447', 'u0759716', 'agustaf', 'u1129087', 'u1208445', 'u1190640', 'u1114754', 'u1275153', 'u0839673', 'u1142708', 'u0984834', 'u0304786', 'u1097560', 'harry171717171', 'u0916112', 'henrycran', 'mharis', 'u0914596', 'u0934438', 'dudeinblue1', 'remnantemmitt', 'u1073244', 'u1198840', 'u0813032', 'brian.burton93', 'shaunmckellar', 'u0540664', 'u0953149', 'u1222263', 'u1172821']",101,"['matthewdailey', 'mitchellgg', 'siyuezheng', 'ignaciomilani', 'jakubpepas', 'csparkes', 'tylervrd', 'u0759716', 'agustaf', 'reyda', 'u1190640', 'jrichman99', 'jenniferperez1', 'u1114754', 'ghobashy445', 'itskatomall', 'u0839673', 'dbeciri45', 'u0984834', 'sgu20151463', 'eserafimbortolazzo', 'lukebidulka', 'cd_bon', 'petershn', 'rohdej', 'hayejord', 'turin1366', 'gcxmoffice1994', 'mcdonald.josh', 'ludovick', 'francike', 'estalin', 'harry171717171', 'b.benson', 'hancheyn', 'kirollos.morcos.km', 'rricardo0324', 'anamichelena', 'u0916112', 'coopjord', 'mharis', 'u0914596', 'dudeinblue1', 'bassel0elgharbawy0', 'u1285150', 'remnantemmitt', 'u0813032', 'student1000', 'cicalesej', 'brian.burton93', 'shaunmckellar', 'u1201859', 'u0540664', 'msubullies1', 'mitchell.shields99', 'pupochek', 'mtanzi', 'therahuul', 'u1119648', 'u1020447', 'sallysong683', 'killuaonizuka1999', 'u1129087', 'u1208445', 'sschneider874', 'u1275153', 'jonathan.balent', 'edwhitlock', 'cciraci', 'u1121281', 'u1142708', 'lingyiw9954', 'sherwmit', 'jedelkind0117', 'u0304786', 'bbatuhanbilecen', 'sgu20171498', 'u1097560', 'estalinalvarezalvarez', 'dbister', 'b.isenberg', 'bobbimatheson', 'naitix', 'ylanbdr', 'sportmonkey584', 'henrycran', 'u0934438', 'u0543041', 'kyserch', 'u1073244', 'u1198840', 'rachelgjohnson', 'zkkazi99', 'rachel.blaydes', 'msiq14', 'nes1011', 'matthewleemle2', 'vetterd', 'u0953149', 'u1222263', 'u1172821']"
11,186,70,19,11,"['mtanzi', 'mcdonald.josh', 'dbister', 'siyuezheng', 'bobbimatheson', 'rachelgjohnson', 'ylanbdr', 'reyda', 'sportmonkey584', 'rricardo0324', 'anamichelena']",59,"['therahuul', 'matthewdailey', 'mitchellgg', 'sallysong683', 'ignaciomilani', 'jakubpepas', 'csparkes', 'tylervrd', 'killuaonizuka1999', 'jrichman99', 'jenniferperez1', 'sschneider874', 'ghobashy445', 'jonathan.balent', 'cciraci', 'edwhitlock', 'itskatomall', 'u1121281', 'lingyiw9954', 'dbeciri45', 'sherwmit', 'jedelkind0117', 'sgu20151463', 'bbatuhanbilecen', 'eserafimbortolazzo', 'lukebidulka', 'cd_bon', 'petershn', 'sgu20171498', 'rohdej', 'hayejord', 'turin1366', 'gcxmoffice1994', 'ludovick', 'estalinalvarezalvarez', 'francike', 'estalin', 'b.isenberg', 'b.benson', 'hancheyn', 'naitix', 'kirollos.morcos.km', 'coopjord', 'u0543041', 'bassel0elgharbawy0', 'u1285150', 'kyserch', 'student1000', 'cicalesej', 'zkkazi99', 'rachel.blaydes', 'msiq14', 'nes1011', 'u1201859', 'matthewleemle2', 'msubullies1', 'vetterd', 'mitchell.shields99', 'pupochek']",8,"['johnlanghout', 'cetolaj', 'sydneyhiggins', 'nerwin', 'josephwilliams11', 'dariushkim', 'rocioborroto', 'megahnb']",78,"['matthewdailey', 'mitchellgg', 'siyuezheng', 'ignaciomilani', 'jakubpepas', 'csparkes', 'tylervrd', 'reyda', 'jrichman99', 'jenniferperez1', 'rocioborroto', 'ghobashy445', 'itskatomall', 'josephwilliams11', 'dbeciri45', 'sgu20151463', 'eserafimbortolazzo', 'lukebidulka', 'cd_bon', 'petershn', 'rohdej', 'megahnb', 'hayejord', 'turin1366', 'gcxmoffice1994', 'mcdonald.josh', 'ludovick', 'francike', 'estalin', 'b.benson', 'hancheyn', 'nerwin', 'kirollos.morcos.km', 'rricardo0324', 'anamichelena', 'coopjord', 'bassel0elgharbawy0', 'u1285150', 'student1000', 'cicalesej', 'u1201859', 'msubullies1', 'mitchell.shields99', 'pupochek', 'mtanzi', 'therahuul', 'sallysong683', 'sydneyhiggins', 'killuaonizuka1999', 'sschneider874', 'jonathan.balent', 'edwhitlock', 'cciraci', 'u1121281', 'lingyiw9954', 'sherwmit', 'jedelkind0117', 'bbatuhanbilecen', 'sgu20171498', 'estalinalvarezalvarez', 'dbister', 'b.isenberg', 'bobbimatheson', 'naitix', 'ylanbdr', 'sportmonkey584', 'u0543041', 'johnlanghout', 'cetolaj', 'kyserch', 'rachelgjohnson', 'zkkazi99', 'rachel.blaydes', 'msiq14', 'nes1011', 'matthewleemle2', 'dariushkim', 'vetterd']"
11,189,70,8,6,"['francike', 'hancheyn', 'msubullies1', 'vetterd', 'coopjord', 'hayejord']",64,"['matthewdailey', 'mitchellgg', 'siyuezheng', 'ignaciomilani', 'jakubpepas', 'csparkes', 'tylervrd', 'reyda', 'jrichman99', 'jenniferperez1', 'ghobashy445', 'itskatomall', 'dbeciri45', 'sgu20151463', 'eserafimbortolazzo', 'lukebidulka', 'cd_bon', 'petershn', 'rohdej', 'turin1366', 'gcxmoffice1994', 'mcdonald.josh', 'ludovick', 'estalin', 'b.benson', 'kirollos.morcos.km', 'rricardo0324', 'anamichelena', 'bassel0elgharbawy0', 'u1285150', 'student1000', 'cicalesej', 'u1201859', 'mitchell.shields99', 'pupochek', 'mtanzi', 'therahuul', 'sallysong683', 'killuaonizuka1999', 'sschneider874', 'jonathan.balent', 'edwhitlock', 'cciraci', 'u1121281', 'lingyiw9954', 'sherwmit', 'jedelkind0117', 'bbatuhanbilecen', 'sgu20171498', 'estalinalvarezalvarez', 'dbister', 'b.isenberg', 'bobbimatheson', 'naitix', 'ylanbdr', 'sportmonkey584', 'u0543041', 'kyserch', 'rachelgjohnson', 'zkkazi99', 'rachel.blaydes', 'msiq14', 'nes1011', 'matthewleemle2']",2,"['jiaolh', 'vandelei']",72,"['matthewdailey', 'mitchellgg', 'siyuezheng', 'ignaciomilani', 'jakubpepas', 'csparkes', 'tylervrd', 'reyda', 'jrichman99', 'jenniferperez1', 'ghobashy445', 'itskatomall', 'dbeciri45', 'sgu20151463', 'eserafimbortolazzo', 'lukebidulka', 'cd_bon', 'petershn', 'rohdej', 'hayejord', 'turin1366', 'gcxmoffice1994', 'mcdonald.josh', 'ludovick', 'francike', 'estalin', 'b.benson', 'hancheyn', 'kirollos.morcos.km', 'rricardo0324', 'anamichelena', 'coopjord', 'vandelei', 'jiaolh', 'bassel0elgharbawy0', 'u1285150', 'student1000', 'cicalesej', 'u1201859', 'msubullies1', 'mitchell.shields99', 'pupochek', 'mtanzi', 'therahuul', 'sallysong683', 'killuaonizuka1999', 'sschneider874', 'jonathan.balent', 'edwhitlock', 'cciraci', 'u1121281', 'lingyiw9954', 'sherwmit', 'jedelkind0117', 'bbatuhanbilecen', 'sgu20171498', 'estalinalvarezalvarez', 'dbister', 'b.isenberg', 'bobbimatheson', 'naitix', 'ylanbdr', 'sportmonkey584', 'u0543041', 'kyserch', 'rachelgjohnson', 'zkkazi99', 'rachel.blaydes', 'msiq14', 'nes1011', 'matthewleemle2', 'vetterd']"
11,206,70,7,3,"['sherwmit', 'ludovick', 'rohdej']",67,"['matthewdailey', 'mitchellgg', 'siyuezheng', 'ignaciomilani', 'jakubpepas', 'csparkes', 'tylervrd', 'reyda', 'jrichman99', 'jenniferperez1', 'ghobashy445', 'itskatomall', 'dbeciri45', 'sgu20151463', 'eserafimbortolazzo', 'lukebidulka', 'cd_bon', 'petershn', 'hayejord', 'turin1366', 'gcxmoffice1994', 'mcdonald.josh', 'francike', 'estalin', 'b.benson', 'hancheyn', 'kirollos.morcos.km', 'rricardo0324', 'anamichelena', 'coopjord', 'bassel0elgharbawy0', 'u1285150', 'student1000', 'cicalesej', 'u1201859', 'msubullies1', 'mitchell.shields99', 'pupochek', 'mtanzi', 'therahuul', 'sallysong683', 'killuaonizuka1999', 'sschneider874', 'jonathan.balent', 'edwhitlock', 'cciraci', 'u1121281', 'lingyiw9954', 'jedelkind0117', 'bbatuhanbilecen', 'sgu20171498', 'estalinalvarezalvarez', 'dbister', 'b.isenberg', 'bobbimatheson', 'naitix', 'ylanbdr', 'sportmonkey584', 'u0543041', 'kyserch', 'rachelgjohnson', 'zkkazi99', 'rachel.blaydes', 'msiq14', 'nes1011', 'matthewleemle2', 'vetterd']",4,"['brownb4', 'gonserr', 'nakkulab', 'latourem']",74,"['matthewdailey', 'mitchellgg', 'siyuezheng', 'ignaciomilani', 'jakubpepas', 'csparkes', 'tylervrd', 'reyda', 'jrichman99', 'jenniferperez1', 'ghobashy445', 'itskatomall', 'dbeciri45', 'sgu20151463', 'eserafimbortolazzo', 'lukebidulka', 'latourem', 'cd_bon', 'petershn', 'rohdej', 'hayejord', 'turin1366', 'gcxmoffice1994', 'mcdonald.josh', 'ludovick', 'francike', 'estalin', 'gonserr', 'b.benson', 'hancheyn', 'kirollos.morcos.km', 'rricardo0324', 'anamichelena', 'nakkulab', 'coopjord', 'bassel0elgharbawy0', 'u1285150', 'student1000', 'cicalesej', 'u1201859', 'msubullies1', 'mitchell.shields99', 'pupochek', 'mtanzi', 'therahuul', 'sallysong683', 'killuaonizuka1999', 'sschneider874', 'jonathan.balent', 'edwhitlock', 'cciraci', 'u1121281', 'lingyiw9954', 'sherwmit', 'jedelkind0117', 'bbatuhanbilecen', 'sgu20171498', 'estalinalvarezalvarez', 'dbister', 'b.isenberg', 'bobbimatheson', 'naitix', 'ylanbdr', 'brownb4', 'sportmonkey584', 'u0543041', 'kyserch', 'rachelgjohnson', 'zkkazi99', 'rachel.blaydes', 'msiq14', 'nes1011', 'matthewleemle2', 'vetterd']"
12,91,60,11,8,"['danevans', 'grfedele', 'wesf', 'optalmad', 'lpmarks', 'scollard', 'ralsmith', 'reisnerd']",52,"['ebrufsky', 'dshah515', 'reshmirao3179', 'alone196733', 'apdoyle', 'adam.kwiatkowski', 'tonix', 'barnaonu', 'chrisowen830', 'ysf999', 'talamin', 'moralist', 'ccafmeyer1310', 'ahmad.azizan1596', 'nikaren', 'lwight', 'elaasser1', 'yaoxy14', 'cdonahu', 'hector.arbelo', 'lobbiam', 'bwatson7', 'm.r.asherloo1997', 'cauvaido1610', 'andressa_yasmim', 'tbarang', 'jzhang108', '08ramkha', 'kmaxie', 'tianlel', 'vtatagari', 'kcrawf', 'okdemir.samet', 'lapthai', 'alexshaw', 'andyjinzihao', 'cjmichae', 'shuozh', 'kenmp', 'jeilers', 'jowokypt12121890', 'asd133577', 'sloanluk', 'brokawat', 'asasa', 'vkov', 'pratik30', 'odonnelc', 'jess_elizabeth', 'jli206', 'yibo888', 'saxman25']",3,"['eleini', 'keonbe', 'narceci']",63,"['ebrufsky', 'dshah515', 'reshmirao3179', 'alone196733', 'apdoyle', 'adam.kwiatkowski', 'optalmad', 'wesf', 'tonix', 'scollard', 'barnaonu', 'chrisowen830', 'ysf999', 'talamin', 'grfedele', 'moralist', 'ccafmeyer1310', 'ahmad.azizan1596', 'nikaren', 'lwight', 'elaasser1', 'yaoxy14', 'cdonahu', 'hector.arbelo', 'lobbiam', 'bwatson7', 'm.r.asherloo1997', 'cauvaido1610', 'andressa_yasmim', 'tbarang', 'jzhang108', '08ramkha', 'kmaxie', 'tianlel', 'vtatagari', 'kcrawf', 'okdemir.samet', 'lapthai', 'alexshaw', 'andyjinzihao', 'cjmichae', 'narceci', 'keonbe', 'shuozh', 'lpmarks', 'ralsmith', 'kenmp', 'jeilers', 'jowokypt12121890', 'asd133577', 'sloanluk', 'danevans', 'brokawat', 'asasa', 'vkov', 'pratik30', 'odonnelc', 'eleini', 'jess_elizabeth', 'jli206', 'yibo888', 'reisnerd', 'saxman25']"
12,92,60,10,9,"['moralist', 'vtatagari', 'alone196733', 'bwatson7', 'andressa_yasmim', 'm.r.asherloo1997', 'talamin', 'jli206', 'jzhang108']",51,"['ebrufsky', 'dshah515', 'reshmirao3179', 'apdoyle', 'adam.kwiatkowski', 'optalmad', 'wesf', 'tonix', 'scollard', 'barnaonu', 'chrisowen830', 'ysf999', 'grfedele', 'ccafmeyer1310', 'ahmad.azizan1596', 'nikaren', 'lwight', 'elaasser1', 'yaoxy14', 'cdonahu', 'hector.arbelo', 'lobbiam', 'cauvaido1610', 'tbarang', '08ramkha', 'kmaxie', 'tianlel', 'kcrawf', 'okdemir.samet', 'lapthai', 'alexshaw', 'andyjinzihao', 'cjmichae', 'shuozh', 'lpmarks', 'ralsmith', 'kenmp', 'jeilers', 'jowokypt12121890', 'asd133577', 'sloanluk', 'danevans', 'brokawat', 'asasa', 'vkov', 'pratik30', 'odonnelc', 'jess_elizabeth', 'yibo888', 'reisnerd', 'saxman25']",1,['cchen138'],61,"['ebrufsky', 'dshah515', 'reshmirao3179', 'alone196733', 'apdoyle', 'adam.kwiatkowski', 'optalmad', 'wesf', 'tonix', 'scollard', 'barnaonu', 'chrisowen830', 'ysf999', 'talamin', 'grfedele', 'moralist', 'ccafmeyer1310', 'ahmad.azizan1596', 'nikaren', 'lwight', 'elaasser1', 'yaoxy14', 'cdonahu', 'hector.arbelo', 'lobbiam', 'bwatson7', 'm.r.asherloo1997', 'cauvaido1610', 'andressa_yasmim', 'tbarang', 'jzhang108', '08ramkha', 'kmaxie', 'tianlel', 'vtatagari', 'kcrawf', 'okdemir.samet', 'lapthai', 'alexshaw', 'andyjinzihao', 'cjmichae', 'shuozh', 'lpmarks', 'ralsmith', 'kenmp', 'jeilers', 'jowokypt12121890', 'asd133577', 'sloanluk', 'danevans', 'brokawat', 'cchen138', 'asasa', 'vkov', 'pratik30', 'odonnelc', 'jess_elizabeth', 'jli206', 'yibo888', 'reisnerd', 'saxman25']"
12,90,60,6,5,"['reshmirao3179', 'andyjinzihao', 'jess_elizabeth', 'yibo888', '08ramkha']",55,"['ebrufsky', 'dshah515', 'alone196733', 'apdoyle', 'adam.kwiatkowski', 'optalmad', 'wesf', 'tonix', 'scollard', 'barnaonu', 'chrisowen830', 'ysf999', 'talamin', 'grfedele', 'moralist', 'ccafmeyer1310', 'ahmad.azizan1596', 'nikaren', 'lwight', 'elaasser1', 'yaoxy14', 'cdonahu', 'hector.arbelo', 'lobbiam', 'bwatson7', 'm.r.asherloo1997', 'cauvaido1610', 'andressa_yasmim', 'tbarang', 'jzhang108', 'kmaxie', 'tianlel', 'vtatagari', 'kcrawf', 'okdemir.samet', 'lapthai', 'alexshaw', 'cjmichae', 'shuozh', 'lpmarks', 'ralsmith', 'kenmp', 'jeilers', 'jowokypt12121890', 'asd133577', 'sloanluk', 'danevans', 'brokawat', 'asasa', 'vkov', 'pratik30', 'odonnelc', 'jli206', 'reisnerd', 'saxman25']",1,['asd2815775'],61,"['ebrufsky', 'dshah515', 'reshmirao3179', 'alone196733', 'apdoyle', 'adam.kwiatkowski', 'optalmad', 'wesf', 'tonix', 'scollard', 'barnaonu', 'chrisowen830', 'ysf999', 'talamin', 'grfedele', 'moralist', 'ccafmeyer1310', 'ahmad.azizan1596', 'nikaren', 'lwight', 'elaasser1', 'yaoxy14', 'cdonahu', 'hector.arbelo', 'lobbiam', 'bwatson7', 'm.r.asherloo1997', 'cauvaido1610', 'andressa_yasmim', 'tbarang', 'jzhang108', '08ramkha', 'kmaxie', 'tianlel', 'vtatagari', 'kcrawf', 'okdemir.samet', 'lapthai', 'alexshaw', 'andyjinzihao', 'cjmichae', 'shuozh', 'lpmarks', 'ralsmith', 'kenmp', 'jeilers', 'asd2815775', 'jowokypt12121890', 'asd133577', 'sloanluk', 'danevans', 'brokawat', 'asasa', 'vkov', 'pratik30', 'odonnelc', 'jess_elizabeth', 'jli206', 'yibo888', 'reisnerd', 'saxman25']"
13,205,54,270,53,"['mocha7411', 'jn12su27', 'wodnjssnsk12', 'thddpwls257', 'mis5660', 'kepco2020a', 'ohh99o9', '5dustkd', 'qncowlf10', '123whdxor', 'qwerty0637', 'xogus102929', 'dhkswk96', 'soddi1621', 'koakhyunji', 'cbnuleejinwoo', 'chvk4161', 'doog9601', 'zlapvmf', 'dnlek12', 'chohyundong12', 'htj1104', 'anstjd1542', 'ye02', 'cjsxodnd12', 'sukjunyeo', 'wjdekgus77', 'nargene', 'bw02203', 'tnqls3409', 'lhc33820933', 'eogn1004', 'ekdms0894', 'bha00001', 'tjtks4730', 'genius_p', 'yoonek6719', 'yjn3492', 'josig2011', 'idargu90', 'rhrna007', 'qottkf6194', 'lsj4677', 'k66773659', 'sumintnals', 'yoojeong9925', 'leesk4869', 'immmin6677', 'juho4523', 'hs960531', 'qkslqksl951', 'palzmq', 'giung0227']",1,['qowoans94'],217,"['siyuezheng', 'emt2', 'beper53', 'zaubin42', 'adrianhochgesang', 'jrichman99', 'abal2474', 'xoangon', 'ghtlstnf7', 'itskatomall', 'danielcondetorres', 'jesusgiraldez', 'lwang82', 'caetano.eirea', 'finnclements', 'clara.landesa', 'lukebidulka', 'latourem', 'jlkirk', 'yougyeongo', 'dish1498', 'hayejord', 'danielm78', 'estalin', 'nerwin', 'm0650104.ee06g', 'alskdjfh6161', 'anamichelena', 'andreagcoto', 'coopjord', 'guillermocam', 'martinperezmaneiro', 'miguel_fernandez', 'u1201859', 'msubullies1', 'marniesan', 'mitchell.shields99', 'mmartinezsanchez', 'ziyue2', 'ophelie10', 'shabnashreej', 'xoanmayo', 'nshamsi', 'foojorge', 'zrm0001', 'smdesrochers', 'taylordavis678', 'tpollei', 'naitix', 'sportmonkey584', 'kendalhiatt', 'cjs476', 'gekco', 'isaac.dominguez4444', 'e.pmcrespo', 'giacomo.munari.1', 'pedro.julian', 'iflueck2', 'petercp2', 'dariushkim', 'aia00001', 'matthewdailey', 'hyerim100600', 'byeolguri', 'mehdibandali', 'aanupam3', 'marcospascualin', 'spazos', 'supernhtr', 'jasperdeconinck', 'glevita2', 'toast', 'josedamiangarcianoya', 'jeandavid', 'rohdej', 'gcxmoffice1994', 'ryuhoin2002', 'piri940511', 'ludovick', 'giacomo.bego', 'philg', 'rricardo0324', 'nakkulab', 'blake.ballou08', 'carlosvigo1997', 'cicalesej', 'jboniuk98', 'jdanivc', 'ardisch123', 'dangover94', 'navya.k.shastri', 'therahuul', 'rbb0001', 'aloptor', 'sschneider874', 'kesu1234', 'jonathan.balent', 'lidiadom', 'junzed2', 'mattmattmerrill', 'logankraus', 'sherwmit', 'bbatuhanbilecen', 'anais3', 'mauro_sg', 'ana.rmteo', 'adp5383', 'bobbimatheson', 'alw0039', 'antonio25', 'jhryu1994', 'thomas.poulin', 'u0543041', 'antoramp', 'kyserch', 'rachelgjohnson', 'xfiles', 'tonni1912', 'ybso1566', 'roychoudhuryaditya2019', 'samuelfl', 'ignaciomilani', 'aht47', 'uxiavelca', 'pablosande98', 'jenniferperez1', 'n3b3x', 'suyoneee', 'dbeciri45', 'tristram', 'dorxlqmdkdlel', 'juanjoseo', 'francike', 'gonserr', 'macks', 'mcdonald.josh', 'franktib2', 'kirollos.morcos.km', 'ezsamsuntung', 'vandelei', 'exareivaj', 'bassel0elgharbawy0', 'u1285150', 'u0360918', 'manuel10suarez10', 'dale7283', 'dldnals2020', 'hjshook', 'socrat', 'rygr8576', 'dmeyer1998', 'kunge0054', 'sabintandukar', 'mertyamanoglu', 'yassminsabry', 'alberto4', 'dbister', 'emilioar', 'b.isenberg', 'gipes', 'bsusol2', 'ylanbdr', 'juansans98', 'parkface94', 'johnlanghout', 'georgeckchen', 'rachel.blaydes', 'jmy0002', 'matthewleemle2', 'nes1011', 'vetterd', 'cbo3', 'jaephago', 'jakubpepas', 'reyda', 'boody456366', 'ghobashy445', 'axelbelgarde', 'marshallfrye', 'raymondzhou227', 'foghel96', 'sgu20151463', 'eserafimbortolazzo', 'fofi94', 'graceml2', 'qumo4329', 'corozco', 'b.benson', 'mikesnure', 'hancheyn', 'sooooooy314', 'khfrum', 'jiaolh', 'student1000', 'tmdorsey', 'pichoncillo1', 'hyerim1006000', 'andrea.oldham97', 'mtanzi', 'cmoauro2', 'sallysong683', 'chzh1341', 'daniel.robin22', 'iagomillanentenza', 'eunice98k', 'u1121281', 'jedelkind0117', 'anstpdlffj3', 'titanking231', 'martinzapatamartinez', 'ganaaa12a', 'chdu6864', 'pablocl', 'myez', 'hellbomber101', 'declanb', 'rsp79']",271,"['thddpwls257', 'siyuezheng', 'emt2', 'beper53', 'zaubin42', 'adrianhochgesang', 'jrichman99', 'abal2474', 'xogus102929', 'xoangon', 'ghtlstnf7', 'itskatomall', 'danielcondetorres', 'koakhyunji', 'jesusgiraldez', 'lwang82', 'caetano.eirea', 'finnclements', 'clara.landesa', 'lukebidulka', 'latourem', 'htj1104', 'jlkirk', 'yougyeongo', 'dish1498', 'hayejord', 'sukjunyeo', 'danielm78', 'estalin', 'lhc33820933', 'nerwin', 'm0650104.ee06g', 'alskdjfh6161', 'anamichelena', 'josig2011', 'andreagcoto', 'coopjord', 'guillermocam', 'martinperezmaneiro', 'miguel_fernandez', 'u1201859', 'msubullies1', 'marniesan', 'mitchell.shields99', 'mmartinezsanchez', 'mis5660', 'ziyue2', 'ohh99o9', 'ophelie10', 'qowoans94', 'shabnashreej', 'xoanmayo', 'nshamsi', 'foojorge', 'doog9601', 'zrm0001', 'smdesrochers', 'taylordavis678', 'tpollei', 'ye02', 'cjsxodnd12', 'wjdekgus77', 'ekdms0894', 'naitix', 'sportmonkey584', 'kendalhiatt', 'cjs476', 'gekco', 'isaac.dominguez4444', 'e.pmcrespo', 'k66773659', 'giacomo.munari.1', 'pedro.julian', 'iflueck2', 'petercp2', 'dariushkim', 'aia00001', 'matthewdailey', 'hyerim100600', 'byeolguri', 'mehdibandali', 'aanupam3', 'marcospascualin', 'qncowlf10', 'spazos', 'supernhtr', 'jasperdeconinck', 'cbnuleejinwoo', 'glevita2', 'toast', 'chohyundong12', 'josedamiangarcianoya', 'jeandavid', 'rohdej', 'gcxmoffice1994', 'ryuhoin2002', 'piri940511', 'ludovick', 'tnqls3409', 'giacomo.bego', 'philg', 'rricardo0324', 'nakkulab', 'blake.ballou08', 'carlosvigo1997', 'cicalesej', 'sumintnals', 'jboniuk98', 'jdanivc', 'ardisch123', 'dangover94', 'navya.k.shastri', 'therahuul', 'rbb0001', '123whdxor', 'aloptor', 'sschneider874', 'kesu1234', 'jonathan.balent', 'lidiadom', 'junzed2', 'mattmattmerrill', 'logankraus', 'zlapvmf', 'sherwmit', 'bbatuhanbilecen', 'anstjd1542', 'anais3', 'mauro_sg', 'ana.rmteo', 'adp5383', 'bobbimatheson', 'alw0039', 'antonio25', 'bha00001', 'tjtks4730', 'jhryu1994', 'thomas.poulin', 'u0543041', 'antoramp', 'kyserch', 'lsj4677', 'rachelgjohnson', 'yoojeong9925', 'immmin6677', 'xfiles', 'tonni1912', 'hs960531', 'ybso1566', 'roychoudhuryaditya2019', 'samuelfl', 'ignaciomilani', 'aht47', 'uxiavelca', 'pablosande98', '5dustkd', 'jenniferperez1', 'n3b3x', 'suyoneee', 'chvk4161', 'dbeciri45', 'tristram', 'dorxlqmdkdlel', 'juanjoseo', 'francike', 'gonserr', 'macks', 'mcdonald.josh', 'nargene', 'franktib2', 'kirollos.morcos.km', 'yjn3492', 'ezsamsuntung', 'vandelei', 'exareivaj', 'bassel0elgharbawy0', 'u1285150', 'u0360918', 'manuel10suarez10', 'juho4523', 'dale7283', 'dldnals2020', 'mocha7411', 'jn12su27', 'wodnjssnsk12', 'hjshook', 'socrat', 'rygr8576', 'dmeyer1998', 'kunge0054', 'sabintandukar', 'dnlek12', 'mertyamanoglu', 'yassminsabry', 'alberto4', 'dbister', 'eogn1004', 'emilioar', 'b.isenberg', 'gipes', 'bsusol2', 'genius_p', 'ylanbdr', 'juansans98', 'parkface94', 'johnlanghout', 'georgeckchen', 'rachel.blaydes', 'jmy0002', 'leesk4869', 'matthewleemle2', 'nes1011', 'vetterd', 'cbo3', 'palzmq', 'giung0227', 'jaephago', 'jakubpepas', 'kepco2020a', 'reyda', 'qwerty0637', 'boody456366', 'ghobashy445', 'axelbelgarde', 'marshallfrye', 'raymondzhou227', 'foghel96', 'sgu20151463', 'eserafimbortolazzo', 'fofi94', 'graceml2', 'qumo4329', 'corozco', 'b.benson', 'mikesnure', 'hancheyn', 'sooooooy314', 'khfrum', 'jiaolh', 'rhrna007', 'student1000', 'tmdorsey', 'pichoncillo1', 'hyerim1006000', 'andrea.oldham97', 'mtanzi', 'cmoauro2', 'sallysong683', 'chzh1341', 'daniel.robin22', 'iagomillanentenza', 'dhkswk96', 'eunice98k', 'soddi1621', 'u1121281', 'jedelkind0117', 'anstpdlffj3', 'titanking231', 'bw02203', 'martinzapatamartinez', 'ganaaa12a', 'chdu6864', 'pablocl', 'yoonek6719', 'idargu90', 'qottkf6194', 'myez', 'hellbomber101', 'declanb', 'qkslqksl951', 'rsp79']"
13,190,54,42,31,"['mocha7411', 'wodnjssnsk12', 'jn12su27', 'thddpwls257', 'qowoans94', 'qncowlf10', 'xogus102929', 'dhkswk96', 'koakhyunji', 'chvk4161', 'doog9601', 'zlapvmf', 'anstjd1542', 'ye02', 'cjsxodnd12', 'wjdekgus77', 'sukjunyeo', 'nargene', 'eogn1004', 'tnqls3409', 'bw02203', 'yoonek6719', 'yjn3492', 'josig2011', 'qottkf6194', 'lsj4677', 'k66773659', 'yoojeong9925', 'leesk4869', 'hs960531', 'giung0227']",23,"['mis5660', 'kepco2020a', 'ohh99o9', '5dustkd', '123whdxor', 'qwerty0637', 'soddi1621', 'cbnuleejinwoo', 'dnlek12', 'chohyundong12', 'htj1104', 'lhc33820933', 'ekdms0894', 'bha00001', 'tjtks4730', 'genius_p', 'idargu90', 'rhrna007', 'sumintnals', 'immmin6677', 'juho4523', 'qkslqksl951', 'palzmq']",11,"['hyerim1006000', 'ryuhoin2002', 'hj49500494', 'hyerim100600', 'byeolguri', 'jhryu1994', 'kunge0054', 'dldnals2020', 'ybso1566', 'ghtlstnf7', 'yougyeongo']",65,"['thddpwls257', 'hyerim100600', 'byeolguri', 'kepco2020a', '5dustkd', 'qncowlf10', 'qwerty0637', 'xogus102929', 'ghtlstnf7', 'koakhyunji', 'cbnuleejinwoo', 'chvk4161', 'chohyundong12', 'htj1104', 'yougyeongo', 'sukjunyeo', 'ryuhoin2002', 'nargene', 'tnqls3409', 'lhc33820933', 'yjn3492', 'josig2011', 'rhrna007', 'sumintnals', 'juho4523', 'hyerim1006000', 'dldnals2020', 'mocha7411', 'jn12su27', 'wodnjssnsk12', 'mis5660', 'ohh99o9', 'qowoans94', '123whdxor', 'kunge0054', 'dhkswk96', 'soddi1621', 'doog9601', 'zlapvmf', 'dnlek12', 'anstjd1542', 'ye02', 'cjsxodnd12', 'wjdekgus77', 'hj49500494', 'bw02203', 'eogn1004', 'ekdms0894', 'bha00001', 'tjtks4730', 'genius_p', 'yoonek6719', 'jhryu1994', 'ybso1566', 'idargu90', 'qottkf6194', 'lsj4677', 'k66773659', 'yoojeong9925', 'leesk4869', 'immmin6677', 'hs960531', 'qkslqksl951', 'palzmq', 'giung0227']"
13,49,54,38,31,"['wodnjssnsk12', 'thddpwls257', 'mis5660', 'kepco2020a', 'ohh99o9', '5dustkd', 'qowoans94', '123whdxor', 'qwerty0637', 'soddi1621', 'cbnuleejinwoo', 'chvk4161', 'dnlek12', 'chohyundong12', 'htj1104', 'nargene', 'bw02203', 'tnqls3409', 'bha00001', 'genius_p', 'idargu90', 'rhrna007', 'qottkf6194', 'lsj4677', 'leesk4869', 'immmin6677', 'juho4523', 'hs960531', 'qkslqksl951', 'palzmq', 'giung0227']",23,"['mocha7411', 'jn12su27', 'qncowlf10', 'xogus102929', 'dhkswk96', 'koakhyunji', 'doog9601', 'zlapvmf', 'anstjd1542', 'ye02', 'cjsxodnd12', 'sukjunyeo', 'wjdekgus77', 'eogn1004', 'lhc33820933', 'ekdms0894', 'tjtks4730', 'yoonek6719', 'yjn3492', 'josig2011', 'k66773659', 'sumintnals', 'yoojeong9925']",7,"['zeesoo1', 'piri940511', 'chltnwjd8530', 'dldnals2020', 'ybso1566', 'suyoneee', 'hansangpil']",61,"['zeesoo1', 'thddpwls257', 'kepco2020a', '5dustkd', 'qncowlf10', 'qwerty0637', 'xogus102929', 'suyoneee', 'koakhyunji', 'cbnuleejinwoo', 'chvk4161', 'chohyundong12', 'htj1104', 'sukjunyeo', 'piri940511', 'nargene', 'tnqls3409', 'lhc33820933', 'yjn3492', 'josig2011', 'rhrna007', 'sumintnals', 'juho4523', 'dldnals2020', 'mocha7411', 'jn12su27', 'wodnjssnsk12', 'mis5660', 'ohh99o9', 'qowoans94', '123whdxor', 'chltnwjd8530', 'dhkswk96', 'hansangpil', 'soddi1621', 'doog9601', 'zlapvmf', 'dnlek12', 'anstjd1542', 'ye02', 'cjsxodnd12', 'wjdekgus77', 'bw02203', 'eogn1004', 'ekdms0894', 'bha00001', 'tjtks4730', 'genius_p', 'yoonek6719', 'ybso1566', 'idargu90', 'qottkf6194', 'lsj4677', 'k66773659', 'yoojeong9925', 'leesk4869', 'immmin6677', 'hs960531', 'qkslqksl951', 'palzmq', 'giung0227']"
13,50,54,12,11,"['thddpwls257', 'nargene', 'qkslqksl951', 'mis5660', 'yoojeong9925', 'kepco2020a', 'yoonek6719', 'yjn3492', 'qwerty0637', 'josig2011', 'dhkswk96']",43,"['mocha7411', 'jn12su27', 'wodnjssnsk12', 'ohh99o9', '5dustkd', 'qowoans94', 'qncowlf10', '123whdxor', 'xogus102929', 'soddi1621', 'koakhyunji', 'cbnuleejinwoo', 'chvk4161', 'doog9601', 'zlapvmf', 'dnlek12', 'chohyundong12', 'htj1104', 'anstjd1542', 'ye02', 'cjsxodnd12', 'sukjunyeo', 'wjdekgus77', 'bw02203', 'tnqls3409', 'lhc33820933', 'eogn1004', 'ekdms0894', 'bha00001', 'tjtks4730', 'genius_p', 'idargu90', 'rhrna007', 'qottkf6194', 'lsj4677', 'k66773659', 'sumintnals', 'leesk4869', 'immmin6677', 'juho4523', 'hs960531', 'palzmq', 'giung0227']",1,['ryuhoin2002'],55,"['mocha7411', 'jn12su27', 'wodnjssnsk12', 'thddpwls257', 'mis5660', 'kepco2020a', 'ohh99o9', '5dustkd', 'qowoans94', 'qncowlf10', '123whdxor', 'qwerty0637', 'xogus102929', 'dhkswk96', 'soddi1621', 'koakhyunji', 'cbnuleejinwoo', 'chvk4161', 'doog9601', 'zlapvmf', 'dnlek12', 'chohyundong12', 'htj1104', 'anstjd1542', 'ye02', 'cjsxodnd12', 'sukjunyeo', 'wjdekgus77', 'ryuhoin2002', 'nargene', 'bw02203', 'tnqls3409', 'lhc33820933', 'eogn1004', 'ekdms0894', 'bha00001', 'tjtks4730', 'genius_p', 'yoonek6719', 'yjn3492', 'josig2011', 'idargu90', 'rhrna007', 'qottkf6194', 'lsj4677', 'k66773659', 'sumintnals', 'yoojeong9925', 'leesk4869', 'immmin6677', 'juho4523', 'hs960531', 'qkslqksl951', 'palzmq', 'giung0227']"
13,145,54,7,6,"['koakhyunji', 'lsj4677', 'eogn1004', 'mis5660', 'leesk4869', 'anstjd1542']",48,"['mocha7411', 'jn12su27', 'wodnjssnsk12', 'thddpwls257', 'kepco2020a', 'ohh99o9', '5dustkd', 'qowoans94', 'qncowlf10', '123whdxor', 'qwerty0637', 'xogus102929', 'dhkswk96', 'soddi1621', 'cbnuleejinwoo', 'chvk4161', 'doog9601', 'zlapvmf', 'dnlek12', 'chohyundong12', 'htj1104', 'ye02', 'cjsxodnd12', 'sukjunyeo', 'wjdekgus77', 'nargene', 'bw02203', 'tnqls3409', 'lhc33820933', 'ekdms0894', 'bha00001', 'tjtks4730', 'genius_p', 'yoonek6719', 'yjn3492', 'josig2011', 'idargu90', 'rhrna007', 'qottkf6194', 'k66773659', 'sumintnals', 'yoojeong9925', 'immmin6677', 'juho4523', 'hs960531', 'qkslqksl951', 'palzmq', 'giung0227']",1,['jhryu1994'],55,"['mocha7411', 'jn12su27', 'wodnjssnsk12', 'thddpwls257', 'mis5660', 'kepco2020a', 'ohh99o9', '5dustkd', 'qowoans94', 'qncowlf10', '123whdxor', 'qwerty0637', 'xogus102929', 'dhkswk96', 'soddi1621', 'koakhyunji', 'cbnuleejinwoo', 'chvk4161', 'doog9601', 'zlapvmf', 'dnlek12', 'chohyundong12', 'htj1104', 'anstjd1542', 'ye02', 'cjsxodnd12', 'sukjunyeo', 'wjdekgus77', 'nargene', 'bw02203', 'tnqls3409', 'lhc33820933', 'eogn1004', 'ekdms0894', 'bha00001', 'tjtks4730', 'genius_p', 'yoonek6719', 'yjn3492', 'jhryu1994', 'josig2011', 'idargu90', 'rhrna007', 'qottkf6194', 'lsj4677', 'k66773659', 'sumintnals', 'yoojeong9925', 'leesk4869', 'immmin6677', 'juho4523', 'hs960531', 'qkslqksl951', 'palzmq', 'giung0227']"
13,138,54,6,4,"['genius_p', 'immmin6677', 'qwerty0637', 'htj1104']",50,"['mocha7411', 'jn12su27', 'wodnjssnsk12', 'thddpwls257', 'mis5660', 'kepco2020a', 'ohh99o9', '5dustkd', 'qowoans94', 'qncowlf10', '123whdxor', 'xogus102929', 'dhkswk96', 'soddi1621', 'koakhyunji', 'cbnuleejinwoo', 'chvk4161', 'doog9601', 'zlapvmf', 'dnlek12', 'chohyundong12', 'anstjd1542', 'ye02', 'cjsxodnd12', 'sukjunyeo', 'wjdekgus77', 'nargene', 'bw02203', 'tnqls3409', 'lhc33820933', 'eogn1004', 'ekdms0894', 'bha00001', 'tjtks4730', 'yoonek6719', 'yjn3492', 'josig2011', 'idargu90', 'rhrna007', 'qottkf6194', 'lsj4677', 'k66773659', 'sumintnals', 'yoojeong9925', 'leesk4869', 'juho4523', 'hs960531', 'qkslqksl951', 'palzmq', 'giung0227']",2,"['dldnals2020', 'dhwjdtjrg']",56,"['mocha7411', 'jn12su27', 'wodnjssnsk12', 'thddpwls257', 'mis5660', 'kepco2020a', 'ohh99o9', '5dustkd', 'qowoans94', 'qncowlf10', '123whdxor', 'qwerty0637', 'xogus102929', 'dhkswk96', 'soddi1621', 'koakhyunji', 'cbnuleejinwoo', 'chvk4161', 'doog9601', 'zlapvmf', 'dnlek12', 'chohyundong12', 'htj1104', 'anstjd1542', 'ye02', 'cjsxodnd12', 'sukjunyeo', 'wjdekgus77', 'nargene', 'bw02203', 'tnqls3409', 'lhc33820933', 'eogn1004', 'ekdms0894', 'bha00001', 'tjtks4730', 'dhwjdtjrg', 'genius_p', 'yoonek6719', 'yjn3492', 'josig2011', 'idargu90', 'rhrna007', 'qottkf6194', 'lsj4677', 'k66773659', 'sumintnals', 'yoojeong9925', 'leesk4869', 'immmin6677', 'dldnals2020', 'juho4523', 'hs960531', 'qkslqksl951', 'palzmq', 'giung0227']"
14,168,51,22,18,"['khalilo2', 'ziruiw2', 'xuwenting2000', 'bonianp2', 'jihoonp2', 'haoyuli3', 'ymyu2', 'msaada2', 'dlee230', 'noahrh3', 'magnaye2', 'hanzhi2', 'adamato2', 'dl20', 'jiaruil4', 'huizhit2', 'konicek3', 'azatar3']",33,"['pmcnutt2', 'raetaylor', 'mlarson7', 'tjoung2', 'loutris2', 'mderka3', 'rdelara2', 'sbhujle2', 'ninume2', 'meeraj2', 'nathane3', 'bsutton3', 'jordanm7', 'jkelle30', 'jaeyong2', 'mabdal6', 'acnunes2', 'schumer2', 'alfadel2', 'zg10', 'ericli4', 'corynne2', 'luketk2', 'kacperr2', 'depew2', 'trishag3', 'alexmf2', 'dosman3', 'bremig2', 'jlakomy2', 'aeburke4', 'zanh2', 'aatass2']",4,"['zhuoran8', 'glevita2', 'haibog2', 'graceml2']",55,"['zhuoran8', 'pmcnutt2', 'raetaylor', 'mlarson7', 'dlee230', 'tjoung2', 'hanzhi2', 'loutris2', 'mderka3', 'sbhujle2', 'rdelara2', 'khalilo2', 'ninume2', 'meeraj2', 'xuwenting2000', 'nathane3', 'bsutton3', 'jordanm7', 'glevita2', 'jkelle30', 'jaeyong2', 'mabdal6', 'acnunes2', 'schumer2', 'alfadel2', 'zg10', 'ericli4', 'graceml2', 'corynne2', 'luketk2', 'kacperr2', 'ziruiw2', 'bonianp2', 'jihoonp2', 'depew2', 'ymyu2', 'trishag3', 'msaada2', 'haoyuli3', 'noahrh3', 'alexmf2', 'adamato2', 'dosman3', 'haibog2', 'konicek3', 'azatar3', 'bremig2', 'jlakomy2', 'aeburke4', 'magnaye2', 'dl20', 'huizhit2', 'jiaruil4', 'zanh2', 'aatass2']"
14,167,51,16,15,"['ninume2', 'meeraj2', 'kacperr2', 'bremig2', 'jordanm7', 'ericli4', 'jkelle30', 'mabdal6', 'alexmf2', 'aeburke4', 'loutris2', 'dosman3', 'mderka3', 'zanh2', 'aatass2']",36,"['pmcnutt2', 'raetaylor', 'mlarson7', 'dlee230', 'tjoung2', 'hanzhi2', 'rdelara2', 'sbhujle2', 'khalilo2', 'xuwenting2000', 'nathane3', 'bsutton3', 'jaeyong2', 'acnunes2', 'schumer2', 'alfadel2', 'zg10', 'corynne2', 'luketk2', 'ziruiw2', 'bonianp2', 'jihoonp2', 'depew2', 'ymyu2', 'trishag3', 'msaada2', 'haoyuli3', 'noahrh3', 'adamato2', 'konicek3', 'azatar3', 'jlakomy2', 'magnaye2', 'dl20', 'huizhit2', 'jiaruil4']",1,['pgardo2'],52,"['pmcnutt2', 'raetaylor', 'mlarson7', 'dlee230', 'tjoung2', 'hanzhi2', 'loutris2', 'mderka3', 'sbhujle2', 'rdelara2', 'khalilo2', 'ninume2', 'meeraj2', 'xuwenting2000', 'nathane3', 'bsutton3', 'jordanm7', 'jkelle30', 'jaeyong2', 'mabdal6', 'acnunes2', 'schumer2', 'alfadel2', 'zg10', 'ericli4', 'corynne2', 'luketk2', 'kacperr2', 'ziruiw2', 'bonianp2', 'jihoonp2', 'depew2', 'ymyu2', 'trishag3', 'msaada2', 'haoyuli3', 'noahrh3', 'alexmf2', 'pgardo2', 'adamato2', 'dosman3', 'konicek3', 'azatar3', 'bremig2', 'jlakomy2', 'aeburke4', 'magnaye2', 'dl20', 'huizhit2', 'jiaruil4', 'zanh2', 'aatass2']"
15,53,48,6,4,"['tnguye22', 'elisacrisci', 'kleinstreuernc', 'barrano247']",44,"['ahoerter', 'nanc.ventura', 'nplonsk2', 'temitope746', 'msdennen', 'lpetruc', 'tonyguy', 'binzhang', 'bobbiethomas21', 'monika1920', 'drcfrowlatt', 'averycbradley', 'cfaccini', 'stepien', 'rors10', 'riyagarg28', 'babu.12', 'smatthe2', 'abchitnis', 'kwatana6', 'fortouna.yannick974', 'marcellam.torres', 'anthonyjmorciglio', 'mssaha', 'private91', 'mblinov', 'jwburton', 'nfatima', 'lagger.cyril', 'asbellftw', 'vtran0410', 'bsherry', 'joaoclcarvalho', 'henschlmr', 'aanchal.abn', 'phytang', 'juanattard', 'eleason', 'kb08802', 'yohance.osborne', 'jaurban', 'mariascience', 'nmemmos', 'j.toledo.mx']",2,"['afriasd', 'lilshay1999.lr']",50,"['ahoerter', 'nanc.ventura', 'nplonsk2', 'temitope746', 'msdennen', 'lpetruc', 'tonyguy', 'binzhang', 'bobbiethomas21', 'monika1920', 'drcfrowlatt', 'averycbradley', 'cfaccini', 'stepien', 'rors10', 'riyagarg28', 'babu.12', 'barrano247', 'smatthe2', 'abchitnis', 'kwatana6', 'lilshay1999.lr', 'fortouna.yannick974', 'marcellam.torres', 'anthonyjmorciglio', 'mssaha', 'private91', 'mblinov', 'jwburton', 'nfatima', 'kleinstreuernc', 'lagger.cyril', 'elisacrisci', 'asbellftw', 'vtran0410', 'bsherry', 'tnguye22', 'joaoclcarvalho', 'henschlmr', 'aanchal.abn', 'phytang', 'juanattard', 'eleason', 'kb08802', 'yohance.osborne', 'afriasd', 'jaurban', 'mariascience', 'nmemmos', 'j.toledo.mx']"
16,213,48,24,18,"['kie190016', 'cheah', 'niksyahmiadlibinabdulhalim', 'tharshini.balakrishnan', 'doubledotp', 'aimansanusi20', 'balquis', 'cassielim99', 'wongzhiyong13', 'ridhwan', 'abudegracia', 'kie190064', 'beh1017', 'kie190019', 'hui_ting0111', 'aidaaqilah', 'm.aliffhaikal', 'aliffshafiq63']",30,"['ngjinen2', 'themsd15849', 'mabdullah478', 'fleckn2', 'hasanshakir', 'aharonelnatan', 'koi', 'csar36', 'pablomartinhigueras', 'kie190030', 'robotbuildinglt', 'stm1912ds', 'kie190033', 'didwldnd777', 'zheyau0717', 'zaismadimf', 'wxb15386613499', 'chanjingxian13351', 'kie190065', 'amosleecs', 'khairul.d.e.0204', 'sohyonghou1221', 'chanyoenghin', 'alexanderfong11', 'kevin4749', 'wee', 'ste2', 'wondwosent', 'mfaix707', 'leongeezheng']",6,"['tanhongjian', 'kie190507', 'kie190027', 'sharifah_fatmadiana', 'zhixian293', 'conanloke']",54,"['kie190016', 'doubledotp', 'tanhongjian', 'ngjinen2', 'cassielim99', 'themsd15849', 'wongzhiyong13', 'mabdullah478', 'fleckn2', 'hasanshakir', 'zhixian293', 'aharonelnatan', 'hui_ting0111', 'koi', 'csar36', 'pablomartinhigueras', 'kie190030', 'balquis', 'ridhwan', 'kie190064', 'robotbuildinglt', 'stm1912ds', 'kie190033', 'conanloke', 'aidaaqilah', 'didwldnd777', 'm.aliffhaikal', 'zheyau0717', 'aliffshafiq63', 'zaismadimf', 'cheah', 'wxb15386613499', 'niksyahmiadlibinabdulhalim', 'tharshini.balakrishnan', 'kie190065', 'chanjingxian13351', 'aimansanusi20', 'amosleecs', 'khairul.d.e.0204', 'abudegracia', 'sohyonghou1221', 'chanyoenghin', 'alexanderfong11', 'kie190019', 'kevin4749', 'wee', 'kie190507', 'ste2', 'kie190027', 'sharifah_fatmadiana', 'wondwosent', 'mfaix707', 'beh1017', 'leongeezheng']"
17,46,46,32,31,"['bibarram', 'gjategao', 'aplantz', 'yzenkov', 'afabraha', 'lsingh7', 'phays1', 'bryanibarramercado', 'rkoliver', 'odorr', 'xxzamuzaxx', 'crogelba', 'mdlevin2', 'sfisco', 'dpastorm', 'ajgarc30', 'mrodart2', 'rsailus', 'kayleswo', 'plbrown5', 'naturne1', 'lzpowers', 'twanless', 'jjdyck', 'dcfarr', 'lfowkes', 'rdelloli', 'bakenne3', 'eaamonoo', 'jawrig18', 'ttbulen']",15,"['jburchar', 'electrical1362', 'pankajkumarcollege', 'pawar.38', 'mohammadyaqoop62', 'jcbonner', 'setrusse', 'smorenoa', 'aville17', 'kadimkh8', 'msc.rusul', 'mkurecki', 'cristinaherz', 'trackiraq6874', 'aliahmed22_21']",1,['ijsxa'],47,"['gjategao', 'jburchar', 'pankajkumarcollege', 'kadimkh8', 'xxzamuzaxx', 'crogelba', 'dpastorm', 'ajgarc30', 'mrodart2', 'plbrown5', 'cristinaherz', 'lzpowers', 'twanless', 'dcfarr', 'smorenoa', 'msc.rusul', 'mkurecki', 'rdelloli', 'bakenne3', 'aliahmed22_21', 'ttbulen', 'bibarram', 'pawar.38', 'mohammadyaqoop62', 'setrusse', 'aplantz', 'yzenkov', 'afabraha', 'trackiraq6874', 'lsingh7', 'phays1', 'rkoliver', 'bryanibarramercado', 'odorr', 'jcbonner', 'aville17', 'mdlevin2', 'sfisco', 'electrical1362', 'ijsxa', 'rsailus', 'kayleswo', 'naturne1', 'jjdyck', 'lfowkes', 'eaamonoo', 'jawrig18']"
19,82,44,16,11,"['2016.aditi.jadhav', '2016.sachin.varak', 'kajollandge26', '2016.prathamesh.kulkarni', 'phosphophyllite', '2016.saloni.salvi', 'aditya159896', 'onkar7798', '2016.siddhant.nashte', '2016.vinita.chanchlani', 'paritoshdixit84']",33,"['ritanshu', '2016.abhik.mirdha', '2016.sachin.nair', '2016.rohit.shelke', 'chshoaib7', '2016.anurag.mishra', 'poojakindre', '2016.vinayak.lohote', '2016.aditya.pawar', '2016.akshara.thaivalappil', 'vindhya1234', '2016.varenya.bhatt', 'patilashish6517', '2016.kajal.ghadge', 'sid_04', '2016.jay.sonawane', '2016.shantanu.suryavanshi', 'ritanshu.agrawal', '2016.heman.parashar', 'utkarsh0604', 'janvi20', '2016.amol.shinde', 'rutujaghatge', '2016.abhishek.sambherao', '2016.sairaj.rikame', 'anuragmishra575', 'akshaya169', 'ej2014.nikita.kamble', 'anish.jha', '2016.manthan.sonawane', 'sarika.kuhikar', '2016.aniket.salgaonkar', '2016.srujana.kotur']",5,"['2016.saloni.karale', '2016.bhagyashree.brahmankar', 'manthannaik571', '2016.jasraj.choulkar', 'eq2014.jiwane.taksham']",49,"['ritanshu', '2016.abhik.mirdha', '2016.sachin.varak', '2016.aditi.jadhav', '2016.sachin.nair', '2016.rohit.shelke', 'chshoaib7', '2016.anurag.mishra', 'poojakindre', '2016.vinayak.lohote', '2016.jasraj.choulkar', '2016.aditya.pawar', '2016.akshara.thaivalappil', 'vindhya1234', '2016.varenya.bhatt', 'paritoshdixit84', 'patilashish6517', '2016.bhagyashree.brahmankar', '2016.prathamesh.kulkarni', '2016.kajal.ghadge', 'aditya159896', 'sid_04', '2016.jay.sonawane', '2016.shantanu.suryavanshi', 'ritanshu.agrawal', '2016.vinita.chanchlani', 'eq2014.jiwane.taksham', '2016.heman.parashar', 'utkarsh0604', 'janvi20', '2016.amol.shinde', '2016.saloni.karale', 'kajollandge26', '2016.saloni.salvi', 'onkar7798', '2016.siddhant.nashte', 'rutujaghatge', '2016.abhishek.sambherao', '2016.sairaj.rikame', 'anuragmishra575', 'akshaya169', 'ej2014.nikita.kamble', 'phosphophyllite', 'anish.jha', '2016.manthan.sonawane', 'manthannaik571', 'sarika.kuhikar', '2016.aniket.salgaonkar', '2016.srujana.kotur']"
19,78,44,13,13,"['2016.aditi.jadhav', 'utkarsh0604', 'kajollandge26', '2016.prathamesh.kulkarni', 'phosphophyllite', 'aditya159896', 'onkar7798', 'poojakindre', '2016.srujana.kotur', '2016.vinita.chanchlani', 'rutujaghatge', 'paritoshdixit84', 'vindhya1234']",31,"['ritanshu', '2016.abhik.mirdha', '2016.sachin.nair', '2016.sachin.varak', '2016.rohit.shelke', 'chshoaib7', '2016.anurag.mishra', '2016.vinayak.lohote', '2016.aditya.pawar', '2016.akshara.thaivalappil', '2016.varenya.bhatt', 'patilashish6517', '2016.kajal.ghadge', 'sid_04', '2016.jay.sonawane', '2016.shantanu.suryavanshi', 'ritanshu.agrawal', '2016.heman.parashar', 'janvi20', '2016.amol.shinde', '2016.saloni.salvi', '2016.siddhant.nashte', '2016.abhishek.sambherao', '2016.sairaj.rikame', 'anuragmishra575', 'akshaya169', 'ej2014.nikita.kamble', 'anish.jha', '2016.manthan.sonawane', 'sarika.kuhikar', '2016.aniket.salgaonkar']",0,[],44,"['ritanshu', '2016.abhik.mirdha', '2016.sachin.varak', '2016.aditi.jadhav', '2016.sachin.nair', '2016.rohit.shelke', 'chshoaib7', '2016.anurag.mishra', 'poojakindre', '2016.vinayak.lohote', '2016.aditya.pawar', '2016.akshara.thaivalappil', 'vindhya1234', '2016.varenya.bhatt', 'paritoshdixit84', 'patilashish6517', '2016.prathamesh.kulkarni', '2016.kajal.ghadge', 'aditya159896', 'sid_04', '2016.jay.sonawane', '2016.shantanu.suryavanshi', 'ritanshu.agrawal', '2016.vinita.chanchlani', '2016.heman.parashar', 'utkarsh0604', 'janvi20', '2016.amol.shinde', 'kajollandge26', '2016.saloni.salvi', 'onkar7798', '2016.siddhant.nashte', 'rutujaghatge', '2016.abhishek.sambherao', '2016.sairaj.rikame', 'anuragmishra575', 'akshaya169', 'ej2014.nikita.kamble', 'phosphophyllite', 'anish.jha', '2016.manthan.sonawane', 'sarika.kuhikar', '2016.aniket.salgaonkar', '2016.srujana.kotur']"
19,80,44,10,10,"['2016.amol.shinde', '2016.abhik.mirdha', '2016.sachin.nair', '2016.saloni.salvi', 'aditya159896', '2016.shantanu.suryavanshi', 'onkar7798', '2016.aniket.salgaonkar', '2016.abhishek.sambherao', '2016.heman.parashar']",34,"['ritanshu', '2016.sachin.varak', '2016.aditi.jadhav', '2016.rohit.shelke', 'chshoaib7', '2016.anurag.mishra', 'poojakindre', '2016.vinayak.lohote', '2016.aditya.pawar', '2016.akshara.thaivalappil', 'vindhya1234', '2016.varenya.bhatt', 'paritoshdixit84', 'patilashish6517', '2016.prathamesh.kulkarni', '2016.kajal.ghadge', 'sid_04', '2016.jay.sonawane', 'ritanshu.agrawal', '2016.vinita.chanchlani', 'utkarsh0604', 'janvi20', 'kajollandge26', '2016.siddhant.nashte', 'rutujaghatge', '2016.sairaj.rikame', 'anuragmishra575', 'akshaya169', 'ej2014.nikita.kamble', 'phosphophyllite', 'anish.jha', '2016.manthan.sonawane', 'sarika.kuhikar', '2016.srujana.kotur']",0,[],44,"['ritanshu', '2016.abhik.mirdha', '2016.sachin.varak', '2016.aditi.jadhav', '2016.sachin.nair', '2016.rohit.shelke', 'chshoaib7', '2016.anurag.mishra', 'poojakindre', '2016.vinayak.lohote', '2016.aditya.pawar', '2016.akshara.thaivalappil', 'vindhya1234', '2016.varenya.bhatt', 'paritoshdixit84', 'patilashish6517', '2016.prathamesh.kulkarni', '2016.kajal.ghadge', 'aditya159896', 'sid_04', '2016.jay.sonawane', '2016.shantanu.suryavanshi', 'ritanshu.agrawal', '2016.vinita.chanchlani', '2016.heman.parashar', 'utkarsh0604', 'janvi20', '2016.amol.shinde', 'kajollandge26', '2016.saloni.salvi', 'onkar7798', '2016.siddhant.nashte', 'rutujaghatge', '2016.abhishek.sambherao', '2016.sairaj.rikame', 'anuragmishra575', 'akshaya169', 'ej2014.nikita.kamble', 'phosphophyllite', 'anish.jha', '2016.manthan.sonawane', 'sarika.kuhikar', '2016.aniket.salgaonkar', '2016.srujana.kotur']"
19,81,44,9,8,"['anuragmishra575', '2016.abhik.mirdha', '2016.sachin.varak', '2016.siddhant.nashte', '2016.aditya.pawar', '2016.heman.parashar', '2016.akshara.thaivalappil', 'vindhya1234']",36,"['ritanshu', '2016.aditi.jadhav', '2016.sachin.nair', '2016.rohit.shelke', 'chshoaib7', '2016.anurag.mishra', 'poojakindre', '2016.vinayak.lohote', '2016.varenya.bhatt', 'paritoshdixit84', 'patilashish6517', '2016.prathamesh.kulkarni', '2016.kajal.ghadge', 'aditya159896', 'sid_04', '2016.jay.sonawane', '2016.shantanu.suryavanshi', 'ritanshu.agrawal', '2016.vinita.chanchlani', 'utkarsh0604', 'janvi20', '2016.amol.shinde', 'kajollandge26', '2016.saloni.salvi', 'onkar7798', 'rutujaghatge', '2016.abhishek.sambherao', '2016.sairaj.rikame', 'akshaya169', 'ej2014.nikita.kamble', 'phosphophyllite', 'anish.jha', '2016.manthan.sonawane', 'sarika.kuhikar', '2016.aniket.salgaonkar', '2016.srujana.kotur']",1,['2016.hrishikesh.warrier'],45,"['ritanshu', '2016.abhik.mirdha', '2016.sachin.varak', '2016.aditi.jadhav', '2016.sachin.nair', '2016.rohit.shelke', 'chshoaib7', '2016.anurag.mishra', 'poojakindre', '2016.vinayak.lohote', '2016.aditya.pawar', '2016.akshara.thaivalappil', 'vindhya1234', '2016.varenya.bhatt', 'paritoshdixit84', 'patilashish6517', '2016.prathamesh.kulkarni', '2016.kajal.ghadge', 'aditya159896', 'sid_04', '2016.jay.sonawane', '2016.shantanu.suryavanshi', 'ritanshu.agrawal', '2016.vinita.chanchlani', '2016.heman.parashar', 'utkarsh0604', 'janvi20', '2016.amol.shinde', 'kajollandge26', '2016.saloni.salvi', 'onkar7798', '2016.siddhant.nashte', 'rutujaghatge', '2016.abhishek.sambherao', '2016.sairaj.rikame', 'anuragmishra575', 'akshaya169', 'ej2014.nikita.kamble', 'phosphophyllite', 'anish.jha', '2016.manthan.sonawane', 'sarika.kuhikar', '2016.hrishikesh.warrier', '2016.aniket.salgaonkar', '2016.srujana.kotur']"
19,79,44,5,5,"['janvi20', 'aditya159896', 'sid_04', 'sarika.kuhikar', 'poojakindre']",39,"['ritanshu', '2016.abhik.mirdha', '2016.sachin.varak', '2016.aditi.jadhav', '2016.sachin.nair', '2016.rohit.shelke', 'chshoaib7', '2016.anurag.mishra', '2016.vinayak.lohote', '2016.aditya.pawar', '2016.akshara.thaivalappil', 'vindhya1234', '2016.varenya.bhatt', 'paritoshdixit84', 'patilashish6517', '2016.prathamesh.kulkarni', '2016.kajal.ghadge', '2016.jay.sonawane', '2016.shantanu.suryavanshi', 'ritanshu.agrawal', '2016.vinita.chanchlani', '2016.heman.parashar', 'utkarsh0604', '2016.amol.shinde', 'kajollandge26', '2016.saloni.salvi', 'onkar7798', '2016.siddhant.nashte', 'rutujaghatge', '2016.abhishek.sambherao', '2016.sairaj.rikame', 'anuragmishra575', 'akshaya169', 'ej2014.nikita.kamble', 'phosphophyllite', 'anish.jha', '2016.manthan.sonawane', '2016.aniket.salgaonkar', '2016.srujana.kotur']",0,[],44,"['ritanshu', '2016.abhik.mirdha', '2016.sachin.varak', '2016.aditi.jadhav', '2016.sachin.nair', '2016.rohit.shelke', 'chshoaib7', '2016.anurag.mishra', 'poojakindre', '2016.vinayak.lohote', '2016.aditya.pawar', '2016.akshara.thaivalappil', 'vindhya1234', '2016.varenya.bhatt', 'paritoshdixit84', 'patilashish6517', '2016.prathamesh.kulkarni', '2016.kajal.ghadge', 'aditya159896', 'sid_04', '2016.jay.sonawane', '2016.shantanu.suryavanshi', 'ritanshu.agrawal', '2016.vinita.chanchlani', '2016.heman.parashar', 'utkarsh0604', 'janvi20', '2016.amol.shinde', 'kajollandge26', '2016.saloni.salvi', 'onkar7798', '2016.siddhant.nashte', 'rutujaghatge', '2016.abhishek.sambherao', '2016.sairaj.rikame', 'anuragmishra575', 'akshaya169', 'ej2014.nikita.kamble', 'phosphophyllite', 'anish.jha', '2016.manthan.sonawane', 'sarika.kuhikar', '2016.aniket.salgaonkar', '2016.srujana.kotur']"
20,66,42,225,28,"['dixon82', 'abora', 'shethm', 'siu2', 'dangratz99', 'smit3184', 'psmading', 'mtbarrette01', 'lauerc', 'liu2512', 'gleasonb', 'pcase', 'cibrahim', 'aaprelik', 'cblackm', 'butzz', 'hopkin43', 'davidrgowan', 'nhuntine', 'hall363', 'wang3138', 'richtern', 'patel784', 'jmickow', 'cho372', 'kiefern', 'zhao988', 'nfei']",14,"['chung189', 'daveguo614', 'sharp52', 'jiang655', 'nielsenk', 'kfuria', 'kocher1', 'kerre', 'wagne236', 'yount', 'elikroller', 'hansonni', 'smit2827', 'doherty6']",197,"['dunca108', 'abosshar', 'lowe77.purdue', 'deshmukp', 'msargen', 'jaloi', 'natoli0', 'malhamm', 'slillig', 'freyg', 'awoodwa', 'klipiszk', 'hschennu', 'winstontinople', 'amcgoff', 'tglavan', 'lthursto', 'suixiong8', 'lrigsbee', 'jone1573', 'xu1085', 'rdrager', 'peter514', 'jess24', 'marito', 'kbebris', 'choi333', 'mart1380', 'jeigenbr', 'jlorah', 'patel731', 'engc', 'ecave', 'mfess', 'zubik', 'nkhuu', 'lswentor', 'yao201', 'terry51', 'amoravec', 'smit3177', 'agrillo', 'xose.amo', 'akapko', 'rathi4', 'wertzm', 'chao26', 'justindcambridge', 'zfrank64', 'hillej', 'sgrzych', 'gnishibu', 'ceckste', 'adams410', 'rweedon', 'flore170', 'bwitchie', 'yang1865', 'layyar', 'tdarmon20', 'sedgerto', 'davidsml', 'anniebreidinger', 'thornt21', 'xul9044', 'baile261', 'daviskahmann', 'gcesar', 'chiang56', 'abreidin', 'wonhyukdo', 'bgrandst', 'dewittl', 'wade59', 'efeldman', 'dleoni', 'bernarm', 's1p6a1r8a', 'ghosh36', 'racroth35', 'schuman1', 'jfitzhu', 'cregers', 'konerua', 'colewilloughby1125', 'hsmoke', 'jo46', 'allnic21', 'mart1180', 'tpownell', 'mheighwa', 'verma52', 'gezbbl7', 'mohdshah', 'pickera', 'iczajkow', 'li3604', 'cvasq69', 'stewa238', 'ewilhite', 'adamdmiller17', 'brewer66', 'ltopliff', 'kinserc', 'awennin', 'nwegh2017', 'ander754', 'glevine', 'ericshen628', 'rroggema', 'koverley', 'redmanr', 'nnoraziz', 'bamorim', 'cmenden', 'lregalad', 'mcginn1', 'cwidak', 'cheeseballs99', 'ghais', 'girouxm', 'ccurto', 'ashwarts', 'white559', 'boyle49', 'smit3458', 'rhinesj', 'woo49', 'stark22', 'jvanben', 'aperitor', 'bullock8', 'uuraechu', 'pattiya2002', 'qpitter', 'gct246', 'kozelr', 'george92', 'ltoy', 'ftangpoo', 'jhulsize', 'jin376', 'ttayeb', 'dlarocco', 'bcasler', 'singer15', 'edreifue', 'gupta393', 'kmotwan', 'msulaima', 'lmackin', 'hill399', 'cccyyj720', 'apanuga', 'choyc', 'abano', 'bkeel', 'hgrover', 'vkolar', 'chen2122', 'dmassow', 'lawrencr', 'goodma27', 'kzeligso', 'mart1391', 'dragoneye', 'saboa', 'iyengar1', 'harri670', 'etitheyeti98', 'moore763', 'schro118', 'gao499', 'tnoor', 'bowman96', 'jmacatan', 'ithakor', 'sanjivdamodaran', 'rumplem', 'ali113', 'lm45000', 'peck28', 'abhalcha', 'bcaffert', 'mmohdzai', 'deane1', 'mmshank16', 'li2722', 'lee2614', 'ellis99', 'wisler0', 'mann78', 'zhan2846', 'eloewe', 'mtrivell', 'roj', 'akick']",239,"['dunca108', 'abosshar', 'lowe77.purdue', 'deshmukp', 'msargen', 'jaloi', 'amcgoff', 'kocher1', 'lthursto', 'lrigsbee', 'xu1085', 'jess24', 'marito', 'jlorah', 'patel731', 'ecave', 'cblackm', 'zubik', 'nkhuu', 'yao201', 'akapko', 'justindcambridge', 'zfrank64', 'patel784', 'gnishibu', 'tdarmon20', 'davidsml', 'wagne236', 'gcesar', 'chiang56', 'dewittl', 'dleoni', 's1p6a1r8a', 'racroth35', 'schuman1', 'cregers', 'konerua', 'colewilloughby1125', 'jo46', 'nielsenk', 'mart1180', 'mheighwa', 'verma52', 'gezbbl7', 'pickera', 'cvasq69', 'ewilhite', 'richtern', 'ltopliff', 'awennin', 'ander754', 'rroggema', 'koverley', 'bamorim', 'lregalad', 'mcginn1', 'girouxm', 'white559', 'boyle49', 'rhinesj', 'woo49', 'stark22', 'cibrahim', 'jvanben', 'aperitor', 'pattiya2002', 'qpitter', 'sharp52', 'gct246', 'kfuria', 'george92', 'ltoy', 'davidrgowan', 'nhuntine', 'jhulsize', 'hall363', 'jin376', 'wang3138', 'jmickow', 'cho372', 'dlarocco', 'bcasler', 'singer15', 'edreifue', 'gupta393', 'kmotwan', 'apanuga', 'choyc', 'abano', 'vkolar', 'chen2122', 'lawrencr', 'mart1391', 'mtbarrette01', 'dragoneye', 'saboa', 'moore763', 'gao499', 'bowman96', 'sanjivdamodaran', 'yount', 'rumplem', 'lm45000', 'peck28', 'mmshank16', 'lee2614', 'ellis99', 'eloewe', 'roj', 'akick', 'natoli0', 'malhamm', 'slillig', 'freyg', 'awoodwa', 'klipiszk', 'hschennu', 'winstontinople', 'tglavan', 'dangratz99', 'smit3184', 'psmading', 'suixiong8', 'jone1573', 'rdrager', 'peter514', 'kbebris', 'choi333', 'mart1380', 'jeigenbr', 'engc', 'mfess', 'lswentor', 'hopkin43', 'terry51', 'amoravec', 'smit3177', 'agrillo', 'xose.amo', 'rathi4', 'wertzm', 'chao26', 'hillej', 'sgrzych', 'ceckste', 'adams410', 'rweedon', 'flore170', 'bwitchie', 'yang1865', 'layyar', 'sedgerto', 'abora', 'anniebreidinger', 'thornt21', 'xul9044', 'baile261', 'daviskahmann', 'abreidin', 'chung189', 'wonhyukdo', 'bgrandst', 'jiang655', 'lauerc', 'wade59', 'efeldman', 'bernarm', 'ghosh36', 'jfitzhu', 'hsmoke', 'allnic21', 'tpownell', 'mohdshah', 'iczajkow', 'li3604', 'stewa238', 'adamdmiller17', 'brewer66', 'kinserc', 'nwegh2017', 'kiefern', 'glevine', 'nfei', 'ericshen628', 'redmanr', 'nnoraziz', 'cmenden', 'shethm', 'kerre', 'cwidak', 'siu2', 'cheeseballs99', 'ghais', 'ccurto', 'ashwarts', 'smit3458', 'hansonni', 'aaprelik', 'smit2827', 'bullock8', 'uuraechu', 'doherty6', 'kozelr', 'ftangpoo', 'ttayeb', 'zhao988', 'msulaima', 'lmackin', 'hill399', 'dixon82', 'daveguo614', 'cccyyj720', 'bkeel', 'hgrover', 'dmassow', 'goodma27', 'kzeligso', 'liu2512', 'gleasonb', 'pcase', 'iyengar1', 'harri670', 'etitheyeti98', 'elikroller', 'schro118', 'butzz', 'tnoor', 'jmacatan', 'ithakor', 'ali113', 'abhalcha', 'bcaffert', 'mmohdzai', 'deane1', 'li2722', 'wisler0', 'mann78', 'zhan2846', 'mtrivell']"
20,65,42,30,2,"['richtern', 'lauerc']",40,"['dixon82', 'daveguo614', 'abora', 'shethm', 'kerre', 'wagne236', 'siu2', 'dangratz99', 'chung189', 'smit3184', 'psmading', 'mtbarrette01', 'jiang655', 'liu2512', 'kocher1', 'gleasonb', 'pcase', 'elikroller', 'cibrahim', 'aaprelik', 'hansonni', 'smit2827', 'doherty6', 'sharp52', 'cblackm', 'butzz', 'nielsenk', 'kfuria', 'hopkin43', 'yount', 'davidrgowan', 'nhuntine', 'hall363', 'wang3138', 'patel784', 'jmickow', 'cho372', 'kiefern', 'zhao988', 'nfei']",28,"['gutman', 'rollere', 'zhangruichao2000', 'son27', 'gkao', 'awoodwa', 'jingxinwang8', 'yuminghym', 'stubbsj15', 'noh12', 'bmirvish', 'dragoneye', 'bullock8', 'jone1429', 'jonescw79', 'eponsdel', 'ander568', 'kimura', 'selkin', 'liueddyxinlue', 'cdeppen', 'levy27', 'dobos', 'yingningfan', 'scottkenning3', 'gupta393', 'hsymond', 'bamorim']",70,"['dixon82', 'daveguo614', 'gutman', 'rollere', 'abora', 'son27', 'zhangruichao2000', 'gkao', 'shethm', 'kerre', 'wagne236', 'siu2', 'awoodwa', 'jingxinwang8', 'yuminghym', 'stubbsj15', 'dangratz99', 'chung189', 'smit3184', 'psmading', 'mtbarrette01', 'lauerc', 'jiang655', 'noh12', 'liu2512', 'kocher1', 'bmirvish', 'gleasonb', 'dragoneye', 'pcase', 'elikroller', 'cibrahim', 'aaprelik', 'hansonni', 'smit2827', 'bullock8', 'doherty6', 'jone1429', 'sharp52', 'cblackm', 'butzz', 'nielsenk', 'kfuria', 'jonescw79', 'eponsdel', 'ander568', 'hopkin43', 'yount', 'davidrgowan', 'kimura', 'nhuntine', 'selkin', 'liueddyxinlue', 'cdeppen', 'hall363', 'wang3138', 'richtern', 'levy27', 'patel784', 'dobos', 'jmickow', 'yingningfan', 'scottkenning3', 'cho372', 'kiefern', 'zhao988', 'nfei', 'gupta393', 'hsymond', 'bamorim']"
20,72,42,23,4,"['daveguo614', 'smit2827', 'sharp52', 'doherty6']",38,"['dixon82', 'abora', 'shethm', 'kerre', 'wagne236', 'siu2', 'dangratz99', 'chung189', 'smit3184', 'psmading', 'mtbarrette01', 'lauerc', 'jiang655', 'liu2512', 'kocher1', 'gleasonb', 'pcase', 'elikroller', 'cibrahim', 'aaprelik', 'hansonni', 'cblackm', 'butzz', 'nielsenk', 'kfuria', 'hopkin43', 'yount', 'davidrgowan', 'nhuntine', 'hall363', 'wang3138', 'richtern', 'patel784', 'jmickow', 'cho372', 'kiefern', 'zhao988', 'nfei']",19,"['rollere', 'ferree1', 'kswartzb', 'xu1085', 'nabdrahn', 'egarayev', 'fergu101', 'schro118', 'jonathanlimp87', 'dzadoks', 'tu37', 'slosing', 'ctsioli', 'harbinz', 'kvansan', 'ellis99', 'ross217', 'rroggema', 'nnoraziz']",61,"['dixon82', 'daveguo614', 'rollere', 'abora', 'shethm', 'kerre', 'wagne236', 'ferree1', 'siu2', 'dangratz99', 'chung189', 'smit3184', 'psmading', 'mtbarrette01', 'lauerc', 'jiang655', 'liu2512', 'kocher1', 'kswartzb', 'gleasonb', 'xu1085', 'nabdrahn', 'pcase', 'egarayev', 'elikroller', 'cibrahim', 'aaprelik', 'hansonni', 'smit2827', 'fergu101', 'schro118', 'jonathanlimp87', 'doherty6', 'sharp52', 'cblackm', 'butzz', 'dzadoks', 'nielsenk', 'kfuria', 'tu37', 'slosing', 'hopkin43', 'ctsioli', 'yount', 'davidrgowan', 'harbinz', 'nhuntine', 'kvansan', 'hall363', 'wang3138', 'richtern', 'patel784', 'jmickow', 'ellis99', 'cho372', 'kiefern', 'zhao988', 'nfei', 'ross217', 'rroggema', 'nnoraziz']"
20,118,42,19,2,"['patel784', 'jmickow']",40,"['dixon82', 'daveguo614', 'abora', 'shethm', 'kerre', 'wagne236', 'siu2', 'dangratz99', 'chung189', 'smit3184', 'psmading', 'mtbarrette01', 'lauerc', 'jiang655', 'liu2512', 'kocher1', 'gleasonb', 'pcase', 'elikroller', 'cibrahim', 'aaprelik', 'hansonni', 'smit2827', 'doherty6', 'sharp52', 'cblackm', 'butzz', 'nielsenk', 'kfuria', 'hopkin43', 'yount', 'davidrgowan', 'nhuntine', 'hall363', 'wang3138', 'richtern', 'cho372', 'kiefern', 'zhao988', 'nfei']",17,"['patel731', 'abosshar', 'nwegh', 'lthursto', 'jmacatan', 'nwegh2017', 'rroggema', 'egarayev', 'cwidak', 'terry51', 'marito', 'vkolar', 'slillig', 'hschennu', 'behrr', 'jonathanlimp87', 'engc']",59,"['dixon82', 'daveguo614', 'abosshar', 'nwegh', 'abora', 'shethm', 'kerre', 'wagne236', 'cwidak', 'siu2', 'vkolar', 'slillig', 'hschennu', 'behrr', 'dangratz99', 'chung189', 'smit3184', 'psmading', 'mtbarrette01', 'lauerc', 'jiang655', 'liu2512', 'kocher1', 'lthursto', 'gleasonb', 'egarayev', 'pcase', 'marito', 'elikroller', 'cibrahim', 'aaprelik', 'hansonni', 'smit2827', 'jonathanlimp87', 'doherty6', 'engc', 'patel731', 'sharp52', 'cblackm', 'butzz', 'nielsenk', 'kfuria', 'jmacatan', 'hopkin43', 'terry51', 'yount', 'davidrgowan', 'nhuntine', 'hall363', 'wang3138', 'richtern', 'patel784', 'nwegh2017', 'jmickow', 'cho372', 'kiefern', 'zhao988', 'nfei', 'rroggema']"
20,67,42,8,5,"['dixon82', 'sharp52', 'cho372', 'yount', 'hansonni']",37,"['daveguo614', 'abora', 'shethm', 'kerre', 'wagne236', 'siu2', 'dangratz99', 'chung189', 'smit3184', 'psmading', 'mtbarrette01', 'lauerc', 'jiang655', 'liu2512', 'kocher1', 'gleasonb', 'pcase', 'elikroller', 'cibrahim', 'aaprelik', 'smit2827', 'doherty6', 'cblackm', 'butzz', 'nielsenk', 'kfuria', 'hopkin43', 'davidrgowan', 'nhuntine', 'hall363', 'wang3138', 'richtern', 'patel784', 'jmickow', 'kiefern', 'zhao988', 'nfei']",3,"['koverley1', 'obalican', 'koverley']",45,"['dixon82', 'daveguo614', 'abora', 'shethm', 'kerre', 'wagne236', 'siu2', 'dangratz99', 'chung189', 'smit3184', 'psmading', 'mtbarrette01', 'lauerc', 'jiang655', 'liu2512', 'kocher1', 'gleasonb', 'pcase', 'elikroller', 'cibrahim', 'aaprelik', 'hansonni', 'smit2827', 'doherty6', 'koverley1', 'sharp52', 'cblackm', 'butzz', 'nielsenk', 'kfuria', 'hopkin43', 'yount', 'davidrgowan', 'nhuntine', 'hall363', 'wang3138', 'richtern', 'patel784', 'jmickow', 'cho372', 'kiefern', 'zhao988', 'nfei', 'obalican', 'koverley']"
20,69,42,7,1,['kfuria'],41,"['dixon82', 'daveguo614', 'abora', 'shethm', 'kerre', 'wagne236', 'siu2', 'dangratz99', 'chung189', 'smit3184', 'psmading', 'mtbarrette01', 'lauerc', 'jiang655', 'liu2512', 'kocher1', 'gleasonb', 'pcase', 'elikroller', 'cibrahim', 'aaprelik', 'hansonni', 'smit2827', 'doherty6', 'sharp52', 'cblackm', 'butzz', 'nielsenk', 'hopkin43', 'yount', 'davidrgowan', 'nhuntine', 'hall363', 'wang3138', 'richtern', 'patel784', 'jmickow', 'cho372', 'kiefern', 'zhao988', 'nfei']",6,"['olugbenga82', 'mcginn1', 'efeldman', 'etitheyeti98', 'guicx', 'jdiego1216']",48,"['dixon82', 'daveguo614', 'abora', 'olugbenga82', 'shethm', 'kerre', 'wagne236', 'mcginn1', 'siu2', 'jdiego1216', 'dangratz99', 'chung189', 'smit3184', 'psmading', 'mtbarrette01', 'lauerc', 'jiang655', 'liu2512', 'kocher1', 'gleasonb', 'efeldman', 'pcase', 'etitheyeti98', 'elikroller', 'cibrahim', 'aaprelik', 'hansonni', 'smit2827', 'guicx', 'doherty6', 'sharp52', 'cblackm', 'butzz', 'nielsenk', 'kfuria', 'hopkin43', 'yount', 'davidrgowan', 'nhuntine', 'hall363', 'wang3138', 'richtern', 'patel784', 'jmickow', 'cho372', 'kiefern', 'zhao988', 'nfei']"
20,121,42,5,1,['gleasonb'],41,"['dixon82', 'daveguo614', 'abora', 'shethm', 'kerre', 'wagne236', 'siu2', 'dangratz99', 'chung189', 'smit3184', 'psmading', 'mtbarrette01', 'lauerc', 'jiang655', 'liu2512', 'kocher1', 'pcase', 'elikroller', 'cibrahim', 'aaprelik', 'hansonni', 'smit2827', 'doherty6', 'sharp52', 'cblackm', 'butzz', 'nielsenk', 'kfuria', 'hopkin43', 'yount', 'davidrgowan', 'nhuntine', 'hall363', 'wang3138', 'richtern', 'patel784', 'jmickow', 'cho372', 'kiefern', 'zhao988', 'nfei']",4,"['mmshank16', 'bowman96', 'bstegma', 'kinserc']",46,"['dixon82', 'daveguo614', 'abora', 'shethm', 'kerre', 'wagne236', 'bstegma', 'siu2', 'dangratz99', 'chung189', 'smit3184', 'psmading', 'mtbarrette01', 'lauerc', 'jiang655', 'liu2512', 'kocher1', 'gleasonb', 'pcase', 'elikroller', 'cibrahim', 'aaprelik', 'hansonni', 'smit2827', 'doherty6', 'sharp52', 'cblackm', 'butzz', 'nielsenk', 'kfuria', 'bowman96', 'hopkin43', 'yount', 'davidrgowan', 'nhuntine', 'hall363', 'wang3138', 'richtern', 'mmshank16', 'kinserc', 'patel784', 'jmickow', 'cho372', 'kiefern', 'zhao988', 'nfei']"
21,100,41,34,12,"['tzyk4707', 'terenetwo', 'rajashreebhatta', 'chanyinshing', 'mkoizumi', 'nigelcarcher', 'kmei94', 'nigelcarcher1', 'cse2703', 'flymetothemoon', 'jialunz', 'dbutts']",29,"['lathanataraj1', 'henrikunold', 'cmcelfresh', 'tuckerpeace', 'baizhehe', 'yong.ai', 'erikjensen1984', 'jesseschimpf', 'sarah.syjh', 'oliviamaryon', 'trentgarrett', 'donaldkellis', 'kendranoneman', 'monetalberts', 'nathantokarz', 'tic_ticboom', 'kevinsaythavy', 'maiteik', 'priyaganesh124', 'jasminecox', 'dilloneyer', 'vicoy', 'simonmontoyabedoya', 'bkkarki', 'claireadams', 'arielweltner', 'attilarektor1', 'jasonpowell1', 'egraugnard']",22,"['aaalrasheed', 'qmduong0', 'anniz19', 'jariztoy', 'akampe', 'zjx80028003', 'shushujie', 'jchang96', 'yuzhoula', 'yangliu0607', 'manoj158aravind', 'sphu', 'huynhkenny', 'etfusselman', 'ziqinghan', 'shivangag97', 'kingforever10', 'csroberts95', 'mjackson518', 'scc27', 'myless', 'maddala0312']",63,"['terenetwo', 'lathanataraj1', 'rajashreebhatta', 'aaalrasheed', 'anniz19', 'jariztoy', 'qmduong0', 'akampe', 'cmcelfresh', 'henrikunold', 'nigelcarcher1', 'tuckerpeace', 'cse2703', 'erikjensen1984', 'baizhehe', 'yong.ai', 'zjx80028003', 'shushujie', 'jesseschimpf', 'jchang96', 'dbutts', 'sarah.syjh', 'maddala0312', 'oliviamaryon', 'mkoizumi', 'donaldkellis', 'yuzhoula', 'tzyk4707', 'yangliu0607', 'manoj158aravind', 'kendranoneman', 'monetalberts', 'nathantokarz', 'chanyinshing', 'tic_ticboom', 'sphu', 'nigelcarcher', 'huynhkenny', 'etfusselman', 'kmei94', 'ziqinghan', 'kevinsaythavy', 'maiteik', 'priyaganesh124', 'jasminecox', 'egraugnard', 'shivangag97', 'dilloneyer', 'kingforever10', 'vicoy', 'simonmontoyabedoya', 'bkkarki', 'csroberts95', 'claireadams', 'arielweltner', 'mjackson518', 'scc27', 'attilarektor1', 'flymetothemoon', 'jasonpowell1', 'trentgarrett', 'myless', 'jialunz']"
21,238,41,20,13,"['bkkarki', 'kendranoneman', 'monetalberts', 'claireadams', 'arielweltner', 'oliviamaryon', 'henrikunold', 'attilarektor1', 'kevinsaythavy', 'erikjensen1984', 'egraugnard', 'jasonpowell1', 'jesseschimpf']",28,"['terenetwo', 'lathanataraj1', 'rajashreebhatta', 'cmcelfresh', 'nigelcarcher1', 'tuckerpeace', 'cse2703', 'baizhehe', 'yong.ai', 'dbutts', 'sarah.syjh', 'mkoizumi', 'donaldkellis', 'tzyk4707', 'nathantokarz', 'chanyinshing', 'tic_ticboom', 'nigelcarcher', 'kmei94', 'maiteik', 'priyaganesh124', 'jasminecox', 'dilloneyer', 'vicoy', 'simonmontoyabedoya', 'flymetothemoon', 'trentgarrett', 'jialunz']",7,"['tylerwebb508', 'alimustafa', 'jameslamb', 'raiflyon', 'jadamsmiller', 'hunterg54', 'jiheonkwon']",48,"['terenetwo', 'lathanataraj1', 'rajashreebhatta', 'jameslamb', 'alimustafa', 'cmcelfresh', 'henrikunold', 'nigelcarcher1', 'tuckerpeace', 'cse2703', 'erikjensen1984', 'baizhehe', 'yong.ai', 'raiflyon', 'jesseschimpf', 'dbutts', 'sarah.syjh', 'oliviamaryon', 'mkoizumi', 'donaldkellis', 'hunterg54', 'tzyk4707', 'kendranoneman', 'monetalberts', 'nathantokarz', 'chanyinshing', 'tic_ticboom', 'tylerwebb508', 'nigelcarcher', 'kmei94', 'kevinsaythavy', 'maiteik', 'priyaganesh124', 'jasminecox', 'egraugnard', 'jadamsmiller', 'dilloneyer', 'vicoy', 'simonmontoyabedoya', 'bkkarki', 'claireadams', 'arielweltner', 'attilarektor1', 'flymetothemoon', 'jasonpowell1', 'jiheonkwon', 'trentgarrett', 'jialunz']"
21,241,41,19,4,"['flymetothemoon', 'nigelcarcher1', 'kmei94', 'jialunz']",37,"['terenetwo', 'lathanataraj1', 'rajashreebhatta', 'henrikunold', 'cmcelfresh', 'tuckerpeace', 'baizhehe', 'cse2703', 'erikjensen1984', 'yong.ai', 'jesseschimpf', 'dbutts', 'sarah.syjh', 'oliviamaryon', 'mkoizumi', 'trentgarrett', 'donaldkellis', 'tzyk4707', 'kendranoneman', 'monetalberts', 'nathantokarz', 'chanyinshing', 'tic_ticboom', 'nigelcarcher', 'kevinsaythavy', 'maiteik', 'priyaganesh124', 'jasminecox', 'dilloneyer', 'vicoy', 'simonmontoyabedoya', 'bkkarki', 'claireadams', 'arielweltner', 'attilarektor1', 'jasonpowell1', 'egraugnard']",15,"['manoj158aravind', 'aaalrasheed', 'qmduong0', 'anniz19', 'jariztoy', 'csroberts95', 'kayleejin', 'ziqinghan', 'akampe', 'zhangao9706', 'zjx80028003', 'shushujie', 'jchang96', 'kingforever10', 'maddala0312']",56,"['terenetwo', 'lathanataraj1', 'rajashreebhatta', 'aaalrasheed', 'anniz19', 'jariztoy', 'qmduong0', 'kayleejin', 'akampe', 'cmcelfresh', 'henrikunold', 'nigelcarcher1', 'tuckerpeace', 'cse2703', 'erikjensen1984', 'baizhehe', 'yong.ai', 'zjx80028003', 'shushujie', 'jesseschimpf', 'jchang96', 'dbutts', 'sarah.syjh', 'maddala0312', 'oliviamaryon', 'mkoizumi', 'donaldkellis', 'tzyk4707', 'manoj158aravind', 'kendranoneman', 'monetalberts', 'nathantokarz', 'chanyinshing', 'tic_ticboom', 'nigelcarcher', 'ziqinghan', 'kmei94', 'kevinsaythavy', 'maiteik', 'priyaganesh124', 'jasminecox', 'egraugnard', 'dilloneyer', 'kingforever10', 'vicoy', 'simonmontoyabedoya', 'bkkarki', 'zhangao9706', 'csroberts95', 'claireadams', 'arielweltner', 'attilarektor1', 'flymetothemoon', 'jasonpowell1', 'trentgarrett', 'jialunz']"
21,239,41,11,10,"['monetalberts', 'nathantokarz', 'tic_ticboom', 'oliviamaryon', 'donaldkellis', 'henrikunold', 'tuckerpeace', 'jasminecox', 'jasonpowell1', 'trentgarrett']",31,"['terenetwo', 'lathanataraj1', 'rajashreebhatta', 'cmcelfresh', 'nigelcarcher1', 'baizhehe', 'cse2703', 'erikjensen1984', 'yong.ai', 'jesseschimpf', 'dbutts', 'sarah.syjh', 'mkoizumi', 'tzyk4707', 'kendranoneman', 'chanyinshing', 'nigelcarcher', 'kmei94', 'kevinsaythavy', 'maiteik', 'priyaganesh124', 'dilloneyer', 'vicoy', 'simonmontoyabedoya', 'bkkarki', 'claireadams', 'arielweltner', 'attilarektor1', 'flymetothemoon', 'egraugnard', 'jialunz']",1,['jameslamb'],42,"['terenetwo', 'lathanataraj1', 'rajashreebhatta', 'jameslamb', 'cmcelfresh', 'henrikunold', 'nigelcarcher1', 'tuckerpeace', 'cse2703', 'erikjensen1984', 'baizhehe', 'yong.ai', 'jesseschimpf', 'dbutts', 'sarah.syjh', 'oliviamaryon', 'mkoizumi', 'donaldkellis', 'tzyk4707', 'kendranoneman', 'monetalberts', 'nathantokarz', 'chanyinshing', 'tic_ticboom', 'nigelcarcher', 'kmei94', 'kevinsaythavy', 'maiteik', 'priyaganesh124', 'jasminecox', 'egraugnard', 'dilloneyer', 'vicoy', 'simonmontoyabedoya', 'bkkarki', 'claireadams', 'arielweltner', 'attilarektor1', 'flymetothemoon', 'jasonpowell1', 'trentgarrett', 'jialunz']"
21,222,41,6,3,"['arielweltner', 'trentgarrett', 'erikjensen1984']",38,"['terenetwo', 'lathanataraj1', 'rajashreebhatta', 'cmcelfresh', 'henrikunold', 'nigelcarcher1', 'tuckerpeace', 'cse2703', 'baizhehe', 'yong.ai', 'jesseschimpf', 'dbutts', 'sarah.syjh', 'oliviamaryon', 'mkoizumi', 'donaldkellis', 'tzyk4707', 'kendranoneman', 'monetalberts', 'nathantokarz', 'chanyinshing', 'tic_ticboom', 'nigelcarcher', 'kmei94', 'kevinsaythavy', 'maiteik', 'priyaganesh124', 'jasminecox', 'egraugnard', 'dilloneyer', 'vicoy', 'simonmontoyabedoya', 'bkkarki', 'claireadams', 'attilarektor1', 'flymetothemoon', 'jasonpowell1', 'jialunz']",3,"['alimustafa', 'hunterg54', 'jameslamb']",44,"['terenetwo', 'lathanataraj1', 'rajashreebhatta', 'jameslamb', 'alimustafa', 'cmcelfresh', 'henrikunold', 'nigelcarcher1', 'tuckerpeace', 'cse2703', 'erikjensen1984', 'baizhehe', 'yong.ai', 'jesseschimpf', 'dbutts', 'sarah.syjh', 'oliviamaryon', 'mkoizumi', 'donaldkellis', 'hunterg54', 'tzyk4707', 'kendranoneman', 'monetalberts', 'nathantokarz', 'chanyinshing', 'tic_ticboom', 'nigelcarcher', 'kmei94', 'kevinsaythavy', 'maiteik', 'priyaganesh124', 'jasminecox', 'egraugnard', 'dilloneyer', 'vicoy', 'simonmontoyabedoya', 'bkkarki', 'claireadams', 'arielweltner', 'attilarektor1', 'flymetothemoon', 'jasonpowell1', 'trentgarrett', 'jialunz']"
21,242,41,6,3,"['tzyk4707', 'jialunz', 'chanyinshing']",38,"['terenetwo', 'lathanataraj1', 'rajashreebhatta', 'cmcelfresh', 'henrikunold', 'nigelcarcher1', 'tuckerpeace', 'cse2703', 'erikjensen1984', 'baizhehe', 'yong.ai', 'jesseschimpf', 'dbutts', 'sarah.syjh', 'oliviamaryon', 'mkoizumi', 'donaldkellis', 'kendranoneman', 'monetalberts', 'nathantokarz', 'tic_ticboom', 'nigelcarcher', 'kmei94', 'kevinsaythavy', 'maiteik', 'priyaganesh124', 'jasminecox', 'egraugnard', 'dilloneyer', 'vicoy', 'simonmontoyabedoya', 'bkkarki', 'claireadams', 'arielweltner', 'attilarektor1', 'flymetothemoon', 'jasonpowell1', 'trentgarrett']",3,"['yangliu0607', 'theiawu', 'kingforever10']",44,"['terenetwo', 'lathanataraj1', 'rajashreebhatta', 'cmcelfresh', 'henrikunold', 'nigelcarcher1', 'tuckerpeace', 'cse2703', 'erikjensen1984', 'baizhehe', 'yong.ai', 'jesseschimpf', 'dbutts', 'sarah.syjh', 'oliviamaryon', 'mkoizumi', 'donaldkellis', 'tzyk4707', 'yangliu0607', 'kendranoneman', 'monetalberts', 'nathantokarz', 'chanyinshing', 'tic_ticboom', 'theiawu', 'nigelcarcher', 'kmei94', 'kevinsaythavy', 'maiteik', 'priyaganesh124', 'jasminecox', 'egraugnard', 'dilloneyer', 'kingforever10', 'vicoy', 'simonmontoyabedoya', 'bkkarki', 'claireadams', 'arielweltner', 'attilarektor1', 'flymetothemoon', 'jasonpowell1', 'trentgarrett', 'jialunz']"
22,131,40,22,19,"['josecarlo', 'muntsasales', 'pau.asensio', 'rjansa125', 'marcalblasco', 'paula.maynou', 'aleixespada', 'julia.partal', 'quimii1', 'rutxi8', 'isaacexma', 'evadelalamofillat9', 'paulamaynou', 'aniol.vellvehi', 'andreeaioana.kapas', 'roberto.fagotto', 'ritagrimalt11', 'delmoral1999', 'xavier.x1000']",21,"['rbalsina', 'enriccg', 'annafortuno', 'giselasdfghjkl', 'helena.pereda', 'marcdominguezgonzalez123', 'laia.elcantodelloco.aviles', 'laura.remacha', 'elenaperalcatalan', 'irantzu.arenaza', 'marcdurang', 'sara.perezma', 'jsergo', 'diegodelavega', 'rebecapirvu', 'colomeri', 'josebamiren.ormaetxea', 'sergio.herce', 'rbertolan', 'dvelik001', 'manel.mercader99']",3,"['devilbattles99', 'mrm24', 'paz.aragon']",43,"['rbalsina', 'josecarlo', 'enriccg', 'annafortuno', 'giselasdfghjkl', 'helena.pereda', 'muntsasales', 'pau.asensio', 'marcdominguezgonzalez123', 'laia.elcantodelloco.aviles', 'marcalblasco', 'rjansa125', 'paula.maynou', 'aleixespada', 'laura.remacha', 'elenaperalcatalan', 'irantzu.arenaza', 'marcdurang', 'sara.perezma', 'julia.partal', 'devilbattles99', 'quimii1', 'rutxi8', 'isaacexma', 'mrm24', 'paz.aragon', 'evadelalamofillat9', 'jsergo', 'paulamaynou', 'diegodelavega', 'aniol.vellvehi', 'rebecapirvu', 'colomeri', 'josebamiren.ormaetxea', 'sergio.herce', 'rbertolan', 'andreeaioana.kapas', 'roberto.fagotto', 'ritagrimalt11', 'dvelik001', 'delmoral1999', 'xavier.x1000', 'manel.mercader99']"
22,132,40,6,6,"['marcdurang', 'rbalsina', 'dvelik001', 'xavier.x1000', 'colomeri', 'manel.mercader99']",34,"['josecarlo', 'enriccg', 'annafortuno', 'giselasdfghjkl', 'helena.pereda', 'muntsasales', 'pau.asensio', 'marcdominguezgonzalez123', 'laia.elcantodelloco.aviles', 'marcalblasco', 'rjansa125', 'paula.maynou', 'aleixespada', 'laura.remacha', 'elenaperalcatalan', 'irantzu.arenaza', 'sara.perezma', 'julia.partal', 'quimii1', 'rutxi8', 'isaacexma', 'evadelalamofillat9', 'jsergo', 'paulamaynou', 'diegodelavega', 'aniol.vellvehi', 'rebecapirvu', 'josebamiren.ormaetxea', 'sergio.herce', 'rbertolan', 'andreeaioana.kapas', 'roberto.fagotto', 'ritagrimalt11', 'delmoral1999']",0,[],40,"['rbalsina', 'josecarlo', 'enriccg', 'annafortuno', 'giselasdfghjkl', 'helena.pereda', 'muntsasales', 'pau.asensio', 'marcdominguezgonzalez123', 'laia.elcantodelloco.aviles', 'marcalblasco', 'rjansa125', 'paula.maynou', 'aleixespada', 'laura.remacha', 'elenaperalcatalan', 'irantzu.arenaza', 'marcdurang', 'sara.perezma', 'julia.partal', 'quimii1', 'rutxi8', 'isaacexma', 'evadelalamofillat9', 'jsergo', 'paulamaynou', 'diegodelavega', 'aniol.vellvehi', 'rebecapirvu', 'colomeri', 'josebamiren.ormaetxea', 'sergio.herce', 'rbertolan', 'andreeaioana.kapas', 'roberto.fagotto', 'ritagrimalt11', 'dvelik001', 'delmoral1999', 'xavier.x1000', 'manel.mercader99']"
23,117,39,7,6,"['nkedir', 'wang4506', 'wu1432', 'rcontrac', 'bsalil', 'freder26']",33,"['nwinner', 'ramakrishna93', 'esoufler', 'exf112', 'brucep1997', 'ddemelom', 'wdeskins', 'hkubtan', 'benjaminyxz', 'zliu987', 'yesol1017', 'akhilvijay', 'dunca128', 'junghyun', 'christin3508', 'ali.salar', 'mohanc21', 'memari2298', 'kgp22', 'jjoffe', 'fang217', 'meyers18', 'emeka29', 'ayaeger', 'nsritong', 'lbrennan', 'hnamocat', 'bhatta23', 'mehrsa', 'mshewale', 'montoyar', 'le', 'suresh9']",1,['brajabif'],40,"['nkedir', 'nwinner', 'wang4506', 'ramakrishna93', 'esoufler', 'exf112', 'brucep1997', 'rcontrac', 'bsalil', 'ddemelom', 'freder26', 'wdeskins', 'hkubtan', 'benjaminyxz', 'zliu987', 'yesol1017', 'akhilvijay', 'dunca128', 'junghyun', 'christin3508', 'ali.salar', 'mohanc21', 'memari2298', 'kgp22', 'jjoffe', 'fang217', 'meyers18', 'emeka29', 'ayaeger', 'nsritong', 'lbrennan', 'hnamocat', 'wu1432', 'bhatta23', 'mehrsa', 'brajabif', 'mshewale', 'montoyar', 'le', 'suresh9']"
23,123,39,5,1,['kgp22'],38,"['nkedir', 'nwinner', 'wang4506', 'ramakrishna93', 'esoufler', 'exf112', 'brucep1997', 'rcontrac', 'bsalil', 'ddemelom', 'freder26', 'wdeskins', 'hkubtan', 'benjaminyxz', 'zliu987', 'yesol1017', 'akhilvijay', 'dunca128', 'junghyun', 'christin3508', 'ali.salar', 'mohanc21', 'memari2298', 'jjoffe', 'fang217', 'meyers18', 'emeka29', 'ayaeger', 'nsritong', 'lbrennan', 'hnamocat', 'wu1432', 'bhatta23', 'mehrsa', 'mshewale', 'montoyar', 'le', 'suresh9']",4,"['xu1020', 'msargen', 'bgrandst', 'stark22']",43,"['nkedir', 'nwinner', 'wang4506', 'ramakrishna93', 'esoufler', 'exf112', 'xu1020', 'msargen', 'brucep1997', 'rcontrac', 'bsalil', 'ddemelom', 'freder26', 'wdeskins', 'hkubtan', 'benjaminyxz', 'zliu987', 'yesol1017', 'bgrandst', 'akhilvijay', 'dunca128', 'stark22', 'junghyun', 'christin3508', 'ali.salar', 'mohanc21', 'memari2298', 'kgp22', 'jjoffe', 'fang217', 'meyers18', 'emeka29', 'ayaeger', 'nsritong', 'lbrennan', 'hnamocat', 'wu1432', 'bhatta23', 'mehrsa', 'mshewale', 'montoyar', 'le', 'suresh9']"
24,108,39,73,26,"['jmeneze', 'rojas23', 'eheikens', 'bhartant', 'matar', 'bmodel', 'lowe52', 'hu509', 'aavlani', 'fvora', 'sharm284', 'zprofio', 'byant', 'shanks5', 'ununez', 'smit3159', 'reyno105', 'owen22', 'abuganza', 'lgreenle', 'deshpan3', 'askipwor', 'jpiazza', 'kswiatk', 'patkip', 'li2736']",13,"['pikachu1998', 'berryshao', 'cdunteman', 'suz304', 'qq935964554', 'zongrui', 'louistan98', 'oceanlui', 'citychiriver', 'jmaillet', 'askalamtor', 'a16089459d', '16096619d']",47,"['ncnweb_outreach2', 'jstalba', 'satishbgowda', 'gtribe', 'ford.l.piano.guitar', 'desai61', 'jo30', 'kulkar72', 'rnaon', 'faltens', 'jverduzc', 'dewey2', 'ericks23', 'kkoradiy', 'vogel30', 'ncnweb_outreach1', 'alafzi', 'wang4084', 'callahap', 'pnagrani', 'anaon', 'ganeshm', 'skarumur', 'savetian', 'yao201', 'sah1', 'paulmather', 'mademoiselle0812', 'dfarache', 'ssaradhi', 'dbenham', 'peter496', 'mfarnell', 'ja37989', 'gchsong', 'mcclurez', 'conley39', 'tan254', 'osantang', 'jianwen97', 'aidanc_purdue', 'jpdero2', 'titus9', 'petrosky', 'mtrivell', 'han602', 'jung248']",86,"['jmeneze', 'eheikens', 'bhartant', 'bmodel', 'satishbgowda', 'ford.l.piano.guitar', 'louistan98', 'jo30', 'citychiriver', 'aavlani', 'faltens', '16096619d', 'fvora', 'vogel30', 'ncnweb_outreach1', 'alafzi', 'jmaillet', 'callahap', 'pnagrani', 'ununez', 'skarumur', 'savetian', 'suz304', 'yao201', 'sah1', 'paulmather', 'owen22', 'mademoiselle0812', 'ssaradhi', 'dbenham', 'abuganza', 'mfarnell', 'jpiazza', 'tan254', 'aidanc_purdue', 'patkip', 'askalamtor', 'li2736', 'jpdero2', 'zongrui', 'ja37989', 'rojas23', 'ncnweb_outreach2', 'jstalba', 'pikachu1998', 'berryshao', 'cdunteman', 'matar', 'lowe52', 'gtribe', 'hu509', 'desai61', 'kulkar72', 'rnaon', 'dewey2', 'jverduzc', 'ericks23', 'kkoradiy', 'sharm284', 'oceanlui', 'zprofio', 'wang4084', 'byant', 'anaon', 'shanks5', 'smit3159', 'ganeshm', 'reyno105', 'dfarache', 'peter496', 'lgreenle', 'a16089459d', 'deshpan3', 'askipwor', 'gchsong', 'mcclurez', 'conley39', 'kswiatk', 'qq935964554', 'osantang', 'jianwen97', 'titus9', 'petrosky', 'mtrivell', 'han602', 'jung248']"
24,111,39,6,2,"['hu509', 'bhartant']",37,"['jmeneze', 'rojas23', 'pikachu1998', 'eheikens', 'berryshao', 'matar', 'bmodel', 'cdunteman', 'lowe52', 'louistan98', 'citychiriver', 'aavlani', '16096619d', 'fvora', 'sharm284', 'oceanlui', 'jmaillet', 'zprofio', 'byant', 'shanks5', 'ununez', 'smit3159', 'suz304', 'reyno105', 'owen22', 'abuganza', 'lgreenle', 'a16089459d', 'deshpan3', 'askipwor', 'jpiazza', 'kswiatk', 'qq935964554', 'patkip', 'askalamtor', 'li2736', 'zongrui']",4,"['tmarconi', 'ian.strachan9', 'lpl', 'seey']",43,"['jmeneze', 'rojas23', 'pikachu1998', 'eheikens', 'berryshao', 'bhartant', 'matar', 'bmodel', 'cdunteman', 'lowe52', 'ian.strachan9', 'hu509', 'louistan98', 'citychiriver', 'aavlani', '16096619d', 'fvora', 'tmarconi', 'sharm284', 'oceanlui', 'jmaillet', 'zprofio', 'byant', 'shanks5', 'ununez', 'smit3159', 'suz304', 'reyno105', 'owen22', 'abuganza', 'lpl', 'lgreenle', 'a16089459d', 'deshpan3', 'askipwor', 'jpiazza', 'kswiatk', 'qq935964554', 'patkip', 'askalamtor', 'li2736', 'zongrui', 'seey']"
24,112,39,5,1,['eheikens'],38,"['jmeneze', 'rojas23', 'pikachu1998', 'berryshao', 'bhartant', 'matar', 'bmodel', 'cdunteman', 'lowe52', 'hu509', 'louistan98', 'citychiriver', 'aavlani', '16096619d', 'fvora', 'sharm284', 'oceanlui', 'jmaillet', 'zprofio', 'byant', 'shanks5', 'ununez', 'smit3159', 'suz304', 'reyno105', 'owen22', 'abuganza', 'lgreenle', 'a16089459d', 'deshpan3', 'askipwor', 'jpiazza', 'kswiatk', 'qq935964554', 'patkip', 'askalamtor', 'li2736', 'zongrui']",4,"['ericks23', 'krishn73', 'white494', 'nh_engagement']",43,"['jmeneze', 'rojas23', 'pikachu1998', 'eheikens', 'berryshao', 'bhartant', 'matar', 'bmodel', 'cdunteman', 'lowe52', 'krishn73', 'hu509', 'louistan98', 'citychiriver', 'white494', 'aavlani', '16096619d', 'ericks23', 'fvora', 'sharm284', 'oceanlui', 'jmaillet', 'zprofio', 'nh_engagement', 'byant', 'shanks5', 'ununez', 'smit3159', 'suz304', 'reyno105', 'owen22', 'abuganza', 'lgreenle', 'a16089459d', 'deshpan3', 'askipwor', 'jpiazza', 'kswiatk', 'qq935964554', 'patkip', 'askalamtor', 'li2736', 'zongrui']"
25,153,37,49,35,"['nightshadequeen', 'ak398', 'hah36', 'lae26', 'davidliu729', 'sanmitra.roni', 'shihenglu94', 'luciamees2016', 'ashwinmahendra98', 'martincala', 'lindamanyenga', 'aaa504035787', 'jmedway614', 'faris.albarghouthi', 'awodell12', '108claire', 'divmalhotrawork', 'vagpan88', 'brianbosem', 'atm54', 'jonahhk', 'vivianqw', 'moarabi', 's4rahlim', 'brooke.z.keene', 'acanning24', 'allencao', 'joyqiaoyili', 'uzoigweamauche', 'blc29', 'ari_carri', 'enakshi', 'nano512', 'joanna.li', 'charlotteroh']",2,"['mooonliite', 'shaochunhung']",14,"['ebakretsbew', 'hannahwilen', 'aarondfranklin', 'mbelissary1', 'marianitaben', 'brendancheng97', 'horn1720', 'dl232', 'hattan.abuzaid', 'amartzz', 'memelord123', 'kurisil00', 'nicemice77', 'angiechristinelei']",51,"['nightshadequeen', 'horn1720', 'lae26', 'sanmitra.roni', 'memelord123', 'luciamees2016', 'ashwinmahendra98', 'martincala', 'lindamanyenga', 'marianitaben', 'shaochunhung', 'kurisil00', 'jmedway614', 'awodell12', 'faris.albarghouthi', 'vagpan88', 'brianbosem', 'vivianqw', 'amartzz', 'moarabi', 's4rahlim', 'angiechristinelei', 'joyqiaoyili', 'ari_carri', 'nano512', 'joanna.li', 'nicemice77', 'charlotteroh', 'ak398', 'hannahwilen', 'hah36', 'davidliu729', 'shihenglu94', 'aaa504035787', 'hattan.abuzaid', 'divmalhotrawork', '108claire', 'atm54', 'jonahhk', 'aarondfranklin', 'brendancheng97', 'dl232', 'brooke.z.keene', 'acanning24', 'allencao', 'ebakretsbew', 'mbelissary1', 'uzoigweamauche', 'blc29', 'enakshi', 'mooonliite']"
25,156,37,7,6,"['joyqiaoyili', 'jonahhk', 'shaochunhung', 'nano512', 'acanning24', 'divmalhotrawork']",31,"['nightshadequeen', 'ak398', 'hah36', 'lae26', 'davidliu729', 'sanmitra.roni', 'shihenglu94', 'luciamees2016', 'ashwinmahendra98', 'martincala', 'lindamanyenga', 'aaa504035787', 'jmedway614', 'awodell12', 'faris.albarghouthi', '108claire', 'vagpan88', 'brianbosem', 'atm54', 'vivianqw', 'moarabi', 's4rahlim', 'brooke.z.keene', 'allencao', 'uzoigweamauche', 'blc29', 'ari_carri', 'enakshi', 'joanna.li', 'mooonliite', 'charlotteroh']",1,['hattan.abuzaid'],38,"['nightshadequeen', 'ak398', 'hah36', 'lae26', 'davidliu729', 'sanmitra.roni', 'shihenglu94', 'luciamees2016', 'ashwinmahendra98', 'martincala', 'lindamanyenga', 'aaa504035787', 'shaochunhung', 'hattan.abuzaid', 'jmedway614', 'awodell12', 'faris.albarghouthi', 'divmalhotrawork', '108claire', 'vagpan88', 'brianbosem', 'atm54', 'jonahhk', 'vivianqw', 'moarabi', 's4rahlim', 'brooke.z.keene', 'acanning24', 'allencao', 'joyqiaoyili', 'uzoigweamauche', 'blc29', 'ari_carri', 'enakshi', 'nano512', 'joanna.li', 'mooonliite', 'charlotteroh']"
27,55,32,15,1,['asarnowski'],31,"['kmgrove', 'sding7', 'fionayjx27', 'ahmad31', 'hamed0', 'llosadar', 'jmlin', 'zhong150', 'carr94', 'cedrichan', 'lrajendr', 'elacr', 'sarahywang', 'twang28', 'adhikarp', 'lee3489', 'jiang402', 'kuhn48', 'wyss', 'agulyuk', 'avasiukh', 'henry01234567', 'zhan3736', 'joshua.thomas.paul', 'kstirrup', 'drs378', 'vostwal', 'silapaku', 'vkoranne', 'wl0021', 'rderakhs7']",14,"['childs4', 'rollere', 'dewittl', 'oalkayya', 'tu37', 'awennin', 'tuckerz', 'gezbbl7', 'mcginn1', 'nabdrahn', 'ellis99', 'kvansan', 'aperitor', 'cvasq69']",46,"['kmgrove', 'rollere', 'sding7', 'fionayjx27', 'tuckerz', 'mcginn1', 'ahmad31', 'asarnowski', 'llosadar', 'hamed0', 'childs4', 'dewittl', 'jmlin', 'nabdrahn', 'zhong150', 'carr94', 'cedrichan', 'lrajendr', 'elacr', 'sarahywang', 'aperitor', 'adhikarp', 'twang28', 'lee3489', 'jiang402', 'kuhn48', 'tu37', 'gezbbl7', 'wyss', 'agulyuk', 'avasiukh', 'kvansan', 'henry01234567', 'zhan3736', 'joshua.thomas.paul', 'cvasq69', 'kstirrup', 'drs378', 'vostwal', 'silapaku', 'oalkayya', 'awennin', 'ellis99', 'vkoranne', 'wl0021', 'rderakhs7']"
27,110,32,10,3,"['cedrichan', 'jiang402', 'llosadar']",29,"['kmgrove', 'sding7', 'fionayjx27', 'ahmad31', 'asarnowski', 'hamed0', 'jmlin', 'zhong150', 'carr94', 'lrajendr', 'elacr', 'sarahywang', 'twang28', 'adhikarp', 'lee3489', 'kuhn48', 'wyss', 'agulyuk', 'avasiukh', 'henry01234567', 'zhan3736', 'joshua.thomas.paul', 'kstirrup', 'drs378', 'vostwal', 'silapaku', 'vkoranne', 'wl0021', 'rderakhs7']",7,"['sritapaswi2007', 'bageesey', 'markleightonfisher', 'hsvalladares88', 'cmousoul', 'ho141', 'harbinz']",39,"['kmgrove', 'sding7', 'fionayjx27', 'markleightonfisher', 'ahmad31', 'asarnowski', 'llosadar', 'hamed0', 'sritapaswi2007', 'jmlin', 'bageesey', 'cmousoul', 'zhong150', 'carr94', 'cedrichan', 'lrajendr', 'elacr', 'sarahywang', 'adhikarp', 'twang28', 'lee3489', 'jiang402', 'kuhn48', 'hsvalladares88', 'wyss', 'agulyuk', 'avasiukh', 'harbinz', 'henry01234567', 'zhan3736', 'joshua.thomas.paul', 'kstirrup', 'drs378', 'vostwal', 'silapaku', 'vkoranne', 'ho141', 'wl0021', 'rderakhs7']"
28,56,31,21,18,"['insect', 'samalex', 'benkennard27', 'elliswillis', '0woodm', 'georgespencer', 'ilaydagwillim1', 'evans.jac', 'sophiepowell3', 'jm973934', 'mbartle', 'utu10', 'shannon96', 'rhys2000', 'kgvale', 'tristanalbion', 'willhknight99', 'nanorefugee']",13,"['bigmatty69', 'reagan23', 'georgefox99', 'ayanamirei', 'marshmelon', 'neo12', 'bengrabham', 'ethantull09', 'adamdawe26', 'aliaziz98', 'victoriabiard99', 'ethantull', 'ijames99']",3,"['victoria.baird7', 'fmartinmartinez', 'albormeha2']",34,"['insect', 'reagan23', 'benkennard27', '0woodm', 'georgespencer', 'bengrabham', 'victoria.baird7', 'shannon96', 'aliaziz98', 'victoriabiard99', 'ijames99', 'georgefox99', 'marshmelon', 'evans.jac', 'sophiepowell3', 'utu10', 'ethantull09', 'mbartle', 'kgvale', 'rhys2000', 'fmartinmartinez', 'bigmatty69', 'samalex', 'ayanamirei', 'ethantull', 'jm973934', 'albormeha2', 'willhknight99', 'ilaydagwillim1', 'neo12', 'adamdawe26', 'tristanalbion', 'elliswillis', 'nanorefugee']"
28,176,31,11,8,"['elliswillis', 'evans.jac', 'sophiepowell3', 'bengrabham', 'utu10', 'rhys2000', 'ilaydagwillim1', 'nanorefugee']",23,"['insect', 'reagan23', 'benkennard27', '0woodm', 'georgespencer', 'shannon96', 'aliaziz98', 'victoriabiard99', 'ijames99', 'georgefox99', 'marshmelon', 'mbartle', 'ethantull09', 'kgvale', 'bigmatty69', 'samalex', 'ayanamirei', 'jm973934', 'willhknight99', 'neo12', 'adamdawe26', 'tristanalbion', 'ethantull']",3,"['albormeha2', 'reagan231996', 'jackallman19']",34,"['insect', 'reagan23', 'benkennard27', '0woodm', 'georgespencer', 'reagan231996', 'bengrabham', 'shannon96', 'aliaziz98', 'victoriabiard99', 'ijames99', 'georgefox99', 'marshmelon', 'evans.jac', 'sophiepowell3', 'utu10', 'ethantull09', 'mbartle', 'kgvale', 'rhys2000', 'bigmatty69', 'samalex', 'ayanamirei', 'ethantull', 'jm973934', 'albormeha2', 'jackallman19', 'willhknight99', 'ilaydagwillim1', 'neo12', 'adamdawe26', 'tristanalbion', 'elliswillis', 'nanorefugee']"
29,43,28,29,28,"['cassandra.mllr', 'jbtraugott', 'dlofranco', 'amills2016', 'msainzdebaranda', 'tdwyer1', 'daniel.olis', 'sydneyyu', 'carolina.garcia', 'edrian.tirene', 'tmartinbrevard', 'ethan.miller1', 'stevenrosenthal', 'rfg0402', 'zihuanteng', 'tyrell1996', 'jvargo1227', 'angelaccook', 'cbrayman', 'hensdn', 'jacobweldon', 'su1998', 'thesctt', 'gabyrodrigo', 'lwick', 'bakerherrin2', 'rapier2claws', 'ldigioia3']",0,[],1,['whatever'],29,"['cassandra.mllr', 'jbtraugott', 'dlofranco', 'amills2016', 'msainzdebaranda', 'tdwyer1', 'daniel.olis', 'sydneyyu', 'carolina.garcia', 'edrian.tirene', 'tmartinbrevard', 'ethan.miller1', 'stevenrosenthal', 'rfg0402', 'zihuanteng', 'tyrell1996', 'jvargo1227', 'whatever', 'angelaccook', 'cbrayman', 'hensdn', 'jacobweldon', 'su1998', 'thesctt', 'gabyrodrigo', 'lwick', 'bakerherrin2', 'rapier2claws', 'ldigioia3']"
30,143,28,21,14,"['karanvj1998', 'npbhosle_b16', 'pranavpshah', 'yash10dulkar', 'mrunal', 'swaps.surya', 'vrajmani20', 'siddhishah', 'saaket.agashe', 'elvinj1601', 'nikhil.abhyankar', 'vinayy232', 'sanketwayal', 'shwetakumaran26']",14,"['shahildhotre1999', 'mrunmayi.sahare18', 'shaima.hakimi96', 'samir24', '3mayavismaya9710', 'patnenishad98', 'uditadhavale878', 'saurabh.gurbhele', 'swagger', 'vrushalis24', 'yash17', 'chetansoam1999', 'rjasoriya26', 'saumya08']",7,"['royshambhavi306', 'aartibhilare', 'adityagawali13', 'athu98', 'shambhavikuthe', 'vidushi04', 'cmrane_b16']",35,"['karanvj1998', 'royshambhavi306', 'pranavpshah', '3mayavismaya9710', 'shaima.hakimi96', 'samir24', 'adityagawali13', 'vrajmani20', 'siddhishah', 'elvinj1601', 'shambhavikuthe', 'sanketwayal', 'shahildhotre1999', 'npbhosle_b16', 'yash10dulkar', 'saumya08', 'patnenishad98', 'uditadhavale878', 'saaket.agashe', 'swagger', 'vinayy232', 'cmrane_b16', 'swaps.surya', 'nikhil.abhyankar', 'athu98', 'vidushi04', 'chetansoam1999', 'rjasoriya26', 'shwetakumaran26', 'mrunmayi.sahare18', 'aartibhilare', 'mrunal', 'saurabh.gurbhele', 'vrushalis24', 'yash17']"
30,141,28,14,1,['3mayavismaya9710'],27,"['karanvj1998', 'pranavpshah', 'samir24', 'shaima.hakimi96', 'vrajmani20', 'siddhishah', 'elvinj1601', 'yash17', 'sanketwayal', 'shahildhotre1999', 'npbhosle_b16', 'yash10dulkar', 'patnenishad98', 'uditadhavale878', 'saaket.agashe', 'swagger', 'vinayy232', 'swaps.surya', 'nikhil.abhyankar', 'chetansoam1999', 'rjasoriya26', 'shwetakumaran26', 'mrunmayi.sahare18', 'mrunal', 'saurabh.gurbhele', 'vrushalis24', 'saumya08']",13,"['aparnanair2302', 'r.rahul2636', 'sarathsathish78', 'ajaymr', 'sneha9192', 'palattilhouse', 'kadarbhai', 'ancycrips123', 'bhadraanil9', 'kailasrj11', 'athulrajhere', 'preethiravisankar101', 'krishna6023']",41,"['karanvj1998', 'pranavpshah', '3mayavismaya9710', 'shaima.hakimi96', 'samir24', 'ajaymr', 'palattilhouse', 'vrajmani20', 'siddhishah', 'ancycrips123', 'elvinj1601', 'kailasrj11', 'sanketwayal', 'shahildhotre1999', 'npbhosle_b16', 'yash10dulkar', 'saumya08', 'patnenishad98', 'uditadhavale878', 'kadarbhai', 'saaket.agashe', 'swagger', 'vinayy232', 'r.rahul2636', 'swaps.surya', 'nikhil.abhyankar', 'chetansoam1999', 'rjasoriya26', 'athulrajhere', 'shwetakumaran26', 'krishna6023', 'mrunmayi.sahare18', 'aparnanair2302', 'sarathsathish78', 'mrunal', 'sneha9192', 'saurabh.gurbhele', 'vrushalis24', 'bhadraanil9', 'preethiravisankar101', 'yash17']"
30,140,28,7,1,['3mayavismaya9710'],27,"['karanvj1998', 'pranavpshah', 'samir24', 'shaima.hakimi96', 'vrajmani20', 'siddhishah', 'elvinj1601', 'yash17', 'sanketwayal', 'shahildhotre1999', 'npbhosle_b16', 'yash10dulkar', 'patnenishad98', 'uditadhavale878', 'saaket.agashe', 'swagger', 'vinayy232', 'swaps.surya', 'nikhil.abhyankar', 'chetansoam1999', 'rjasoriya26', 'shwetakumaran26', 'mrunmayi.sahare18', 'mrunal', 'saurabh.gurbhele', 'vrushalis24', 'saumya08']",6,"['jubilyvreji', 'sheethugopal1998', 'shincy6', 'ushamadhu963', 'sreeparvathisharikumar', 'nissie.mary.johnson']",34,"['karanvj1998', 'sheethugopal1998', 'pranavpshah', '3mayavismaya9710', 'shaima.hakimi96', 'samir24', 'ushamadhu963', 'swaps.surya', 'vrajmani20', 'siddhishah', 'nikhil.abhyankar', 'elvinj1601', 'yash17', 'chetansoam1999', 'rjasoriya26', 'sanketwayal', 'nissie.mary.johnson', 'shwetakumaran26', 'shahildhotre1999', 'jubilyvreji', 'npbhosle_b16', 'mrunmayi.sahare18', 'shincy6', 'yash10dulkar', 'patnenishad98', 'mrunal', 'uditadhavale878', 'saurabh.gurbhele', 'saaket.agashe', 'swagger', 'vinayy232', 'vrushalis24', 'sreeparvathisharikumar', 'saumya08']"
30,144,28,6,6,"['patnenishad98', 'saurabh.gurbhele', 'swagger', 'vrushalis24', 'rjasoriya26', 'saumya08']",22,"['karanvj1998', 'pranavpshah', '3mayavismaya9710', 'shaima.hakimi96', 'samir24', 'swaps.surya', 'vrajmani20', 'siddhishah', 'nikhil.abhyankar', 'elvinj1601', 'yash17', 'chetansoam1999', 'sanketwayal', 'shwetakumaran26', 'shahildhotre1999', 'npbhosle_b16', 'mrunmayi.sahare18', 'yash10dulkar', 'mrunal', 'uditadhavale878', 'saaket.agashe', 'vinayy232']",0,[],28,"['karanvj1998', 'pranavpshah', '3mayavismaya9710', 'shaima.hakimi96', 'samir24', 'swaps.surya', 'vrajmani20', 'siddhishah', 'nikhil.abhyankar', 'elvinj1601', 'yash17', 'chetansoam1999', 'rjasoriya26', 'sanketwayal', 'shwetakumaran26', 'shahildhotre1999', 'npbhosle_b16', 'mrunmayi.sahare18', 'yash10dulkar', 'patnenishad98', 'mrunal', 'uditadhavale878', 'saurabh.gurbhele', 'saaket.agashe', 'swagger', 'vinayy232', 'vrushalis24', 'saumya08']"
31,61,27,39,27,"['hvmistry', 'revakdemir', 'jiaqiwang1', 'akashm1', 'jagabattula1996', 'rajeshwaripatil1018', 'newzilpatel', 'nitantrajesh', 'mjamal1', 'dro3', 'purveebhatia', 'jingbinzhao', 'espinosa4', 'yang19900513', 'adilahsan', 'jianlilu', 'snagaraj1', 'patil2', 'runyul', 'panumula', 'zheweny', 'revakd16', 'prajwal3', 'rahulgahlot', 'locusgurungsanjib', 'rai1', 'sanjibg']",0,[],12,"['arojiwadia', 'newzilpatel3113', 'newzil3113', 'wrp1997', 'yujiewang', 'adarshj', 'aakashkonda', 'anumula3preetham', 'syam98', '1994.vishaksunil', 'jeong2', 'yzw994']",39,"['hvmistry', 'akashm1', 'jagabattula1996', 'newzilpatel', 'nitantrajesh', 'mjamal1', 'yujiewang', 'dro3', 'yang19900513', 'jianlilu', 'adarshj', 'patil2', 'zheweny', 'revakd16', 'syam98', 'newzilpatel3113', 'revakdemir', 'wrp1997', 'jiaqiwang1', '1994.vishaksunil', 'rajeshwaripatil1018', 'aakashkonda', 'purveebhatia', 'yzw994', 'jingbinzhao', 'arojiwadia', 'espinosa4', 'adilahsan', 'snagaraj1', 'anumula3preetham', 'runyul', 'panumula', 'prajwal3', 'newzil3113', 'rahulgahlot', 'locusgurungsanjib', 'rai1', 'sanjibg', 'jeong2']"
32,159,26,33,19,"['zhc12208', 'dlyday', 'jgee99', 'smsandee', 'jayden', 'ghart', 'eason888', 'zyj', 'kli0323', 'cwbraga1', 'dhuang70', 'esuwandi', 'raltovar', 'hleon16', 'aelagoc', 'suzannas', 'npcalarc', 'jrmurana', 'ajtenorio']",7,"['tomas_sm', 'mwwang', 'jnh55', 'hcch', 'mdbell', 'izoahzo', 'frid.rom.serg']",14,"['julzha', 'bahodges', 'sg630', 'saway', 'nshuman', 'godguo', 'kphendra', 'etconley', 'mikhilk', 'jzj701', 'jwokim', 'birdboy', 'saffrondon', 'aaorozco']",40,"['julzha', 'zhc12208', 'dlyday', 'jgee99', 'etconley', 'smsandee', 'mdbell', 'jayden', 'ghart', 'jwokim', 'aaorozco', 'eason888', 'zyj', 'kli0323', 'godguo', 'kphendra', 'cwbraga1', 'dhuang70', 'hcch', 'izoahzo', 'jzj701', 'saffrondon', 'esuwandi', 'raltovar', 'hleon16', 'bahodges', 'sg630', 'saway', 'tomas_sm', 'mwwang', 'mikhilk', 'aelagoc', 'suzannas', 'birdboy', 'nshuman', 'jnh55', 'npcalarc', 'jrmurana', 'ajtenorio', 'frid.rom.serg']"
33,110,26,10,2,"['hsvalladares88', 'markleightonfisher']",24,"['wangjourney7', 'bgunder', 'terekhovpd', 'aahmadza', 'qiuchenzhai', 'yloaizal', 'srrohit7', 'biswas.rijal', 'jinghanli', 'tmarconi', 'tkonstan', 'xue76', 'odonne33', 'okurtulu', 'rituraj346', 'julien419', 'ardekani', 'kelsayed', 'jnino', 'pavlos.vlachos', 'chen220', 'xixilegend', 'wang4142', 'zhan2395']",8,"['jiang402', 'sritapaswi2007', 'bageesey', 'cmousoul', 'ho141', 'harbinz', 'cedrichan', 'llosadar']",34,"['wangjourney7', 'rituraj346', 'bgunder', 'terekhovpd', 'jiang402', 'julien419', 'markleightonfisher', 'hsvalladares88', 'aahmadza', 'qiuchenzhai', 'ardekani', 'yloaizal', 'harbinz', 'srrohit7', 'llosadar', 'kelsayed', 'biswas.rijal', 'jnino', 'pavlos.vlachos', 'chen220', 'jinghanli', 'sritapaswi2007', 'tmarconi', 'bageesey', 'tkonstan', 'xixilegend', 'wang4142', 'cmousoul', 'ho141', 'xue76', 'cedrichan', 'odonne33', 'zhan2395', 'okurtulu']"
33,111,26,6,1,['tmarconi'],25,"['wangjourney7', 'bgunder', 'terekhovpd', 'markleightonfisher', 'aahmadza', 'qiuchenzhai', 'yloaizal', 'srrohit7', 'biswas.rijal', 'jinghanli', 'tkonstan', 'xue76', 'odonne33', 'okurtulu', 'rituraj346', 'julien419', 'hsvalladares88', 'ardekani', 'kelsayed', 'jnino', 'pavlos.vlachos', 'chen220', 'xixilegend', 'wang4142', 'zhan2395']",5,"['ian.strachan9', 'bhartant', 'hu509', 'lpl', 'seey']",31,"['wangjourney7', 'rituraj346', 'bgunder', 'terekhovpd', 'ian.strachan9', 'bhartant', 'julien419', 'markleightonfisher', 'hsvalladares88', 'hu509', 'aahmadza', 'qiuchenzhai', 'ardekani', 'yloaizal', 'lpl', 'srrohit7', 'kelsayed', 'biswas.rijal', 'jnino', 'pavlos.vlachos', 'chen220', 'jinghanli', 'tmarconi', 'seey', 'tkonstan', 'xixilegend', 'wang4142', 'xue76', 'odonne33', 'zhan2395', 'okurtulu']"
34,126,26,31,23,"['anfedepe', 'npava55', 'df.pena12', 'nicolas.jimenez.perez.lopez', 'ca.espitiaa0516', 'lauraldana18', 'nlozano611', 'tomasrubiano', 'laladgg', 'pipefe1212', 'jc.sanchez16', 'jcbuitragoa1', 'sebastianbeto2015', 'tosaleal', 'amtellez', 'basica2020', 'helipe90', 'aiskel178', 'danielaguti25', 'brayanhernan8', 'dc.camargo09', 'mc.holguin', 'milton_catano']",3,"['atru000', 'susachavez07', 'diegofelipe.martinezvalencia']",8,"['julieth.pch', 'jairitronmanzano777', 'juannangara', 'kamilongis1', 'ivandavidperez4', 'aiskelb', 'maxhitman', 'diamondchief']",34,"['jairitronmanzano777', 'anfedepe', 'npava55', 'kamilongis1', 'df.pena12', 'aiskelb', 'maxhitman', 'susachavez07', 'nicolas.jimenez.perez.lopez', 'ca.espitiaa0516', 'lauraldana18', 'nlozano611', 'tomasrubiano', 'laladgg', 'pipefe1212', 'juannangara', 'jc.sanchez16', 'diegofelipe.martinezvalencia', 'jcbuitragoa1', 'sebastianbeto2015', 'diamondchief', 'tosaleal', 'amtellez', 'basica2020', 'helipe90', 'aiskel178', 'julieth.pch', 'danielaguti25', 'brayanhernan8', 'dc.camargo09', 'atru000', 'ivandavidperez4', 'mc.holguin', 'milton_catano']"
36,6,25,19,16,"['angelaatf7', 'alchapar13', 'jaimesanchezfirth', 'carlostoronu1', 'mvictoriacerez', 'aliciasero', 'mgrmanu10', 'blavelagu', 'pedrolealdelojorossello', 'giulianomirabella', 'rausanara', 'elenasilva35', 'elena.enamorado.diaz', 'miguelreyes1405', 'juliangarciajuanino', 'nacholito98']",9,"['elenaeslin', 'bartolomealarcon9', 'rvidalalcon', 'pilarmima9723', 'lucicb', 'migbarcar', 'hggall1', 'anpau53', 'crla.1933']",3,"['padblanclaura', 'claudia.hym', 'nataliamornar']",28,"['carlostoronu1', 'mvictoriacerez', 'pedrolealdelojorossello', 'pilarmima9723', 'jaimesanchezfirth', 'rvidalalcon', 'hggall1', 'claudia.hym', 'nataliamornar', 'angelaatf7', 'alchapar13', 'aliciasero', 'elenasilva35', 'migbarcar', 'anpau53', 'nacholito98', 'crla.1933', 'padblanclaura', 'mgrmanu10', 'elenaeslin', 'bartolomealarcon9', 'blavelagu', 'giulianomirabella', 'elena.enamorado.diaz', 'lucicb', 'miguelreyes1405', 'juliangarciajuanino', 'rausanara']"
37,14,25,15,13,"['daniolivasek10', 'romanruizmarta', 'elisajulia96', 'pablocollantesruiz', 'aliciafernandezsiles', 'susanacm', 'leticiamaciasnaranjo97', 'lauragarciauma', 'carmenapa605', 'jesusdur98', 'dbzrp10', 'rebecamg31', 'samupf97']",12,"['josejavierbm95', 'esthercorpas', 'mdelatl', 'juanjoseruizpenela', 'teresiiyaa', 'agckk35', 'labchara.mona', 'zaraspringon', 'angelsanabria2a', 'albabecerra.ab', 'rafagarcialuque', 'raulgr']",2,"['antgm98', 'pepillobs']",27,"['mdelatl', 'romanruizmarta', 'juanjoseruizpenela', 'teresiiyaa', 'leticiamaciasnaranjo97', 'carmenapa605', 'raulgr', 'josejavierbm95', 'esthercorpas', 'pepillobs', 'labchara.mona', 'susanacm', 'zaraspringon', 'lauragarciauma', 'angelsanabria2a', 'samupf97', 'albabecerra.ab', 'elisajulia96', 'aliciafernandezsiles', 'antgm98', 'daniolivasek10', 'pablocollantesruiz', 'jesusdur98', 'dbzrp10', 'rebecamg31', 'rafagarcialuque', 'agckk35']"
38,94,24,43,20,"['mtaheri', 'gbruno527', 'caitaot', 'lutianx', 'zbk', 'blanzyt', 'taoyuhu', 'chahuang', 'linchtn', 'mainmark', 'sudeepm', 'metink', 'jiayinyu', 'maxpow', 'jiaminw', 'dbyin', 'yuchuw', 'cgiger', 'greeleyd', 'gladaaro']",4,"['huaifu', 'javierln', 'maulbeck', 'messij']",23,"['aagoulas', 'zhuhao', 'jscholtz', 'nleginza', 'kioupakis', 'rnalbert25', 'mstryk', 'alberto4', 'ariwu', 'dylanae', 'nickho', 'jspielma', 'qiliang', 'hhlien', 'zainsou', 'yxluan', 'lboals', 'shriyasi', 'jzwesley', 'eparlow', 'smprabhu', 'cokane', 'shdubaisi']",47,"['caitaot', 'aagoulas', 'lutianx', 'zbk', 'jscholtz', 'nleginza', 'kioupakis', 'taoyuhu', 'rnalbert25', 'chahuang', 'mstryk', 'linchtn', 'mainmark', 'sudeepm', 'metink', 'ariwu', 'dylanae', 'jiayinyu', 'jiaminw', 'yuchuw', 'cgiger', 'greeleyd', 'messij', 'gladaaro', 'yxluan', 'lboals', 'shriyasi', 'jzwesley', 'eparlow', 'maulbeck', 'javierln', 'cokane', 'qiliang', 'mtaheri', 'gbruno527', 'zhuhao', 'blanzyt', 'huaifu', 'alberto4', 'nickho', 'maxpow', 'dbyin', 'jspielma', 'hhlien', 'zainsou', 'smprabhu', 'shdubaisi']"
38,158,24,20,18,"['gladaaro', 'jiayinyu', 'mtaheri', 'taoyuhu', 'gbruno527', 'lutianx', 'zbk', 'maxpow', 'yuchuw', 'jiaminw', 'chahuang', 'linchtn', 'dbyin', 'mainmark', 'blanzyt', 'greeleyd', 'sudeepm', 'metink']",6,"['caitaot', 'huaifu', 'maulbeck', 'javierln', 'cgiger', 'messij']",2,"['qiliang', 'hhlien']",26,"['mtaheri', 'caitaot', 'gbruno527', 'lutianx', 'zbk', 'blanzyt', 'taoyuhu', 'huaifu', 'chahuang', 'linchtn', 'mainmark', 'sudeepm', 'metink', 'jiayinyu', 'maxpow', 'jiaminw', 'dbyin', 'yuchuw', 'cgiger', 'hhlien', 'greeleyd', 'messij', 'gladaaro', 'maulbeck', 'javierln', 'qiliang']"
40,66,23,225,21,"['dunca108', 'thornt21', 'lregalad', 'winstontinople', 'abreidin', 'girouxm', 'boyle49', 'smit3458', 's1p6a1r8a', 'moore763', 'jvanben', 'qpitter', 'konerua', 'lswentor', 'sanjivdamodaran', 'iczajkow', 'ltopliff', 'ttayeb', 'mann78', 'ericshen628', 'nnoraziz']",2,"['simons7', 'seshada']",204,"['abosshar', 'lowe77.purdue', 'deshmukp', 'msargen', 'jaloi', 'natoli0', 'malhamm', 'slillig', 'freyg', 'awoodwa', 'klipiszk', 'hschennu', 'amcgoff', 'tglavan', 'dangratz99', 'smit3184', 'psmading', 'lthursto', 'suixiong8', 'lrigsbee', 'jone1573', 'xu1085', 'rdrager', 'peter514', 'jess24', 'marito', 'kbebris', 'choi333', 'mart1380', 'jeigenbr', 'jlorah', 'patel731', 'engc', 'ecave', 'cblackm', 'mfess', 'zubik', 'nkhuu', 'yao201', 'hopkin43', 'terry51', 'amoravec', 'smit3177', 'agrillo', 'xose.amo', 'akapko', 'rathi4', 'wertzm', 'chao26', 'justindcambridge', 'zfrank64', 'hillej', 'patel784', 'sgrzych', 'gnishibu', 'ceckste', 'adams410', 'rweedon', 'flore170', 'bwitchie', 'yang1865', 'layyar', 'tdarmon20', 'sedgerto', 'abora', 'davidsml', 'anniebreidinger', 'xul9044', 'baile261', 'daviskahmann', 'gcesar', 'chiang56', 'wonhyukdo', 'bgrandst', 'lauerc', 'dewittl', 'wade59', 'efeldman', 'dleoni', 'bernarm', 'ghosh36', 'racroth35', 'schuman1', 'jfitzhu', 'cregers', 'colewilloughby1125', 'hsmoke', 'jo46', 'allnic21', 'mart1180', 'tpownell', 'mheighwa', 'verma52', 'gezbbl7', 'mohdshah', 'pickera', 'li3604', 'cvasq69', 'stewa238', 'ewilhite', 'adamdmiller17', 'brewer66', 'richtern', 'kinserc', 'awennin', 'nwegh2017', 'ander754', 'kiefern', 'glevine', 'nfei', 'rroggema', 'koverley', 'redmanr', 'bamorim', 'cmenden', 'shethm', 'mcginn1', 'cwidak', 'siu2', 'cheeseballs99', 'ghais', 'ccurto', 'ashwarts', 'white559', 'rhinesj', 'woo49', 'stark22', 'cibrahim', 'aaprelik', 'aperitor', 'bullock8', 'uuraechu', 'pattiya2002', 'gct246', 'kozelr', 'george92', 'ltoy', 'ftangpoo', 'davidrgowan', 'nhuntine', 'jhulsize', 'hall363', 'jin376', 'wang3138', 'jmickow', 'cho372', 'zhao988', 'dlarocco', 'bcasler', 'singer15', 'edreifue', 'gupta393', 'kmotwan', 'msulaima', 'lmackin', 'hill399', 'dixon82', 'cccyyj720', 'apanuga', 'choyc', 'abano', 'bkeel', 'hgrover', 'vkolar', 'chen2122', 'dmassow', 'lawrencr', 'goodma27', 'kzeligso', 'mart1391', 'mtbarrette01', 'liu2512', 'dragoneye', 'gleasonb', 'saboa', 'pcase', 'iyengar1', 'harri670', 'etitheyeti98', 'schro118', 'butzz', 'gao499', 'tnoor', 'bowman96', 'jmacatan', 'ithakor', 'rumplem', 'ali113', 'lm45000', 'peck28', 'abhalcha', 'bcaffert', 'mmohdzai', 'deane1', 'mmshank16', 'li2722', 'lee2614', 'ellis99', 'wisler0', 'zhan2846', 'eloewe', 'mtrivell', 'roj', 'akick']",227,"['dunca108', 'abosshar', 'lowe77.purdue', 'deshmukp', 'msargen', 'jaloi', 'natoli0', 'malhamm', 'slillig', 'freyg', 'awoodwa', 'klipiszk', 'winstontinople', 'hschennu', 'amcgoff', 'tglavan', 'dangratz99', 'smit3184', 'psmading', 'lthursto', 'suixiong8', 'lrigsbee', 'jone1573', 'xu1085', 'rdrager', 'peter514', 'jess24', 'marito', 'kbebris', 'choi333', 'mart1380', 'jeigenbr', 'jlorah', 'patel731', 'engc', 'ecave', 'cblackm', 'mfess', 'zubik', 'nkhuu', 'lswentor', 'yao201', 'hopkin43', 'terry51', 'amoravec', 'smit3177', 'agrillo', 'xose.amo', 'akapko', 'rathi4', 'wertzm', 'chao26', 'justindcambridge', 'zfrank64', 'hillej', 'patel784', 'sgrzych', 'gnishibu', 'ceckste', 'adams410', 'rweedon', 'flore170', 'bwitchie', 'yang1865', 'layyar', 'tdarmon20', 'sedgerto', 'abora', 'davidsml', 'anniebreidinger', 'thornt21', 'xul9044', 'baile261', 'daviskahmann', 'gcesar', 'chiang56', 'abreidin', 'wonhyukdo', 'bgrandst', 'lauerc', 'dewittl', 'wade59', 'efeldman', 'dleoni', 's1p6a1r8a', 'bernarm', 'ghosh36', 'racroth35', 'schuman1', 'jfitzhu', 'konerua', 'cregers', 'colewilloughby1125', 'hsmoke', 'jo46', 'allnic21', 'mart1180', 'tpownell', 'mheighwa', 'verma52', 'gezbbl7', 'mohdshah', 'pickera', 'iczajkow', 'li3604', 'cvasq69', 'stewa238', 'ewilhite', 'adamdmiller17', 'brewer66', 'ltopliff', 'richtern', 'kinserc', 'awennin', 'nwegh2017', 'ander754', 'kiefern', 'glevine', 'nfei', 'ericshen628', 'rroggema', 'koverley', 'redmanr', 'nnoraziz', 'bamorim', 'cmenden', 'shethm', 'lregalad', 'mcginn1', 'cwidak', 'siu2', 'cheeseballs99', 'ghais', 'girouxm', 'ccurto', 'ashwarts', 'white559', 'boyle49', 'smit3458', 'rhinesj', 'woo49', 'stark22', 'cibrahim', 'jvanben', 'aaprelik', 'aperitor', 'bullock8', 'qpitter', 'uuraechu', 'pattiya2002', 'gct246', 'kozelr', 'george92', 'ltoy', 'ftangpoo', 'davidrgowan', 'nhuntine', 'jhulsize', 'hall363', 'jin376', 'wang3138', 'jmickow', 'ttayeb', 'cho372', 'zhao988', 'dlarocco', 'bcasler', 'singer15', 'edreifue', 'gupta393', 'kmotwan', 'msulaima', 'lmackin', 'hill399', 'dixon82', 'cccyyj720', 'apanuga', 'choyc', 'abano', 'bkeel', 'hgrover', 'vkolar', 'chen2122', 'dmassow', 'lawrencr', 'goodma27', 'kzeligso', 'simons7', 'mart1391', 'mtbarrette01', 'liu2512', 'dragoneye', 'gleasonb', 'saboa', 'pcase', 'iyengar1', 'harri670', 'etitheyeti98', 'moore763', 'seshada', 'schro118', 'butzz', 'gao499', 'tnoor', 'bowman96', 'jmacatan', 'ithakor', 'sanjivdamodaran', 'rumplem', 'ali113', 'lm45000', 'peck28', 'abhalcha', 'bcaffert', 'mmohdzai', 'deane1', 'mmshank16', 'li2722', 'lee2614', 'ellis99', 'wisler0', 'mann78', 'zhan2846', 'eloewe', 'mtrivell', 'roj', 'akick']"
40,72,23,23,1,['nnoraziz'],22,"['dunca108', 'thornt21', 'lregalad', 'winstontinople', 'abreidin', 'simons7', 'girouxm', 'boyle49', 'smit3458', 's1p6a1r8a', 'moore763', 'seshada', 'jvanben', 'qpitter', 'konerua', 'lswentor', 'sanjivdamodaran', 'iczajkow', 'ltopliff', 'ttayeb', 'mann78', 'ericshen628']",22,"['daveguo614', 'rollere', 'ferree1', 'kswartzb', 'xu1085', 'nabdrahn', 'egarayev', 'fergu101', 'schro118', 'smit2827', 'jonathanlimp87', 'doherty6', 'sharp52', 'dzadoks', 'tu37', 'slosing', 'ctsioli', 'harbinz', 'kvansan', 'ellis99', 'ross217', 'rroggema']",45,"['dunca108', 'daveguo614', 'rollere', 'thornt21', 'ferree1', 'lregalad', 'winstontinople', 'abreidin', 'simons7', 'girouxm', 'kswartzb', 'boyle49', 'xu1085', 'smit3458', 'nabdrahn', 'egarayev', 's1p6a1r8a', 'moore763', 'fergu101', 'seshada', 'jvanben', 'schro118', 'smit2827', 'jonathanlimp87', 'qpitter', 'konerua', 'doherty6', 'sharp52', 'dzadoks', 'lswentor', 'tu37', 'slosing', 'sanjivdamodaran', 'ctsioli', 'harbinz', 'kvansan', 'iczajkow', 'ltopliff', 'ttayeb', 'ellis99', 'mann78', 'ross217', 'ericshen628', 'rroggema', 'nnoraziz']"
40,215,23,8,4,"['lswentor', 'konerua', 'ericshen628', 'lregalad']",19,"['dunca108', 'thornt21', 'winstontinople', 'abreidin', 'simons7', 'girouxm', 'boyle49', 'smit3458', 's1p6a1r8a', 'moore763', 'seshada', 'jvanben', 'qpitter', 'sanjivdamodaran', 'iczajkow', 'ltopliff', 'ttayeb', 'mann78', 'nnoraziz']",4,"['jone1573', 'pattiya_p', 'roj', 'jo46']",27,"['dunca108', 'pattiya_p', 'jo46', 'lswentor', 'thornt21', 'nnoraziz', 'lregalad', 'sanjivdamodaran', 'winstontinople', 'abreidin', 'iczajkow', 'simons7', 'girouxm', 'ltopliff', 'jone1573', 'boyle49', 'smit3458', 'ttayeb', 's1p6a1r8a', 'moore763', 'mann78', 'seshada', 'jvanben', 'ericshen628', 'roj', 'qpitter', 'konerua']"
41,160,22,9,9,"['sameen123', 'bismahaq444', 'muhammadkashif4443', 'alikumail50', 'adeelawan1717', 'abbas11uet', 'hfsashahbaz', 'irtaza27', 'mansoorahmad156']",13,"['faizan.alam28', 'linzongpeng', 'biplab.ec', 'ethanxu05', 'subirmaity2012', 'ryanln', 'cimone', 'mrk804', 'sihuachen0803', 'kbatool145', 'abatool145', 'kbatool287', 'sanj']",0,[],22,"['sameen123', 'faizan.alam28', 'bismahaq444', 'linzongpeng', 'muhammadkashif4443', 'subirmaity2012', 'mansoorahmad156', 'cimone', 'mrk804', 'kbatool287', 'sanj', 'biplab.ec', 'alikumail50', 'abbas11uet', 'adeelawan1717', 'ethanxu05', 'irtaza27', 'hfsashahbaz', 'ryanln', 'sihuachen0803', 'kbatool145', 'abatool145']"
42,130,22,12,12,"['jhorng94', 'athirahmohdfadzil93', 'xaizen96', 'kwk_1995', 'mdhaziq.jamaluddin', 'nabilnz', 'kahseng93', 'zhenyipa', 'sthung2311', 'farisnaim95', 'amradel88', 'terrance522']",10,"['j.e.evans', 'aeislam', 'garnerchase12', 'prestons117', 'arizaman', 'juanjmesa9702', 'daranis22', 'dtmccormick', 'jjt2612', 'jacobs_kristof']",0,[],22,"['jhorng94', 'kwk_1995', 'mdhaziq.jamaluddin', 'terrance522', 'aeislam', 'j.e.evans', 'nabilnz', 'garnerchase12', 'prestons117', 'arizaman', 'kahseng93', 'sthung2311', 'farisnaim95', 'daranis22', 'amradel88', 'jjt2612', 'xaizen96', 'athirahmohdfadzil93', 'juanjmesa9702', 'zhenyipa', 'dtmccormick', 'jacobs_kristof']"
43,131,22,22,1,['paz.aragon'],21,"['gayathryyag', 'vedran.planinec', 'camille.h78', 'invictuskudi', 'sreenathsnkr', 'bornapozar', 'furcic.marin', 'hoang13', 'annuthomas10', 'bf50034', 'nikitasusan96', 'remya96', 'domagoj.tomic', 'srv', 'ivicato', 'xambax', 'kiran002', 'navithavarghese', 'gauthamiv1', 'davidosmanovic', 'frisc']",21,"['josecarlo', 'muntsasales', 'pau.asensio', 'rjansa125', 'marcalblasco', 'paula.maynou', 'aleixespada', 'julia.partal', 'devilbattles99', 'quimii1', 'rutxi8', 'isaacexma', 'mrm24', 'evadelalamofillat9', 'paulamaynou', 'aniol.vellvehi', 'andreeaioana.kapas', 'roberto.fagotto', 'ritagrimalt11', 'delmoral1999', 'xavier.x1000']",43,"['gayathryyag', 'vedran.planinec', 'camille.h78', 'invictuskudi', 'sreenathsnkr', 'bornapozar', 'furcic.marin', 'josecarlo', 'hoang13', 'annuthomas10', 'bf50034', 'muntsasales', 'pau.asensio', 'marcalblasco', 'rjansa125', 'paula.maynou', 'aleixespada', 'nikitasusan96', 'julia.partal', 'devilbattles99', 'quimii1', 'remya96', 'rutxi8', 'isaacexma', 'mrm24', 'paz.aragon', 'evadelalamofillat9', 'paulamaynou', 'domagoj.tomic', 'srv', 'aniol.vellvehi', 'ivicato', 'xambax', 'kiran002', 'navithavarghese', 'andreeaioana.kapas', 'roberto.fagotto', 'ritagrimalt11', 'gauthamiv1', 'davidosmanovic', 'delmoral1999', 'frisc', 'xavier.x1000']"
43,139,22,8,6,"['vedran.planinec', 'domagoj.tomic', 'invictuskudi', 'davidosmanovic', 'bf50034', 'xambax']",16,"['gayathryyag', 'nikitasusan96', 'camille.h78', 'navithavarghese', 'sreenathsnkr', 'bornapozar', 'furcic.marin', 'srv', 'remya96', 'hoang13', 'gauthamiv1', 'annuthomas10', 'paz.aragon', 'ivicato', 'frisc', 'kiran002']",2,"['frantagana', 'mjura']",24,"['gayathryyag', 'vedran.planinec', 'camille.h78', 'mjura', 'domagoj.tomic', 'invictuskudi', 'sreenathsnkr', 'bornapozar', 'furcic.marin', 'srv', 'hoang13', 'frantagana', 'annuthomas10', 'bf50034', 'ivicato', 'xambax', 'kiran002', 'nikitasusan96', 'navithavarghese', 'gauthamiv1', 'remya96', 'davidosmanovic', 'paz.aragon', 'frisc']"
44,152,22,25,22,"['anujaindore1603', 'rachelmary06', 'sachinwagle1105', 'hoodlumacy', 'chrismike', 'dsilvaroystan28', 'rohandsouza5656', 'deepmistry', 'palashish580', 'shivamsinghawesome', 'tejasvaity29', 'gauraang', 'pranju.bhopte', 'athilakshmi27', 'shreyasunil', 'froyston', 'renjiboy2580', 'stanleyricky98', 'satyakadambari1998', 'adityadaripkar', 'nihalshaikh839', 'mufeezlambay']",0,[],3,"['sheikhaman2012', 'pallavimohokar08', 'namrata10i64']",25,"['anujaindore1603', 'rachelmary06', 'sachinwagle1105', 'hoodlumacy', 'chrismike', 'dsilvaroystan28', 'rohandsouza5656', 'deepmistry', 'pallavimohokar08', 'palashish580', 'shivamsinghawesome', 'tejasvaity29', 'gauraang', 'pranju.bhopte', 'athilakshmi27', 'shreyasunil', 'froyston', 'namrata10i64', 'renjiboy2580', 'stanleyricky98', 'satyakadambari1998', 'adityadaripkar', 'nihalshaikh839', 'sheikhaman2012', 'mufeezlambay']"
45,127,22,10,9,"['gilbo', 'tperrier', 'aem135', 'kconn006', 'lucaslu', 'rperaza86', 'abroo003', 'shawnlee0201', 'blam020']",13,"['ee18btech11025', 'es17btech11019', 'jrraposo1', 'es17btech11015', 'adam.bennett', 'al221310729', 'ritvick2000', 'ramaedbe91', 'rbendel', 'stevenrosenthal1998', 'kokatekuntal', 'andylorm91', 'fermora.1720']",1,['yanwei'],23,"['yanwei', 'ee18btech11025', 'es17btech11019', 'tperrier', 'al221310729', 'stevenrosenthal1998', 'shawnlee0201', 'gilbo', 'jrraposo1', 'es17btech11015', 'adam.bennett', 'ritvick2000', 'ramaedbe91', 'rbendel', 'aem135', 'kconn006', 'lucaslu', 'kokatekuntal', 'rperaza86', 'abroo003', 'andylorm91', 'fermora.1720', 'blam020']"
45,128,22,6,4,"['al221310729', 'andylorm91', 'ramaedbe91', 'fermora.1720']",18,"['gilbo', 'ee18btech11025', 'es17btech11019', 'tperrier', 'jrraposo1', 'es17btech11015', 'adam.bennett', 'ritvick2000', 'stevenrosenthal1998', 'rbendel', 'aem135', 'kconn006', 'lucaslu', 'kokatekuntal', 'rperaza86', 'abroo003', 'shawnlee0201', 'blam020']",2,"['garduno_ivan', 'luisanmarq']",24,"['ee18btech11025', 'es17btech11019', 'tperrier', 'al221310729', 'stevenrosenthal1998', 'luisanmarq', 'shawnlee0201', 'gilbo', 'jrraposo1', 'es17btech11015', 'adam.bennett', 'garduno_ivan', 'ritvick2000', 'ramaedbe91', 'rbendel', 'aem135', 'kconn006', 'lucaslu', 'kokatekuntal', 'rperaza86', 'abroo003', 'andylorm91', 'fermora.1720', 'blam020']"
46,218,22,10,9,"['kolbo007', 'blasc074', 'thom5563', 'fuxxx391', 'kunzx101', 'hoytx117', 'heini061', 'westr140', 'joh13596']",13,"['camilleconombo', 'sarwathsaroukou', 'chan1488', 'mohamed.lamine.siemde', 'jackemch1818', 'nlanc97', 'tran0660', 'aboubacar', 'yougbarearnaud', 'wegex009', 'giovanni.sedgho', 'fpacanza', 'knstiles24']",1,['chatt097'],23,"['sarwathsaroukou', 'chan1488', 'thom5563', 'fuxxx391', 'mohamed.lamine.siemde', 'yougbarearnaud', 'tran0660', 'wegex009', 'giovanni.sedgho', 'fpacanza', 'knstiles24', 'joh13596', 'chatt097', 'kolbo007', 'blasc074', 'jackemch1818', 'nlanc97', 'kunzx101', 'heini061', 'aboubacar', 'hoytx117', 'camilleconombo', 'westr140']"
46,219,22,5,4,"['fpacanza', 'knstiles24', 'jackemch1818', 'nlanc97']",18,"['sarwathsaroukou', 'kolbo007', 'chan1488', 'blasc074', 'thom5563', 'fuxxx391', 'mohamed.lamine.siemde', 'yougbarearnaud', 'tran0660', 'kunzx101', 'heini061', 'aboubacar', 'hoytx117', 'wegex009', 'giovanni.sedgho', 'camilleconombo', 'westr140', 'joh13596']",1,['ssplawn0'],23,"['sarwathsaroukou', 'chan1488', 'thom5563', 'fuxxx391', 'mohamed.lamine.siemde', 'yougbarearnaud', 'tran0660', 'ssplawn0', 'wegex009', 'giovanni.sedgho', 'fpacanza', 'knstiles24', 'joh13596', 'kolbo007', 'blasc074', 'jackemch1818', 'nlanc97', 'kunzx101', 'heini061', 'aboubacar', 'hoytx117', 'camilleconombo', 'westr140']"
47,102,21,9,7,"['turi', 'sebabergh', 'federica.bortoletto', 'ptrtrn', 'matteo.giantin', 'christian.furlan', 'gabriele.pesce']",14,"['lorenzo.rizzato.1', 'giovanni.zuccante', 'cristiano.tacchella', 'alessia.canever', 'davide.valzani', 'francesco.toniolo.3', 'filippo.disconzi', 'alessandro.salmaso.4', 'simone.costa.2', 'tiziano.facchinelli', 'filippo.mantesso', 'francesco.cianciaruso', 'sarapinki.ranieri', 'n.rossetti997']",2,"['raffaellasignorini69', 'robertino.pilot']",23,"['turi', 'sebabergh', 'federica.bortoletto', 'alessia.canever', 'davide.valzani', 'filippo.disconzi', 'raffaellasignorini69', 'francesco.cianciaruso', 'n.rossetti997', 'lorenzo.rizzato.1', 'robertino.pilot', 'giovanni.zuccante', 'cristiano.tacchella', 'ptrtrn', 'francesco.toniolo.3', 'alessandro.salmaso.4', 'matteo.giantin', 'christian.furlan', 'simone.costa.2', 'tiziano.facchinelli', 'gabriele.pesce', 'sarapinki.ranieri', 'filippo.mantesso']"
48,70,21,23,19,"['s.leonaviles152915', 'sergio.gomez', 'kevingonzalez', 'lgamba56', 'gf.gonzalez', 'sebastianmolano1708', 'jpcdecolombia', 'alizarazo1204', 'ss728', 'cesar310', 'mafetatr', 'martindanielrm15', 'dmartinezcu', 'sebuchaspinzon', 'karlafernanda2524', 'juan.yate.alcala', 'jchavezmass', 'danielalejandro133', 'jaimesariasmjose']",2,"['wsequeda', 'armandosernasc']",4,"['dmmr2617', 'victormanuelleru', 'jd.parada', 'snowartz7']",25,"['dmmr2617', 's.leonaviles152915', 'snowartz7', 'sergio.gomez', 'kevingonzalez', 'lgamba56', 'armandosernasc', 'gf.gonzalez', 'sebastianmolano1708', 'jpcdecolombia', 'alizarazo1204', 'ss728', 'victormanuelleru', 'cesar310', 'mafetatr', 'martindanielrm15', 'dmartinezcu', 'sebuchaspinzon', 'karlafernanda2524', 'juan.yate.alcala', 'wsequeda', 'jchavezmass', 'danielalejandro133', 'jd.parada', 'jaimesariasmjose']"
48,71,21,5,1,['dmartinezcu'],20,"['s.leonaviles152915', 'sergio.gomez', 'kevingonzalez', 'lgamba56', 'armandosernasc', 'gf.gonzalez', 'sebastianmolano1708', 'jpcdecolombia', 'alizarazo1204', 'ss728', 'cesar310', 'mafetatr', 'martindanielrm15', 'sebuchaspinzon', 'karlafernanda2524', 'juan.yate.alcala', 'wsequeda', 'jchavezmass', 'danielalejandro133', 'jaimesariasmjose']",4,"['julieth.pch', 'jalexcs6', 'juannangara', 'gutigutiz2000']",25,"['cesar310', 's.leonaviles152915', 'mafetatr', 'juannangara', 'martindanielrm15', 'sergio.gomez', 'gutigutiz2000', 'jalexcs6', 'dmartinezcu', 'kevingonzalez', 'lgamba56', 'sebuchaspinzon', 'armandosernasc', 'gf.gonzalez', 'sebastianmolano1708', 'jpcdecolombia', 'karlafernanda2524', 'alizarazo1204', 'julieth.pch', 'juan.yate.alcala', 'wsequeda', 'jchavezmass', 'danielalejandro133', 'ss728', 'jaimesariasmjose']"
49,202,21,29,9,"['fanluzhang.au', 'sercankerpisci26', 'berkin1689', 'eliffsu.koc', 'mcychan', 'jrspike', 'wellpast', 'sercankerpisci', 'gabriele.scarpiello']",12,"['efecanturkmen', 'muvafikmelikkaya', 'd.k.bozkurt', 'emrullahzubeyr', 'yugao1147', 'canersokat', 'engin_ulgerr', 'deniz000999', 'varansamet', 'brknshn', 'afaiello', 'o.erdogan5494']",20,"['bozkurtyunusemre61', 'mstmst', 'hga', 'hakkierkankygsz', 'kubra1234880', 'bnazkaymaz', 'abusobit', 'm.emreoruc', 'fdirisaglik', 'ismail.bikmazi', 'zhang389', 'sefakahriman77', 'osmanesat', 'mohamed33', 'mertcan.bayindir', 'farhia33', 'emre.ibil', 'georgeckchen', 'harundvc', 'mustafaozer']",41,"['bozkurtyunusemre61', 'mstmst', 'eliffsu.koc', 'mustafaozer', 'canersokat', 'hga', 'hakkierkankygsz', 'kubra1234880', 'muvafikmelikkaya', 'engin_ulgerr', 'deniz000999', 'bnazkaymaz', 'sercankerpisci', 'm.emreoruc', 'abusobit', 'o.erdogan5494', 'fdirisaglik', 'sercankerpisci26', 'ismail.bikmazi', 'berkin1689', 'd.k.bozkurt', 'zhang389', 'sefakahriman77', 'osmanesat', 'varansamet', 'jrspike', 'mohamed33', 'brknshn', 'mertcan.bayindir', 'afaiello', 'farhia33', 'yugao1147', 'fanluzhang.au', 'emre.ibil', 'georgeckchen', 'emrullahzubeyr', 'harundvc', 'mcychan', 'wellpast', 'efecanturkmen', 'gabriele.scarpiello']"
49,203,21,28,4,"['engin_ulgerr', 'varansamet', 'muvafikmelikkaya', 'berkin1689']",17,"['fanluzhang.au', 'efecanturkmen', 'sercankerpisci26', 'gabriele.scarpiello', 'd.k.bozkurt', 'emrullahzubeyr', 'eliffsu.koc', 'mcychan', 'yugao1147', 'canersokat', 'deniz000999', 'jrspike', 'brknshn', 'wellpast', 'sercankerpisci', 'afaiello', 'o.erdogan5494']",24,"['bozkurtyunusemre61', 'gulsakadioglu', 'raiserwarrior', 'isikk.alperen', '1998fuci', 'hga', 'burcakguner98', 'hakkierkankygsz', 'engfersoy', 'duldul', 'thel0rd59', 'bnazkaymaz', 'fdirisaglik', 'nsener45', 'kronder77', 'ismail.bikmazi', 'sefakahriman77', 'hcaslan7', 'mertcan.bayindir', 'farhia33', 'khanoz', 'kutluhanucar1997', 'blus07', 'mcan.ozata']",45,"['bozkurtyunusemre61', 'gulsakadioglu', 'raiserwarrior', 'isikk.alperen', 'eliffsu.koc', 'canersokat', '1998fuci', 'hga', 'burcakguner98', 'hakkierkankygsz', 'engfersoy', 'muvafikmelikkaya', 'duldul', 'thel0rd59', 'engin_ulgerr', 'deniz000999', 'bnazkaymaz', 'sercankerpisci', 'o.erdogan5494', 'fdirisaglik', 'nsener45', 'sercankerpisci26', 'kronder77', 'ismail.bikmazi', 'berkin1689', 'd.k.bozkurt', 'sefakahriman77', 'hcaslan7', 'varansamet', 'jrspike', 'brknshn', 'mertcan.bayindir', 'afaiello', 'farhia33', 'yugao1147', 'khanoz', 'fanluzhang.au', 'emrullahzubeyr', 'mcychan', 'kutluhanucar1997', 'blus07', 'mcan.ozata', 'wellpast', 'efecanturkmen', 'gabriele.scarpiello']"
49,204,21,21,11,"['d.k.bozkurt', 'berkin1689', 'emrullahzubeyr', 'eliffsu.koc', 'mcychan', 'canersokat', 'deniz000999', 'jrspike', 'wellpast', 'efecanturkmen', 'o.erdogan5494']",10,"['fanluzhang.au', 'sercankerpisci26', 'muvafikmelikkaya', 'gabriele.scarpiello', 'engin_ulgerr', 'varansamet', 'brknshn', 'sercankerpisci', 'afaiello', 'yugao1147']",10,"['georgeckchen', 'raiserwarrior', 'mstmst', 'sabintandukar', 'zhang389', 'samo92', 'osmanesat', 'mertyamanoglu', 'yeyusuf1', 'leekesem']",31,"['raiserwarrior', 'mstmst', 'eliffsu.koc', 'canersokat', 'yeyusuf1', 'muvafikmelikkaya', 'sabintandukar', 'engin_ulgerr', 'deniz000999', 'mertyamanoglu', 'sercankerpisci', 'samo92', 'o.erdogan5494', 'sercankerpisci26', 'berkin1689', 'd.k.bozkurt', 'zhang389', 'osmanesat', 'varansamet', 'jrspike', 'brknshn', 'afaiello', 'yugao1147', 'fanluzhang.au', 'georgeckchen', 'emrullahzubeyr', 'mcychan', 'wellpast', 'efecanturkmen', 'gabriele.scarpiello', 'leekesem']"
49,184,21,15,9,"['muvafikmelikkaya', 'berkin1689', 'eliffsu.koc', 'canersokat', 'engin_ulgerr', 'deniz000999', 'wellpast', 'varansamet', 'efecanturkmen']",12,"['fanluzhang.au', 'sercankerpisci26', 'gabriele.scarpiello', 'd.k.bozkurt', 'emrullahzubeyr', 'mcychan', 'yugao1147', 'brknshn', 'jrspike', 'sercankerpisci', 'afaiello', 'o.erdogan5494']",6,"['bozkurtyunusemre61', 'raiserwarrior', 'alperergulll1', 'osmanesat', 'arthuryalvac044', 'berktug']",27,"['bozkurtyunusemre61', 'sercankerpisci26', 'raiserwarrior', 'gabriele.scarpiello', 'berkin1689', 'd.k.bozkurt', 'eliffsu.koc', 'canersokat', 'osmanesat', 'arthuryalvac044', 'varansamet', 'jrspike', 'brknshn', 'afaiello', 'yugao1147', 'fanluzhang.au', 'berktug', 'muvafikmelikkaya', 'alperergulll1', 'emrullahzubeyr', 'mcychan', 'engin_ulgerr', 'deniz000999', 'wellpast', 'sercankerpisci', 'efecanturkmen', 'o.erdogan5494']"
49,185,21,11,2,"['o.erdogan5494', 'd.k.bozkurt']",19,"['eliffsu.koc', 'canersokat', 'muvafikmelikkaya', 'engin_ulgerr', 'deniz000999', 'sercankerpisci', 'sercankerpisci26', 'berkin1689', 'varansamet', 'jrspike', 'brknshn', 'afaiello', 'yugao1147', 'fanluzhang.au', 'emrullahzubeyr', 'mcychan', 'wellpast', 'efecanturkmen', 'gabriele.scarpiello']",9,"['raiserwarrior', 'mstmst', 'sabriagus26', 'cagatayc06', 'burcakguner98', 'zfurkanyldz', 'ulkubaladin', 'samo92', 'kasimyasinozveren']",30,"['sercankerpisci26', 'raiserwarrior', 'gabriele.scarpiello', 'berkin1689', 'd.k.bozkurt', 'mstmst', 'eliffsu.koc', 'canersokat', 'varansamet', 'jrspike', 'burcakguner98', 'zfurkanyldz', 'sabriagus26', 'brknshn', 'afaiello', 'yugao1147', 'kasimyasinozveren', 'fanluzhang.au', 'muvafikmelikkaya', 'emrullahzubeyr', 'mcychan', 'samo92', 'engin_ulgerr', 'deniz000999', 'wellpast', 'cagatayc06', 'ulkubaladin', 'sercankerpisci', 'efecanturkmen', 'o.erdogan5494']"
49,183,21,10,4,"['sercankerpisci', 'deniz000999', 'wellpast', 'berkin1689']",17,"['fanluzhang.au', 'efecanturkmen', 'sercankerpisci26', 'muvafikmelikkaya', 'd.k.bozkurt', 'emrullahzubeyr', 'gabriele.scarpiello', 'eliffsu.koc', 'mcychan', 'yugao1147', 'canersokat', 'engin_ulgerr', 'varansamet', 'jrspike', 'brknshn', 'afaiello', 'o.erdogan5494']",6,"['emre.ibil', 'mohamed33', 'hakkierkankygsz', 'm.emreoruc', 'farhia33', 'kubra1234880']",27,"['sercankerpisci26', 'gabriele.scarpiello', 'berkin1689', 'd.k.bozkurt', 'eliffsu.koc', 'canersokat', 'varansamet', 'jrspike', 'mohamed33', 'hakkierkankygsz', 'brknshn', 'afaiello', 'farhia33', 'yugao1147', 'kubra1234880', 'fanluzhang.au', 'emre.ibil', 'muvafikmelikkaya', 'emrullahzubeyr', 'mcychan', 'engin_ulgerr', 'deniz000999', 'wellpast', 'sercankerpisci', 'm.emreoruc', 'efecanturkmen', 'o.erdogan5494']"
50,165,20,8,8,"['jcmartinez1', 'bbwood', 'cmparks', 'scortez1', 'ewmorgan', 'ffdarweesh', 'falkaabi1', 'maherman']",12,"['cmontoya10', 'jdprieger', 'grpatterson', 'xiong100', 'ahernandez256', 'grewal_rasminder13', 'jmccreery1', 'chancemccreery', 'lealbarran', 'rblindgren', 'ibrahim17', 'kgestrada']",0,[],20,"['cmontoya10', 'xiong100', 'scortez1', 'grpatterson', 'ffdarweesh', 'falkaabi1', 'jmccreery1', 'rblindgren', 'jcmartinez1', 'bbwood', 'cmparks', 'jdprieger', 'ahernandez256', 'ewmorgan', 'grewal_rasminder13', 'maherman', 'chancemccreery', 'lealbarran', 'ibrahim17', 'kgestrada']"
50,164,20,6,6,"['cmontoya10', 'grewal_rasminder13', 'jmccreery1', 'chancemccreery', 'ibrahim17', 'kgestrada']",14,"['jcmartinez1', 'bbwood', 'cmparks', 'jdprieger', 'scortez1', 'xiong100', 'grpatterson', 'ffdarweesh', 'falkaabi1', 'ahernandez256', 'ewmorgan', 'maherman', 'lealbarran', 'rblindgren']",0,[],20,"['cmontoya10', 'xiong100', 'scortez1', 'grpatterson', 'ffdarweesh', 'falkaabi1', 'jmccreery1', 'rblindgren', 'jcmartinez1', 'bbwood', 'cmparks', 'jdprieger', 'ahernandez256', 'ewmorgan', 'grewal_rasminder13', 'maherman', 'chancemccreery', 'lealbarran', 'ibrahim17', 'kgestrada']"
51,34,20,13,12,"['jlcph8', 'josmil733', 'efbmm', 'zlmz9', 'rmc', 'tdn84d', 'kmh7t4', 'sfcfh3', 'jrwv8w', 'rjmwc6', 'rm8wf', 'tnlz85']",8,"['shweta.khanna04', 'vinylgefluester', 'cuchulainintaiwan', 'johannespernaa', 'atzn2', 'physicist.na', 'sburke98', 'jlcbw9']",1,['ullrichc'],21,"['efbmm', 'physicist.na', 'tdn84d', 'jrwv8w', 'rjmwc6', 'rm8wf', 'shweta.khanna04', 'vinylgefluester', 'cuchulainintaiwan', 'josmil733', 'jlcph8', 'johannespernaa', 'atzn2', 'zlmz9', 'rmc', 'sburke98', 'ullrichc', 'sfcfh3', 'jlcbw9', 'kmh7t4', 'tnlz85']"
52,35,20,16,12,"['syedaqib947', 'mariakaleem4', 'mueedulhaqkamboh98', 'hamra6', 'aliraza393', 'azmeerz13', 'muhammadaffan540', 'faisalsaeed19060005', 'l154444', 'abdurraheem299', 'omerhussain.1694', 'ushahid5']",8,"['asad.idrees895', 'arooma15', 'abdulraheem', 'salmanaamir', 'wasiraj', 'alihussain.alee', 'maira.farman.15', 'engr.saleh88']",4,"['iamhasanjamil', 'zamen', 'ahmedchaudhary4', 'zaman']",24,"['mariakaleem4', 'arooma15', 'muhammadaffan540', 'abdurraheem299', 'l154444', 'faisalsaeed19060005', 'salmanaamir', 'abdulraheem', 'iamhasanjamil', 'wasiraj', 'alihussain.alee', 'maira.farman.15', 'engr.saleh88', 'syedaqib947', 'zamen', 'mueedulhaqkamboh98', 'hamra6', 'zaman', 'aliraza393', 'azmeerz13', 'omerhussain.1694', 'asad.idrees895', 'ushahid5', 'ahmedchaudhary4']"
54,178,19,20,18,"['syaiden86', 'yourhi27', 'twinklny', 'heungu78056', 'docjin2514', 'itsmyname12', 'hurissal', 'hongjooos', 'rlagufla43', 'choibhee11', 'icaruskjh', 'yunjae0487', 'jaehyeonko112', 'linyouxie', 'krchoi', 'susia819', 'yoojoonsik', 'khj880603']",1,['hansdampf'],2,"['hklee5940', 'hyeongulee']",21,"['syaiden86', 'twinklny', 'docjin2514', 'itsmyname12', 'hurissal', 'hyeongulee', 'heungu78056', 'hklee5940', 'hongjooos', 'rlagufla43', 'choibhee11', 'jaehyeonko112', 'yoojoonsik', 'khj880603', 'yourhi27', 'icaruskjh', 'yunjae0487', 'linyouxie', 'hansdampf', 'krchoi', 'susia819']"
55,64,19,37,5,"['pdethlef', 'nconkli1', 'brutongaster', 'jpauls1', 'mgallagher3712']",14,"['frank.a.tiernan', 'lucasmah44', 'albert7', 'swapnendu99', 'olugbenga82', 'zpremack', 'aksamija', 'maderm', 'rakoskr6', 'kweidem', 'cristiandvm1999', 'hl13', 'guicx', 'jdiego1216']",32,"['jgiganti', 'hdawes', 'kstrin01', 'jhalsey3', 'wschaff1', 'ryanhaack04', 'owenward', 'michael.davidshofer', 'cjohns85', 'rogunjimi', 'mquinan1', 'cscaring', 'obohorqu', 'agarci33', 'tylereaslick', 'kdelawde', 'mclark47', 'kpastirk', 'pjhennessey24', 'mrossign', 'gzimmer', 'jcieslik', 'cesarnr21', 'smutkus', 'jkuchler', 'sebastianczaja7', 'nkondrath', 'renato.maritato', 'augustusbonacci55', 'cpuc', 'gdavis12', 'bbode']",51,"['jgiganti', 'hdawes', 'kstrin01', 'jhalsey3', 'wschaff1', 'olugbenga82', 'nconkli1', 'ryanhaack04', 'owenward', 'jpauls1', 'rakoskr6', 'michael.davidshofer', 'cjohns85', 'rogunjimi', 'mquinan1', 'jdiego1216', 'cscaring', 'obohorqu', 'agarci33', 'frank.a.tiernan', 'zpremack', 'tylereaslick', 'kdelawde', 'mclark47', 'kweidem', 'kpastirk', 'mgallagher3712', 'guicx', 'pjhennessey24', 'mrossign', 'pdethlef', 'gzimmer', 'lucasmah44', 'jcieslik', 'albert7', 'swapnendu99', 'aksamija', 'cesarnr21', 'smutkus', 'jkuchler', 'cristiandvm1999', 'hl13', 'sebastianczaja7', 'nkondrath', 'renato.maritato', 'augustusbonacci55', 'cpuc', 'brutongaster', 'maderm', 'gdavis12', 'bbode']"
55,69,19,7,3,"['olugbenga82', 'guicx', 'jdiego1216']",16,"['pdethlef', 'frank.a.tiernan', 'lucasmah44', 'albert7', 'swapnendu99', 'aksamija', 'zpremack', 'nconkli1', 'brutongaster', 'jpauls1', 'rakoskr6', 'kweidem', 'maderm', 'cristiandvm1999', 'mgallagher3712', 'hl13']",4,"['kfuria', 'etitheyeti98', 'mcginn1', 'efeldman']",23,"['pdethlef', 'lucasmah44', 'albert7', 'swapnendu99', 'olugbenga82', 'aksamija', 'nconkli1', 'kfuria', 'mcginn1', 'jpauls1', 'rakoskr6', 'cristiandvm1999', 'hl13', 'jdiego1216', 'frank.a.tiernan', 'zpremack', 'brutongaster', 'maderm', 'kweidem', 'efeldman', 'etitheyeti98', 'mgallagher3712', 'guicx']"
56,2,19,9,8,"['alby94', 'corradini_allison', 'daniele.goldoni', 'allematt96', 'albertomalferrari', 'pyro', 'michaelcapo', 'mato96']",11,"['alex.aglietta', 'salmagamal8880', 'caprarilorenzo', 'valentina.dipinto.7', 'merlin_djoumessi', 'daniel.loveless', 'gabrielerebecchi96', 'giulioteti', 'praetor', 'amirnabilhanna', 'gammaaaa1996']",1,['fesel_elias'],20,"['alby94', 'alex.aglietta', 'salmagamal8880', 'caprarilorenzo', 'daniele.goldoni', 'allematt96', 'daniel.loveless', 'giulioteti', 'michaelcapo', 'corradini_allison', 'fesel_elias', 'valentina.dipinto.7', 'gammaaaa1996', 'albertomalferrari', 'merlin_djoumessi', 'gabrielerebecchi96', 'pyro', 'praetor', 'amirnabilhanna', 'mato96']"
57,129,18,33,11,"['saivarshatedla', 'ee18btech11021', 'ee18btech11044', 'ee18btech11016', 'aayushgoyal27', 'vlnreddy', 'ee18btech11034', 'ee18btech11048', 'cheruu', 'shaik123', 'mehar']",7,"['dks2000', 'es17btech11024', 'sudeepv', 'tejaswinianagani75', 'ee18btech11006', 'varuni123', 'ee18btech11050']",22,"['adithyavardhan', 'kalyanidp123', 'emani', 'hrithikraj5', 'narendarr34', 'ee18btech11026', 'shreshta126', 'ee18btech11041', 'ee18btech11020', 'ee17btech11001', 'tejaswini_anagani', 'nagandlaravalika6', 'mounika.banothu2', 'pkrutikmehta', 'ee17btech11010', 'berisowjanya205', 'pi_stark', 'rakesh1231', 'ee18btech11004', 'tprashanth180', 'aashrith', 'sathwikchaitanya']",40,"['dks2000', 'adithyavardhan', 'ee18btech11006', 'ee18btech11044', 'varuni123', 'vlnreddy', 'kalyanidp123', 'emani', 'ee18btech11048', 'hrithikraj5', 'shaik123', 'mehar', 'narendarr34', 'tejaswinianagani75', 'ee18btech11026', 'shreshta126', 'ee18btech11041', 'aayushgoyal27', 'ee18btech11020', 'ee17btech11001', 'ee18btech11050', 'tejaswini_anagani', 'nagandlaravalika6', 'es17btech11024', 'saivarshatedla', 'mounika.banothu2', 'sudeepv', 'ee18btech11021', 'pkrutikmehta', 'ee18btech11034', 'ee17btech11010', 'cheruu', 'pi_stark', 'berisowjanya205', 'rakesh1231', 'ee18btech11016', 'ee18btech11004', 'tprashanth180', 'aashrith', 'sathwikchaitanya']"
57,201,18,23,11,"['dks2000', 'es17btech11024', 'sudeepv', 'tejaswinianagani75', 'ee18btech11006', 'ee18btech11021', 'varuni123', 'aayushgoyal27', 'ee18btech11050', 'ee18btech11048', 'mehar']",7,"['saivarshatedla', 'ee18btech11044', 'ee18btech11016', 'vlnreddy', 'ee18btech11034', 'cheruu', 'shaik123']",12,"['pe268318', 'junghun80', 'buereddyvarunireddy', 'ee18btech11031', 'yashguguloth', 'jevalenzuela', 'tanmay.chavan94', 'abdurnawaz.2011', 'lambkin.optics', 'tejaswini_anagani', 'hatem.babaa', 'rebeccaeagleton']",30,"['dks2000', 'pe268318', 'ee18btech11006', 'ee18btech11044', 'varuni123', 'vlnreddy', 'ee18btech11048', 'hatem.babaa', 'shaik123', 'mehar', 'junghun80', 'tejaswinianagani75', 'ee18btech11031', 'aayushgoyal27', 'lambkin.optics', 'ee18btech11050', 'tejaswini_anagani', 'rebeccaeagleton', 'es17btech11024', 'saivarshatedla', 'sudeepv', 'ee18btech11021', 'yashguguloth', 'abdurnawaz.2011', 'ee18btech11034', 'cheruu', 'buereddyvarunireddy', 'jevalenzuela', 'ee18btech11016', 'tanmay.chavan94']"
57,200,18,7,1,['dks2000'],17,"['es17btech11024', 'saivarshatedla', 'sudeepv', 'tejaswinianagani75', 'ee18btech11006', 'ee18btech11021', 'ee18btech11044', 'varuni123', 'ee18btech11016', 'aayushgoyal27', 'vlnreddy', 'ee18btech11050', 'ee18btech11034', 'ee18btech11048', 'cheruu', 'shaik123', 'mehar']",6,"['junghun80', 'mrvhbs', 'ixmbq', 'mjregan2', 'tonni1912', 'hatem.babaa']",24,"['dks2000', 'es17btech11024', 'saivarshatedla', 'sudeepv', 'ee18btech11006', 'ee18btech11021', 'ee18btech11044', 'varuni123', 'ixmbq', 'mjregan2', 'vlnreddy', 'ee18btech11034', 'ee18btech11048', 'cheruu', 'hatem.babaa', 'shaik123', 'mehar', 'junghun80', 'tejaswinianagani75', 'mrvhbs', 'tonni1912', 'ee18btech11016', 'aayushgoyal27', 'ee18btech11050']"
58,58,18,11,10,"['janavic2', 'myl3', 'ishanatrii', 'yabumay2', 'yusenye2', 'slee528', 'jhmao2', 'avatsa2', 'nw3', 'jgu10']",8,"['natasa', 'dmicic997', 'kopunovic.jelena97', 'dusicadimm', 'jasonhackiewicz', 'jdpinedac', 'goran1', 'henhaocang']",1,['srooke2'],19,"['srooke2', 'dmicic997', 'yabumay2', 'dusicadimm', 'slee528', 'avatsa2', 'goran1', 'nw3', 'jgu10', 'natasa', 'janavic2', 'kopunovic.jelena97', 'myl3', 'ishanatrii', 'jasonhackiewicz', 'yusenye2', 'jdpinedac', 'jhmao2', 'henhaocang']"
58,57,18,6,5,"['natasa', 'dmicic997', 'kopunovic.jelena97', 'dusicadimm', 'goran1']",13,"['janavic2', 'myl3', 'ishanatrii', 'yabumay2', 'slee528', 'jasonhackiewicz', 'yusenye2', 'avatsa2', 'jdpinedac', 'jhmao2', 'henhaocang', 'nw3', 'jgu10']",1,['jovanoviclazar97'],19,"['dmicic997', 'yabumay2', 'dusicadimm', 'jovanoviclazar97', 'slee528', 'avatsa2', 'goran1', 'nw3', 'jgu10', 'natasa', 'janavic2', 'kopunovic.jelena97', 'myl3', 'ishanatrii', 'jasonhackiewicz', 'yusenye2', 'jdpinedac', 'jhmao2', 'henhaocang']"
59,39,18,10,9,"['smithn20', 'laffeya1', 'shorrm2', 'richac11', 'capellb1', 'mosherr1', 'iantempletontcnj', 'lost_archeon', 'ahmads10']",9,"['kristenmunafo', 'delacrj4', 'hayese4', 'dickc1', 'regner1', 'wortsb1', 'sahil47', 'fontans2', 'dnovick']",1,['rossej2'],19,"['kristenmunafo', 'richac11', 'dickc1', 'wortsb1', 'fontans2', 'mosherr1', 'iantempletontcnj', 'smithn20', 'lost_archeon', 'ahmads10', 'rossej2', 'delacrj4', 'laffeya1', 'hayese4', 'shorrm2', 'regner1', 'sahil47', 'capellb1', 'dnovick']"
59,40,18,9,8,"['hayese4', 'shorrm2', 'richac11', 'capellb1', 'mosherr1', 'iantempletontcnj', 'lost_archeon', 'ahmads10']",10,"['kristenmunafo', 'delacrj4', 'laffeya1', 'dickc1', 'regner1', 'wortsb1', 'sahil47', 'fontans2', 'smithn20', 'dnovick']",1,['rossej2'],19,"['kristenmunafo', 'richac11', 'dickc1', 'wortsb1', 'fontans2', 'mosherr1', 'iantempletontcnj', 'smithn20', 'lost_archeon', 'ahmads10', 'rossej2', 'delacrj4', 'laffeya1', 'hayese4', 'shorrm2', 'regner1', 'sahil47', 'capellb1', 'dnovick']"
59,38,18,6,5,"['delacrj4', 'hayese4', 'regner1', 'wortsb1', 'ahmads10']",13,"['kristenmunafo', 'smithn20', 'laffeya1', 'shorrm2', 'richac11', 'dickc1', 'sahil47', 'fontans2', 'capellb1', 'mosherr1', 'iantempletontcnj', 'lost_archeon', 'dnovick']",1,['puziod2'],19,"['kristenmunafo', 'puziod2', 'richac11', 'dickc1', 'wortsb1', 'fontans2', 'mosherr1', 'iantempletontcnj', 'smithn20', 'lost_archeon', 'ahmads10', 'delacrj4', 'laffeya1', 'hayese4', 'shorrm2', 'regner1', 'sahil47', 'capellb1', 'dnovick']"
62,63,18,24,10,"['ireneopst', 'mgg', 'alvgcdual', 'pivotxfighter', 'lauragomezn', 'diegorodriguez', 'carlos99', 'lauraseramos', 'pablomp13', 'pabloblascof']",8,"['jcampo7_', 'tc', 'mariadelavilla', 'edam100435629', 'gemaquinonero', 'sararoman', 'martinprados', 'victormartin22']",14,"['luciavdr00', 'pepecano', 'carlosaznar', 'mariarodriguezst13', 'josups13', 'annaguillem', 'nuria2020', 'fossi', 'pauuu100405550', 'saaracina', 'clara241', 'juan405569', 'aaaaaaa', 'iren00']",32,"['carlosaznar', 'pepecano', 'pivotxfighter', 'pauuu100405550', 'diegorodriguez', 'lauraseramos', 'juan405569', 'aaaaaaa', 'pabloblascof', 'jcampo7_', 'mariarodriguezst13', 'josups13', 'fossi', 'carlos99', 'pablomp13', 'luciavdr00', 'ireneopst', 'tc', 'edam100435629', 'gemaquinonero', 'lauragomezn', 'sararoman', 'victormartin22', 'clara241', 'mariadelavilla', 'annaguillem', 'mgg', 'alvgcdual', 'saaracina', 'martinprados', 'nuria2020', 'iren00']"
63,63,18,24,9,"['pepecano', 'carlosaznar', 'annaguillem', 'josups13', 'fossi', 'clara241', 'juan405569', 'aaaaaaa', 'iren00']",9,"['fernandosancho', 'alfonsoserrano', 'mariaalvarado27', 'aaberge5', 'raul.porrelli', 'hungdo238', 'arensibia', 'leahrock11', 'seshelma']",15,"['luciavdr00', 'ireneopst', 'mariarodriguezst13', 'mgg', 'alvgcdual', 'pivotxfighter', 'pauuu100405550', 'lauragomezn', 'diegorodriguez', 'saaracina', 'carlos99', 'lauraseramos', 'nuria2020', 'pablomp13', 'pabloblascof']",33,"['pepecano', 'carlosaznar', 'fernandosancho', 'pivotxfighter', 'pauuu100405550', 'diegorodriguez', 'arensibia', 'leahrock11', 'lauraseramos', 'juan405569', 'aaaaaaa', 'pabloblascof', 'alfonsoserrano', 'mariarodriguezst13', 'josups13', 'aaberge5', 'fossi', 'carlos99', 'hungdo238', 'pablomp13', 'seshelma', 'luciavdr00', 'ireneopst', 'mariaalvarado27', 'lauragomezn', 'clara241', 'annaguillem', 'mgg', 'alvgcdual', 'raul.porrelli', 'saaracina', 'nuria2020', 'iren00']"
65,205,18,270,1,['jaephago'],17,"['dntnwls0501', 'fsuarez', 'albertosanchezberti', 'yjh4866', 'kimys4u', 'ottersquad', 'kangtoltol', 'yujincho', 'eb32862', 'yummchae', 'qjjh1217', 'jiwon7341', 'sjhoon96', 'carlosrodriguez', 'kimyoungkyen', 'miguelpino', 'minho9534']",269,"['thddpwls257', 'siyuezheng', 'emt2', 'beper53', 'zaubin42', 'adrianhochgesang', 'jrichman99', 'abal2474', 'xoangon', 'xogus102929', 'ghtlstnf7', 'itskatomall', 'danielcondetorres', 'koakhyunji', 'jesusgiraldez', 'lwang82', 'caetano.eirea', 'finnclements', 'clara.landesa', 'lukebidulka', 'latourem', 'jlkirk', 'htj1104', 'yougyeongo', 'dish1498', 'hayejord', 'sukjunyeo', 'danielm78', 'estalin', 'lhc33820933', 'nerwin', 'm0650104.ee06g', 'alskdjfh6161', 'anamichelena', 'josig2011', 'andreagcoto', 'coopjord', 'guillermocam', 'martinperezmaneiro', 'miguel_fernandez', 'u1201859', 'msubullies1', 'marniesan', 'mitchell.shields99', 'mmartinezsanchez', 'mis5660', 'ziyue2', 'ohh99o9', 'ophelie10', 'shabnashreej', 'xoanmayo', 'nshamsi', 'foojorge', 'zrm0001', 'doog9601', 'smdesrochers', 'taylordavis678', 'tpollei', 'ye02', 'cjsxodnd12', 'wjdekgus77', 'ekdms0894', 'naitix', 'sportmonkey584', 'kendalhiatt', 'cjs476', 'gekco', 'isaac.dominguez4444', 'e.pmcrespo', 'k66773659', 'giacomo.munari.1', 'pedro.julian', 'iflueck2', 'petercp2', 'dariushkim', 'aia00001', 'matthewdailey', 'hyerim100600', 'byeolguri', 'mehdibandali', 'aanupam3', 'marcospascualin', 'qncowlf10', 'spazos', 'supernhtr', 'jasperdeconinck', 'cbnuleejinwoo', 'glevita2', 'toast', 'chohyundong12', 'josedamiangarcianoya', 'jeandavid', 'rohdej', 'gcxmoffice1994', 'ryuhoin2002', 'piri940511', 'ludovick', 'tnqls3409', 'giacomo.bego', 'philg', 'rricardo0324', 'nakkulab', 'blake.ballou08', 'carlosvigo1997', 'cicalesej', 'sumintnals', 'jboniuk98', 'jdanivc', 'ardisch123', 'dangover94', 'navya.k.shastri', 'therahuul', 'rbb0001', '123whdxor', 'aloptor', 'sschneider874', 'kesu1234', 'jonathan.balent', 'lidiadom', 'junzed2', 'mattmattmerrill', 'logankraus', 'zlapvmf', 'sherwmit', 'bbatuhanbilecen', 'anstjd1542', 'anais3', 'mauro_sg', 'ana.rmteo', 'adp5383', 'bobbimatheson', 'alw0039', 'antonio25', 'tjtks4730', 'bha00001', 'jhryu1994', 'thomas.poulin', 'u0543041', 'antoramp', 'kyserch', 'lsj4677', 'rachelgjohnson', 'yoojeong9925', 'immmin6677', 'xfiles', 'tonni1912', 'hs960531', 'ybso1566', 'roychoudhuryaditya2019', 'samuelfl', 'ignaciomilani', 'aht47', 'uxiavelca', 'pablosande98', '5dustkd', 'jenniferperez1', 'n3b3x', 'suyoneee', 'chvk4161', 'dbeciri45', 'tristram', 'dorxlqmdkdlel', 'juanjoseo', 'francike', 'gonserr', 'macks', 'mcdonald.josh', 'nargene', 'franktib2', 'kirollos.morcos.km', 'yjn3492', 'ezsamsuntung', 'vandelei', 'exareivaj', 'bassel0elgharbawy0', 'u1285150', 'u0360918', 'manuel10suarez10', 'juho4523', 'dale7283', 'dldnals2020', 'mocha7411', 'wodnjssnsk12', 'jn12su27', 'hjshook', 'socrat', 'rygr8576', 'dmeyer1998', 'kunge0054', 'sabintandukar', 'dnlek12', 'mertyamanoglu', 'yassminsabry', 'alberto4', 'dbister', 'eogn1004', 'emilioar', 'b.isenberg', 'gipes', 'bsusol2', 'genius_p', 'ylanbdr', 'juansans98', 'parkface94', 'johnlanghout', 'georgeckchen', 'rachel.blaydes', 'jmy0002', 'matthewleemle2', 'leesk4869', 'nes1011', 'vetterd', 'cbo3', 'palzmq', 'giung0227', 'jakubpepas', 'kepco2020a', 'reyda', 'qwerty0637', 'boody456366', 'ghobashy445', 'axelbelgarde', 'marshallfrye', 'raymondzhou227', 'foghel96', 'sgu20151463', 'eserafimbortolazzo', 'fofi94', 'graceml2', 'qumo4329', 'corozco', 'b.benson', 'mikesnure', 'hancheyn', 'sooooooy314', 'khfrum', 'jiaolh', 'rhrna007', 'student1000', 'tmdorsey', 'pichoncillo1', 'hyerim1006000', 'andrea.oldham97', 'mtanzi', 'cmoauro2', 'sallysong683', 'chzh1341', 'daniel.robin22', 'iagomillanentenza', 'dhkswk96', 'eunice98k', 'soddi1621', 'u1121281', 'jedelkind0117', 'anstpdlffj3', 'titanking231', 'bw02203', 'martinzapatamartinez', 'ganaaa12a', 'chdu6864', 'pablocl', 'yoonek6719', 'idargu90', 'qottkf6194', 'myez', 'hellbomber101', 'declanb', 'qkslqksl951', 'rsp79']",287,"['thddpwls257', 'siyuezheng', 'kangtoltol', 'emt2', 'beper53', 'zaubin42', 'adrianhochgesang', 'jrichman99', 'abal2474', 'xoangon', 'xogus102929', 'ghtlstnf7', 'itskatomall', 'danielcondetorres', 'koakhyunji', 'jesusgiraldez', 'lwang82', 'caetano.eirea', 'finnclements', 'clara.landesa', 'lukebidulka', 'carlosrodriguez', 'latourem', 'jlkirk', 'htj1104', 'yougyeongo', 'dish1498', 'hayejord', 'sukjunyeo', 'danielm78', 'estalin', 'lhc33820933', 'nerwin', 'm0650104.ee06g', 'alskdjfh6161', 'anamichelena', 'josig2011', 'andreagcoto', 'coopjord', 'guillermocam', 'martinperezmaneiro', 'miguel_fernandez', 'u1201859', 'msubullies1', 'marniesan', 'mitchell.shields99', 'mmartinezsanchez', 'mis5660', 'ziyue2', 'ohh99o9', 'ophelie10', 'shabnashreej', 'xoanmayo', 'nshamsi', 'foojorge', 'zrm0001', 'doog9601', 'smdesrochers', 'taylordavis678', 'tpollei', 'ye02', 'cjsxodnd12', 'wjdekgus77', 'albertosanchezberti', 'ekdms0894', 'naitix', 'sportmonkey584', 'kendalhiatt', 'cjs476', 'gekco', 'isaac.dominguez4444', 'e.pmcrespo', 'k66773659', 'giacomo.munari.1', 'pedro.julian', 'iflueck2', 'petercp2', 'dariushkim', 'aia00001', 'matthewdailey', 'hyerim100600', 'byeolguri', 'mehdibandali', 'aanupam3', 'marcospascualin', 'qncowlf10', 'spazos', 'supernhtr', 'jasperdeconinck', 'cbnuleejinwoo', 'glevita2', 'toast', 'chohyundong12', 'josedamiangarcianoya', 'jeandavid', 'rohdej', 'gcxmoffice1994', 'ryuhoin2002', 'piri940511', 'ludovick', 'tnqls3409', 'giacomo.bego', 'philg', 'rricardo0324', 'nakkulab', 'blake.ballou08', 'carlosvigo1997', 'cicalesej', 'sumintnals', 'jboniuk98', 'jdanivc', 'ardisch123', 'dangover94', 'navya.k.shastri', 'therahuul', 'rbb0001', '123whdxor', 'aloptor', 'sschneider874', 'kesu1234', 'jonathan.balent', 'lidiadom', 'junzed2', 'eb32862', 'mattmattmerrill', 'logankraus', 'zlapvmf', 'sherwmit', 'bbatuhanbilecen', 'anstjd1542', 'anais3', 'mauro_sg', 'ana.rmteo', 'adp5383', 'bobbimatheson', 'alw0039', 'antonio25', 'tjtks4730', 'bha00001', 'jhryu1994', 'thomas.poulin', 'miguelpino', 'u0543041', 'antoramp', 'kyserch', 'lsj4677', 'rachelgjohnson', 'yoojeong9925', 'immmin6677', 'xfiles', 'tonni1912', 'hs960531', 'ybso1566', 'roychoudhuryaditya2019', 'samuelfl', 'ignaciomilani', 'aht47', 'uxiavelca', 'pablosande98', '5dustkd', 'sjhoon96', 'jenniferperez1', 'kimyoungkyen', 'n3b3x', 'suyoneee', 'chvk4161', 'dbeciri45', 'jiwon7341', 'tristram', 'dorxlqmdkdlel', 'juanjoseo', 'francike', 'gonserr', 'macks', 'mcdonald.josh', 'nargene', 'ottersquad', 'franktib2', 'kirollos.morcos.km', 'yjn3492', 'ezsamsuntung', 'vandelei', 'exareivaj', 'bassel0elgharbawy0', 'u1285150', 'u0360918', 'yjh4866', 'manuel10suarez10', 'juho4523', 'dale7283', 'dldnals2020', 'mocha7411', 'wodnjssnsk12', 'jn12su27', 'hjshook', 'socrat', 'rygr8576', 'dmeyer1998', 'kunge0054', 'sabintandukar', 'dnlek12', 'mertyamanoglu', 'yassminsabry', 'alberto4', 'dbister', 'eogn1004', 'emilioar', 'b.isenberg', 'gipes', 'bsusol2', 'genius_p', 'ylanbdr', 'juansans98', 'parkface94', 'johnlanghout', 'georgeckchen', 'rachel.blaydes', 'jmy0002', 'yummchae', 'matthewleemle2', 'leesk4869', 'nes1011', 'vetterd', 'cbo3', 'palzmq', 'minho9534', 'giung0227', 'jaephago', 'jakubpepas', 'kepco2020a', 'reyda', 'qwerty0637', 'boody456366', 'ghobashy445', 'axelbelgarde', 'marshallfrye', 'raymondzhou227', 'foghel96', 'qjjh1217', 'sgu20151463', 'eserafimbortolazzo', 'fofi94', 'graceml2', 'qumo4329', 'corozco', 'b.benson', 'mikesnure', 'hancheyn', 'sooooooy314', 'khfrum', 'jiaolh', 'rhrna007', 'student1000', 'tmdorsey', 'pichoncillo1', 'hyerim1006000', 'andrea.oldham97', 'mtanzi', 'cmoauro2', 'sallysong683', 'kimys4u', 'chzh1341', 'daniel.robin22', 'iagomillanentenza', 'dhkswk96', 'eunice98k', 'soddi1621', 'dntnwls0501', 'fsuarez', 'u1121281', 'jedelkind0117', 'anstpdlffj3', 'titanking231', 'bw02203', 'martinzapatamartinez', 'ganaaa12a', 'yujincho', 'chdu6864', 'pablocl', 'yoonek6719', 'idargu90', 'qottkf6194', 'myez', 'hellbomber101', 'declanb', 'qkslqksl951', 'rsp79']"
65,9,18,14,9,"['jaephago', 'kimys4u', 'eb32862', 'kangtoltol', 'yujincho', 'qjjh1217', 'sjhoon96', 'kimyoungkyen', 'minho9534']",9,"['dntnwls0501', 'fsuarez', 'albertosanchezberti', 'yjh4866', 'ottersquad', 'yummchae', 'jiwon7341', 'carlosrodriguez', 'miguelpino']",5,"['dorxlqmdkdlel', 'sstty7', 'siggy36', 'anstpdlffj3', 'dangover94']",23,"['albertosanchezberti', 'jaephago', 'kimys4u', 'ottersquad', 'kangtoltol', 'yujincho', 'sstty7', 'sjhoon96', 'kimyoungkyen', 'siggy36', 'miguelpino', 'dntnwls0501', 'fsuarez', 'yjh4866', 'dangover94', 'eb32862', 'yummchae', 'qjjh1217', 'jiwon7341', 'carlosrodriguez', 'minho9534', 'anstpdlffj3', 'dorxlqmdkdlel']"
65,19,18,13,2,"['fsuarez', 'albertosanchezberti']",16,"['dntnwls0501', 'yjh4866', 'jaephago', 'kimys4u', 'ottersquad', 'kangtoltol', 'yujincho', 'eb32862', 'yummchae', 'qjjh1217', 'jiwon7341', 'sjhoon96', 'carlosrodriguez', 'kimyoungkyen', 'miguelpino', 'minho9534']",11,"['juanjoseo', 'isaac.dominguez4444', 'danielcondetorres', 'jesusgiraldez', 'foojorge', 'uxiavelca', 'iagomillanentenza', 'xie2', 'noxis986', 'andreagcoto', 'juansans98']",29,"['juanjoseo', 'albertosanchezberti', 'jaephago', 'kimys4u', 'ottersquad', 'kangtoltol', 'yujincho', 'uxiavelca', 'iagomillanentenza', 'sjhoon96', 'noxis986', 'kimyoungkyen', 'andreagcoto', 'miguelpino', 'juansans98', 'isaac.dominguez4444', 'danielcondetorres', 'dntnwls0501', 'fsuarez', 'yjh4866', 'jesusgiraldez', 'foojorge', 'eb32862', 'yummchae', 'qjjh1217', 'xie2', 'jiwon7341', 'carlosrodriguez', 'minho9534']"
66,106,17,23,16,"['yulunwu4', 'as18', 'eih2', 'ggengr2', 'dpeng4', 'jiaxing6', 'jvita2', 'yihan4', 'axyong2', 'gdeatley', 'hanyang6', 'ziqi5', 'am14', 'yyang197', 'brianr5', 'eyhsieh2']",1,['shiang2'],7,"['msurana2', 'aagam2', 'kkang14', 'dadams', 'aagamshah', 'torosant', 'jaschil2']",24,"['axyong2', 'gdeatley', 'yyang197', 'ggengr2', 'brianr5', 'am14', 'aagamshah', 'hanyang6', 'eyhsieh2', 'yulunwu4', 'eih2', 'dpeng4', 'msurana2', 'jvita2', 'aagam2', 'kkang14', 'torosant', 'jaschil2', 'as18', 'yihan4', 'ziqi5', 'dadams', 'jiaxing6', 'shiang2']"
68,105,17,6,5,"['francisduhamel', 'fredcyr10', 'awais96', 'carate', 'ridoy1995']",12,"['tamimarahman99', 'kbucheeri', 'minor.tyler.1998', 'liza.petkevitch', 'asmaalromaih', 'julia.london54', 'jamiemcleish', 'laflfrancois19', 'yiyangggg', 'nusaiba.ra', 'tianyi.zou770', 'vally']",1,['wzhuonan'],18,"['minor.tyler.1998', 'liza.petkevitch', 'francisduhamel', 'fredcyr10', 'laflfrancois19', 'yiyangggg', 'nusaiba.ra', 'tianyi.zou770', 'carate', 'ridoy1995', 'tamimarahman99', 'kbucheeri', 'asmaalromaih', 'julia.london54', 'jamiemcleish', 'awais96', 'vally', 'wzhuonan']"
69,215,17,8,1,['pattiya_p'],16,"['feher.bence92', 'mareev.evgeniy', 'jsk6732', 'levansang82', 'shwetahim23', 'sameerkamath', 'weishi71', 'mxk1213', 'nadine', 'reill279', 'lataussi', 'tomas0821', 'digitalgenics', 'leonans100', 'monsterplank', 'mmasoudsf']",7,"['jo46', 'lswentor', 'jone1573', 'lregalad', 'ericshen628', 'roj', 'konerua']",24,"['feher.bence92', 'mareev.evgeniy', 'jsk6732', 'pattiya_p', 'jo46', 'weishi71', 'lswentor', 'mxk1213', 'lregalad', 'leonans100', 'monsterplank', 'mmasoudsf', 'shwetahim23', 'levansang82', 'sameerkamath', 'jone1573', 'nadine', 'reill279', 'lataussi', 'tomas0821', 'digitalgenics', 'ericshen628', 'roj', 'konerua']"
70,236,16,8,8,"['nadinec', 'niclaskrupp', 'alexander.kuleff', 'blakspell', 'ut192', 'maximilian1505', 'christian.delavier', 'cookienator']",8,"['jpascher99', 'sgicev', 'maierrouven', 'kirchgessner9', 'wo456', 'fedy9', 'arabi52', 'btayo202']",0,[],16,"['jpascher99', 'niclaskrupp', 'maierrouven', 'kirchgessner9', 'sgicev', 'ut192', 'arabi52', 'christian.delavier', 'cookienator', 'btayo202', 'nadinec', 'wo456', 'fedy9', 'alexander.kuleff', 'blakspell', 'maximilian1505']"
71,155,15,6,5,"['jebadi', 'xmcdowel', 'byeagley', 'mercolso', 'hddrabek']",10,"['tjzhang', 'ejapundz', 'bfisch9', 'jdulski10', 'ethnguye', 'jsaxberg', 'bschwant', 'zwlevy', 'epbower', 'gotts']",1,['nbrunk'],16,"['ejapundz', 'xmcdowel', 'jdulski10', 'ethnguye', 'jsaxberg', 'hddrabek', 'mercolso', 'nbrunk', 'jebadi', 'tjzhang', 'byeagley', 'bfisch9', 'bschwant', 'zwlevy', 'epbower', 'gotts']"
75,42,14,7,3,"['schuscha', 'robboew', 'momo2801']",11,"['mrkimyk92', 'jonnyy1', 'viswas_online', 'giammen', 'juaferv3', 'tarim', 'michi7x7', 'el.barny.ono', 'nunezcastruita', 'jodogo', 'benedetto']",4,"['mrcookiecooker', 'lukas.fussi', 'alex.kobald', 'anape']",18,"['anape', 'schuscha', 'jonnyy1', 'viswas_online', 'giammen', 'juaferv3', 'lukas.fussi', 'michi7x7', 'robboew', 'el.barny.ono', 'mrkimyk92', 'tarim', 'momo2801', 'alex.kobald', 'mrcookiecooker', 'nunezcastruita', 'jodogo', 'benedetto']"
76,199,14,6,2,"['akankshakenge', 'lavhalerishabh1997']",12,"['ccbb', 'fjwalk', 'mbison', 'cornuelle.3', 'nanj49', 'leecc', 'dongshaung', 'francisvachon', 'sholva', 'tejaswaghate', 'bhaleraokaruna49', 'mohammedsbit085']",4,"['pritinakhate96', 'abhishek2912', 'rutu.gawande06', 'kagte24']",18,"['ccbb', 'kagte24', 'mbison', 'lavhalerishabh1997', 'cornuelle.3', 'leecc', 'pritinakhate96', 'rutu.gawande06', 'sholva', 'tejaswaghate', 'mohammedsbit085', 'fjwalk', 'akankshakenge', 'dongshaung', 'francisvachon', 'abhishek2912', 'bhaleraokaruna49', 'nanj49']"
79,167,14,16,1,['pgardo2'],13,"['nwdunham', 'nmtq44', 'ams282', 'mooar', 'jaszqd', 'ylw201117', 'tmsmb2', 'aliaghabalaeivahid', 'kuldeep', 'sgericeb', 'ninfzf', 'chungis', 'clcfk2']",15,"['ninume2', 'meeraj2', 'kacperr2', 'bremig2', 'jordanm7', 'ericli4', 'jkelle30', 'mabdal6', 'alexmf2', 'aeburke4', 'loutris2', 'dosman3', 'mderka3', 'zanh2', 'aatass2']",29,"['kacperr2', 'ericli4', 'jaszqd', 'pgardo2', 'ylw201117', 'alexmf2', 'tmsmb2', 'aliaghabalaeivahid', 'loutris2', 'kuldeep', 'dosman3', 'mderka3', 'sgericeb', 'chungis', 'ninfzf', 'clcfk2', 'nwdunham', 'ninume2', 'meeraj2', 'bremig2', 'nmtq44', 'ams282', 'mooar', 'jordanm7', 'jkelle30', 'mabdal6', 'aeburke4', 'zanh2', 'aatass2']"
81,116,13,13,6,"['asiv21', 'aab2243', 'vipul2310', 'voh2105', 'hh2811', 'xinhao']",7,"['wnp2105', 'wentaoz', 'zbs5', 'gnj2101', 'sb3790', 'ald2231', 'hm2806']",7,"['eddiehong', 'qw2318', 'qf2143', 'zw2583', 'wq940411', 'vipulmann2310', 'yol']",20,"['eddiehong', 'asiv21', 'qw2318', 'wnp2105', 'aab2243', 'vipul2310', 'voh2105', 'hh2811', 'vipulmann2310', 'xinhao', 'hm2806', 'qf2143', 'wentaoz', 'zw2583', 'zbs5', 'gnj2101', 'sb3790', 'ald2231', 'wq940411', 'yol']"
82,51,13,11,7,"['mbaerwal', 'emily', 'jdover2', 'callen43', 'tbautis1', 'krusyn', 'dtbautis']",6,"['atmuir', 'hglembo', 'rlfergu4', 'jordandeitsch', 'rselfais', 'hlriley']",4,"['awirkusc', 'vasileska', 'rspaul1', 'joliva8']",17,"['atmuir', 'mbaerwal', 'rspaul1', 'rlfergu4', 'jordandeitsch', 'rselfais', 'jdover2', 'awirkusc', 'krusyn', 'hglembo', 'emily', 'vasileska', 'hlriley', 'callen43', 'tbautis1', 'joliva8', 'dtbautis']"
82,179,13,10,8,"['mbaerwal', 'emily', 'jdover2', 'hlriley', 'callen43', 'tbautis1', 'krusyn', 'dtbautis']",5,"['atmuir', 'hglembo', 'rlfergu4', 'jordandeitsch', 'rselfais']",2,"['vasileska', 'ttmccart']",15,"['atmuir', 'mbaerwal', 'rlfergu4', 'jordandeitsch', 'rselfais', 'jdover2', 'ttmccart', 'krusyn', 'hglembo', 'emily', 'vasileska', 'hlriley', 'callen43', 'tbautis1', 'dtbautis']"
82,52,13,5,4,"['callen43', 'emily', 'jdover2', 'hlriley']",9,"['atmuir', 'mbaerwal', 'hglembo', 'rlfergu4', 'jordandeitsch', 'rselfais', 'tbautis1', 'krusyn', 'dtbautis']",1,['vkumar21'],14,"['atmuir', 'mbaerwal', 'hglembo', 'vkumar21', 'rlfergu4', 'emily', 'jordandeitsch', 'rselfais', 'jdover2', 'hlriley', 'callen43', 'tbautis1', 'krusyn', 'dtbautis']"
83,129,13,33,6,"['mounika.banothu2', 'adithyavardhan', 'ee18btech11004', 'ee17btech11001', 'kalyanidp123', 'pkrutikmehta']",7,"['sidell66', '16.nt.harshil.pambhar', 'stunningllama', '16.nt.milan.solanki', 'jrettmuller', 'siu854042801', '16.nt.rajan.suhagiya']",27,"['ee18btech11044', 'vlnreddy', 'emani', 'ee18btech11048', 'hrithikraj5', 'shaik123', 'narendarr34', 'mehar', 'ee18btech11026', 'shreshta126', 'ee18btech11041', 'ee18btech11020', 'aayushgoyal27', 'tejaswini_anagani', 'nagandlaravalika6', 'saivarshatedla', 'ee18btech11021', 'ee17btech11010', 'pi_stark', 'cheruu', 'ee18btech11034', 'berisowjanya205', 'rakesh1231', 'ee18btech11016', 'aashrith', 'tprashanth180', 'sathwikchaitanya']",40,"['adithyavardhan', 'ee18btech11044', 'vlnreddy', 'kalyanidp123', 'emani', 'ee18btech11048', 'hrithikraj5', 'shaik123', 'mehar', 'narendarr34', '16.nt.harshil.pambhar', 'ee18btech11026', 'shreshta126', 'ee18btech11041', 'ee18btech11020', 'ee17btech11001', 'aayushgoyal27', 'tejaswini_anagani', 'nagandlaravalika6', 'saivarshatedla', 'mounika.banothu2', 'sidell66', 'ee18btech11021', '16.nt.milan.solanki', 'jrettmuller', 'pkrutikmehta', 'siu854042801', '16.nt.rajan.suhagiya', 'ee17btech11010', 'pi_stark', 'cheruu', 'ee18btech11034', 'berisowjanya205', 'rakesh1231', 'stunningllama', 'ee18btech11016', 'ee18btech11004', 'tprashanth180', 'aashrith', 'sathwikchaitanya']"
83,182,13,10,3,"['sidell66', 'jrettmuller', 'siu854042801']",10,"['mounika.banothu2', '16.nt.harshil.pambhar', 'stunningllama', 'adithyavardhan', '16.nt.milan.solanki', 'ee18btech11004', 'ee17btech11001', 'kalyanidp123', 'pkrutikmehta', '16.nt.rajan.suhagiya']",7,"['jonas.trimble', 'ian2123', 'siu854274177', 'siu854386620', 'paytonmcc', 'danielryanmuller', 'siu856308833']",20,"['mounika.banothu2', 'sidell66', 'adithyavardhan', 'ian2123', '16.nt.milan.solanki', 'jrettmuller', 'pkrutikmehta', 'kalyanidp123', 'siu854042801', '16.nt.rajan.suhagiya', 'siu856308833', 'danielryanmuller', 'jonas.trimble', '16.nt.harshil.pambhar', 'stunningllama', 'siu854274177', 'siu854386620', 'ee18btech11004', 'paytonmcc', 'ee17btech11001']"
84,136,13,10,10,"['mnepal1', 'saiteja285', 'rsawant1', 'wdeixle1', 'abarza1', 'kboyle3', 'hardikrana', 'teenathomas29', 'ananawa1', 'anagha']",3,"['njoseph1', 'tschaie1', 'jluckma1']",0,[],13,"['mnepal1', 'wdeixle1', 'kboyle3', 'hardikrana', 'jluckma1', 'saiteja285', 'rsawant1', 'abarza1', 'tschaie1', 'teenathomas29', 'njoseph1', 'ananawa1', 'anagha']"
85,77,12,14,12,"['elizabethmtz8', 'andresloera', 'a01022945', 'ernestovazqueza', 'a01630926', 'xvaldesgza', 'joseandrescr18', 'cecisoriano7', 'alex_sonda', 'a01630782', 'alegucu', 'miressa5']",0,[],2,"['a01636223', 'ricardo.jmz']",14,"['andresloera', 'a01022945', 'ernestovazqueza', 'a01630926', 'a01636223', 'xvaldesgza', 'alex_sonda', 'miressa5', 'elizabethmtz8', 'ricardo.jmz', 'joseandrescr18', 'cecisoriano7', 'a01630782', 'alegucu']"
86,83,12,11,11,"['jbzwiebel', 'jsmorgan6', 'colinllee', 'jysmart', 'jgk23', 'nlv10', 'xiying0deng', 'egeyer', 'yousuf.rehman7', 'rr150', 'benwill2000']",1,['stampanos'],0,[],12,"['nlv10', 'jgk23', 'stampanos', 'yousuf.rehman7', 'rr150', 'benwill2000', 'jbzwiebel', 'jsmorgan6', 'colinllee', 'jysmart', 'xiying0deng', 'egeyer']"
87,88,12,6,6,"['qatarhentry123', 'kamluk07', 'karkasas', 'akvilina0524', 'mikele', 'mukuls619']",6,"['klaudijusmidveris4', 'saule.kulvinskaite', 'ingagrig7', 'ivangast', 'kdagilis', 'dominykaskan']",0,[],12,"['qatarhentry123', 'kamluk07', 'klaudijusmidveris4', 'akvilina0524', 'karkasas', 'ingagrig7', 'saule.kulvinskaite', 'ivangast', 'kdagilis', 'dominykaskan', 'mikele', 'mukuls619']"
89,45,12,12,11,"['bcollar', 'tao88', 'yang1087', 'yu957', 'rjaiswa', 'glawlor', 'douh', 'chen3360', 'lburzawa', 'hsu172', 'mahesh96.dsm']",1,['cohen26'],1,['tpollei'],13,"['tao88', 'yu957', 'rjaiswa', 'glawlor', 'lburzawa', 'mahesh96.dsm', 'bcollar', 'yang1087', 'chen3360', 'douh', 'hsu172', 'tpollei', 'cohen26']"
90,205,12,270,11,"['antoramp', 'giacomo.bego', 'franktib2', 'marcospascualin', 'beper53', 'ophelie10', 'giacomo.munari.1', 'jeandavid', 'thomas.poulin', 'tristram', 'axelbelgarde']",1,['darkrising'],259,"['thddpwls257', 'siyuezheng', 'emt2', 'zaubin42', 'adrianhochgesang', 'jrichman99', 'abal2474', 'xoangon', 'xogus102929', 'ghtlstnf7', 'itskatomall', 'danielcondetorres', 'koakhyunji', 'jesusgiraldez', 'lwang82', 'caetano.eirea', 'finnclements', 'clara.landesa', 'lukebidulka', 'latourem', 'jlkirk', 'htj1104', 'yougyeongo', 'dish1498', 'hayejord', 'sukjunyeo', 'danielm78', 'estalin', 'lhc33820933', 'nerwin', 'm0650104.ee06g', 'alskdjfh6161', 'anamichelena', 'josig2011', 'andreagcoto', 'coopjord', 'guillermocam', 'martinperezmaneiro', 'miguel_fernandez', 'u1201859', 'msubullies1', 'marniesan', 'mitchell.shields99', 'mmartinezsanchez', 'mis5660', 'ziyue2', 'ohh99o9', 'shabnashreej', 'xoanmayo', 'nshamsi', 'foojorge', 'zrm0001', 'doog9601', 'smdesrochers', 'taylordavis678', 'tpollei', 'ye02', 'cjsxodnd12', 'wjdekgus77', 'ekdms0894', 'naitix', 'sportmonkey584', 'kendalhiatt', 'cjs476', 'gekco', 'isaac.dominguez4444', 'e.pmcrespo', 'k66773659', 'pedro.julian', 'iflueck2', 'petercp2', 'dariushkim', 'aia00001', 'matthewdailey', 'hyerim100600', 'byeolguri', 'mehdibandali', 'aanupam3', 'qncowlf10', 'spazos', 'supernhtr', 'jasperdeconinck', 'cbnuleejinwoo', 'glevita2', 'toast', 'chohyundong12', 'josedamiangarcianoya', 'rohdej', 'gcxmoffice1994', 'ryuhoin2002', 'piri940511', 'ludovick', 'tnqls3409', 'philg', 'rricardo0324', 'nakkulab', 'blake.ballou08', 'carlosvigo1997', 'cicalesej', 'sumintnals', 'jboniuk98', 'jdanivc', 'ardisch123', 'dangover94', 'navya.k.shastri', 'therahuul', 'rbb0001', '123whdxor', 'aloptor', 'sschneider874', 'kesu1234', 'jonathan.balent', 'lidiadom', 'junzed2', 'mattmattmerrill', 'logankraus', 'zlapvmf', 'sherwmit', 'bbatuhanbilecen', 'anstjd1542', 'anais3', 'mauro_sg', 'ana.rmteo', 'adp5383', 'bobbimatheson', 'alw0039', 'antonio25', 'tjtks4730', 'bha00001', 'jhryu1994', 'u0543041', 'kyserch', 'lsj4677', 'rachelgjohnson', 'yoojeong9925', 'immmin6677', 'xfiles', 'tonni1912', 'hs960531', 'ybso1566', 'roychoudhuryaditya2019', 'samuelfl', 'ignaciomilani', 'aht47', 'uxiavelca', 'pablosande98', '5dustkd', 'jenniferperez1', 'n3b3x', 'suyoneee', 'chvk4161', 'dbeciri45', 'dorxlqmdkdlel', 'juanjoseo', 'francike', 'gonserr', 'macks', 'mcdonald.josh', 'nargene', 'kirollos.morcos.km', 'yjn3492', 'ezsamsuntung', 'vandelei', 'exareivaj', 'bassel0elgharbawy0', 'u1285150', 'u0360918', 'manuel10suarez10', 'juho4523', 'dale7283', 'dldnals2020', 'mocha7411', 'wodnjssnsk12', 'jn12su27', 'hjshook', 'socrat', 'rygr8576', 'dmeyer1998', 'kunge0054', 'sabintandukar', 'dnlek12', 'mertyamanoglu', 'yassminsabry', 'alberto4', 'dbister', 'eogn1004', 'emilioar', 'b.isenberg', 'gipes', 'bsusol2', 'genius_p', 'ylanbdr', 'juansans98', 'parkface94', 'johnlanghout', 'georgeckchen', 'rachel.blaydes', 'jmy0002', 'matthewleemle2', 'leesk4869', 'nes1011', 'vetterd', 'cbo3', 'palzmq', 'giung0227', 'jaephago', 'jakubpepas', 'kepco2020a', 'reyda', 'qwerty0637', 'boody456366', 'ghobashy445', 'marshallfrye', 'raymondzhou227', 'foghel96', 'sgu20151463', 'eserafimbortolazzo', 'fofi94', 'graceml2', 'qumo4329', 'corozco', 'b.benson', 'mikesnure', 'hancheyn', 'sooooooy314', 'khfrum', 'jiaolh', 'rhrna007', 'student1000', 'tmdorsey', 'pichoncillo1', 'hyerim1006000', 'andrea.oldham97', 'mtanzi', 'cmoauro2', 'sallysong683', 'chzh1341', 'daniel.robin22', 'iagomillanentenza', 'dhkswk96', 'eunice98k', 'soddi1621', 'u1121281', 'jedelkind0117', 'anstpdlffj3', 'titanking231', 'bw02203', 'martinzapatamartinez', 'ganaaa12a', 'chdu6864', 'pablocl', 'yoonek6719', 'idargu90', 'qottkf6194', 'myez', 'hellbomber101', 'declanb', 'qkslqksl951', 'rsp79']",271,"['thddpwls257', 'siyuezheng', 'emt2', 'beper53', 'zaubin42', 'adrianhochgesang', 'jrichman99', 'abal2474', 'xoangon', 'xogus102929', 'ghtlstnf7', 'itskatomall', 'danielcondetorres', 'koakhyunji', 'jesusgiraldez', 'lwang82', 'caetano.eirea', 'finnclements', 'clara.landesa', 'lukebidulka', 'latourem', 'jlkirk', 'htj1104', 'yougyeongo', 'dish1498', 'hayejord', 'sukjunyeo', 'danielm78', 'estalin', 'lhc33820933', 'nerwin', 'm0650104.ee06g', 'alskdjfh6161', 'anamichelena', 'josig2011', 'andreagcoto', 'coopjord', 'guillermocam', 'martinperezmaneiro', 'miguel_fernandez', 'u1201859', 'msubullies1', 'marniesan', 'mitchell.shields99', 'mmartinezsanchez', 'mis5660', 'ziyue2', 'ohh99o9', 'ophelie10', 'shabnashreej', 'xoanmayo', 'nshamsi', 'foojorge', 'zrm0001', 'doog9601', 'smdesrochers', 'taylordavis678', 'tpollei', 'ye02', 'cjsxodnd12', 'wjdekgus77', 'ekdms0894', 'naitix', 'sportmonkey584', 'kendalhiatt', 'cjs476', 'gekco', 'isaac.dominguez4444', 'e.pmcrespo', 'k66773659', 'giacomo.munari.1', 'pedro.julian', 'iflueck2', 'petercp2', 'dariushkim', 'aia00001', 'matthewdailey', 'hyerim100600', 'byeolguri', 'mehdibandali', 'marcospascualin', 'aanupam3', 'qncowlf10', 'spazos', 'supernhtr', 'jasperdeconinck', 'cbnuleejinwoo', 'glevita2', 'toast', 'chohyundong12', 'jeandavid', 'josedamiangarcianoya', 'rohdej', 'gcxmoffice1994', 'ryuhoin2002', 'piri940511', 'ludovick', 'tnqls3409', 'giacomo.bego', 'philg', 'rricardo0324', 'nakkulab', 'blake.ballou08', 'carlosvigo1997', 'cicalesej', 'sumintnals', 'jboniuk98', 'jdanivc', 'ardisch123', 'dangover94', 'navya.k.shastri', 'therahuul', 'rbb0001', '123whdxor', 'aloptor', 'sschneider874', 'kesu1234', 'jonathan.balent', 'lidiadom', 'junzed2', 'mattmattmerrill', 'logankraus', 'zlapvmf', 'sherwmit', 'bbatuhanbilecen', 'anstjd1542', 'anais3', 'mauro_sg', 'ana.rmteo', 'adp5383', 'bobbimatheson', 'alw0039', 'antonio25', 'tjtks4730', 'bha00001', 'jhryu1994', 'thomas.poulin', 'u0543041', 'antoramp', 'kyserch', 'lsj4677', 'rachelgjohnson', 'yoojeong9925', 'immmin6677', 'xfiles', 'tonni1912', 'hs960531', 'ybso1566', 'roychoudhuryaditya2019', 'samuelfl', 'darkrising', 'ignaciomilani', 'aht47', 'uxiavelca', 'pablosande98', '5dustkd', 'jenniferperez1', 'n3b3x', 'suyoneee', 'chvk4161', 'dbeciri45', 'tristram', 'dorxlqmdkdlel', 'juanjoseo', 'francike', 'gonserr', 'macks', 'mcdonald.josh', 'nargene', 'franktib2', 'kirollos.morcos.km', 'yjn3492', 'ezsamsuntung', 'vandelei', 'exareivaj', 'bassel0elgharbawy0', 'u1285150', 'u0360918', 'manuel10suarez10', 'juho4523', 'dale7283', 'dldnals2020', 'mocha7411', 'wodnjssnsk12', 'jn12su27', 'hjshook', 'socrat', 'rygr8576', 'dmeyer1998', 'kunge0054', 'sabintandukar', 'dnlek12', 'mertyamanoglu', 'yassminsabry', 'alberto4', 'dbister', 'eogn1004', 'emilioar', 'b.isenberg', 'gipes', 'bsusol2', 'genius_p', 'ylanbdr', 'juansans98', 'parkface94', 'johnlanghout', 'georgeckchen', 'rachel.blaydes', 'jmy0002', 'matthewleemle2', 'leesk4869', 'nes1011', 'vetterd', 'cbo3', 'palzmq', 'giung0227', 'jaephago', 'jakubpepas', 'kepco2020a', 'reyda', 'qwerty0637', 'boody456366', 'ghobashy445', 'axelbelgarde', 'marshallfrye', 'raymondzhou227', 'foghel96', 'sgu20151463', 'eserafimbortolazzo', 'fofi94', 'graceml2', 'qumo4329', 'corozco', 'b.benson', 'mikesnure', 'hancheyn', 'sooooooy314', 'khfrum', 'jiaolh', 'rhrna007', 'student1000', 'tmdorsey', 'pichoncillo1', 'hyerim1006000', 'andrea.oldham97', 'mtanzi', 'cmoauro2', 'sallysong683', 'chzh1341', 'daniel.robin22', 'iagomillanentenza', 'dhkswk96', 'eunice98k', 'soddi1621', 'u1121281', 'jedelkind0117', 'anstpdlffj3', 'titanking231', 'bw02203', 'martinzapatamartinez', 'ganaaa12a', 'chdu6864', 'pablocl', 'yoonek6719', 'idargu90', 'qottkf6194', 'myez', 'hellbomber101', 'declanb', 'qkslqksl951', 'rsp79']"
90,24,12,8,4,"['jeandavid', 'ophelie10', 'thomas.poulin', 'franktib2']",8,"['darkrising', 'antoramp', 'giacomo.bego', 'giacomo.munari.1', 'marcospascualin', 'beper53', 'tristram', 'axelbelgarde']",4,"['jtpaquet', 'anais3', 'jean00491', 'remi.caron90']",16,"['darkrising', 'giacomo.bego', 'franktib2', 'beper53', 'marcospascualin', 'ophelie10', 'jtpaquet', 'thomas.poulin', 'jean00491', 'axelbelgarde', 'antoramp', 'remi.caron90', 'giacomo.munari.1', 'jeandavid', 'tristram', 'anais3']"
90,29,12,8,1,['darkrising'],11,"['antoramp', 'giacomo.bego', 'franktib2', 'marcospascualin', 'beper53', 'ophelie10', 'giacomo.munari.1', 'jeandavid', 'thomas.poulin', 'tristram', 'axelbelgarde']",7,"['dariogarred', 'pmvd95', 'ejg98', 'emilioar', 'elena_lopez', 'julioug1', 'miguellopezcardenas98']",19,"['darkrising', 'dariogarred', 'pmvd95', 'ejg98', 'emilioar', 'giacomo.bego', 'franktib2', 'beper53', 'marcospascualin', 'ophelie10', 'thomas.poulin', 'miguellopezcardenas98', 'julioug1', 'axelbelgarde', 'antoramp', 'elena_lopez', 'giacomo.munari.1', 'jeandavid', 'tristram']"
90,33,12,8,1,['darkrising'],11,"['antoramp', 'giacomo.bego', 'franktib2', 'marcospascualin', 'beper53', 'ophelie10', 'giacomo.munari.1', 'jeandavid', 'thomas.poulin', 'tristram', 'axelbelgarde']",7,"['dariogarred', 'ejg98', 'emilioar', 'elena_lopez', 'alexsanchezcast', 'julioug1', 'plmolina4']",19,"['darkrising', 'dariogarred', 'ejg98', 'emilioar', 'giacomo.bego', 'franktib2', 'beper53', 'marcospascualin', 'ophelie10', 'thomas.poulin', 'julioug1', 'axelbelgarde', 'antoramp', 'elena_lopez', 'giacomo.munari.1', 'alexsanchezcast', 'jeandavid', 'tristram', 'plmolina4']"
91,147,12,5,1,['srothsch'],11,"['shoafn', 'ctow', 'gjensen', 'spear9', 'growsell', 'stockb', 'yeungd', 'rdesmond', 'yshousha', 'xing36', 'msuter']",4,"['cmenden', 'edreifue', 'kumar212', 'natoli0']",16,"['shoafn', 'ctow', 'cmenden', 'gjensen', 'spear9', 'growsell', 'srothsch', 'yeungd', 'stockb', 'rdesmond', 'natoli0', 'yshousha', 'xing36', 'kumar212', 'edreifue', 'msuter']"
93,42,12,7,4,"['mrcookiecooker', 'lukas.fussi', 'alex.kobald', 'anape']",8,"['christoph.doesinger', 'chemat31', 'bellra98', 'dgrafinger', 'joebstlmichaelstefan', 'kjw3523', 'marcel.simhofer', 'rascofrasco']",3,"['schuscha', 'robboew', 'momo2801']",15,"['chemat31', 'anape', 'schuscha', 'lukas.fussi', 'joebstlmichaelstefan', 'kjw3523', 'robboew', 'christoph.doesinger', 'bellra98', 'dgrafinger', 'alex.kobald', 'momo2801', 'marcel.simhofer', 'rascofrasco', 'mrcookiecooker']"
93,41,12,6,2,"['dgrafinger', 'anape']",10,"['christoph.doesinger', 'chemat31', 'bellra98', 'lukas.fussi', 'alex.kobald', 'joebstlmichaelstefan', 'kjw3523', 'marcel.simhofer', 'rascofrasco', 'mrcookiecooker']",4,"['paulschaffer', 'verena_sch', 'tobiko11', 'vgi025']",16,"['christoph.doesinger', 'chemat31', 'anape', 'bellra98', 'dgrafinger', 'paulschaffer', 'verena_sch', 'lukas.fussi', 'alex.kobald', 'joebstlmichaelstefan', 'kjw3523', 'marcel.simhofer', 'vgi025', 'rascofrasco', 'tobiko11', 'mrcookiecooker']"
94,173,12,6,1,['yogesh30394'],11,"['mengyingbian1991', 'nhobson', 'yar_oommf', 'vickyacospa', 'birdsquirrel93', 'imantsd', 'shreybajaj', 'jebickel', 'william86888', 'pnakarmi', 'skhanal22']",5,"['miss.namrata08', 'nishthavats', 'devkapil108', 'kpmondal', 'vipulsharma110']",17,"['mengyingbian1991', 'vipulsharma110', 'nhobson', 'miss.namrata08', 'yogesh30394', 'yar_oommf', 'vickyacospa', 'birdsquirrel93', 'imantsd', 'shreybajaj', 'jebickel', 'william86888', 'devkapil108', 'nishthavats', 'kpmondal', 'pnakarmi', 'skhanal22']"
95,240,11,11,10,"['acesdarkstar', 'campevan97', 'tomandersone36', 'zachlc66', 'anthonyspear', 'alanramirez99', 'syndeev15', 'navajas1', 'treecko160', 'jarodfreeman7']",1,['not0sure'],1,['cviney'],12,"['not0sure', 'syndeev15', 'navajas1', 'treecko160', 'acesdarkstar', 'campevan97', 'tomandersone36', 'zachlc66', 'anthonyspear', 'cviney', 'alanramirez99', 'jarodfreeman7']"
96,53,11,6,1,['afriasd'],10,"['jlacsina', 'dumitru.trucu', 'acbradley', 'jreed10009', 'prakash.raut', '1120140384yang', 'ttang2', 'leemiao1984', 'ruxandratonea17', 'nn00951']",5,"['kleinstreuernc', 'elisacrisci', 'barrano247', 'lilshay1999.lr', 'tnguye22']",16,"['jlacsina', 'dumitru.trucu', 'acbradley', 'kleinstreuernc', 'jreed10009', 'prakash.raut', '1120140384yang', 'ttang2', 'leemiao1984', 'ruxandratonea17', 'nn00951', 'elisacrisci', 'afriasd', 'barrano247', 'lilshay1999.lr', 'tnguye22']"
97,104,11,17,7,"['brianyiyu5', 'ivy950222', 'junzhek', 'restep2', 'lianthony34', 'siyuan2', 'cychan3']",4,"['bfl16v1799', 'dcpang2', 'avw2', 'arulouie']",10,"['rakheja', 'yicongd2', 'lsun24', 'baohl2', 'ziangg2', 'ri3', 'shaloo', 'lanruiy2', 'nickvashkani', 'schen157']",21,"['yicongd2', 'ivy950222', 'brianyiyu5', 'lsun24', 'baohl2', 'ri3', 'avw2', 'restep2', 'lanruiy2', 'lianthony34', 'arulouie', 'cychan3', 'rakheja', 'ziangg2', 'junzhek', 'shaloo', 'bfl16v1799', 'dcpang2', 'siyuan2', 'nickvashkani', 'schen157']"
101,44,11,6,6,"['diptibidwai12340', 'hariprakash29695', 'praveensivakumar93', 'lokeshzen23', 'tarunisreem', 'sowmiyar']",5,"['gaurav_kgk', 'mohammedarif.h2019', 'sbrfitzmeyer', 'nainhardip', 'ignalb']",0,[],11,"['gaurav_kgk', 'mohammedarif.h2019', 'diptibidwai12340', 'sbrfitzmeyer', 'hariprakash29695', 'nainhardip', 'lokeshzen23', 'praveensivakumar93', 'tarunisreem', 'ignalb', 'sowmiyar']"
102,108,11,73,2,"['kkoradiy', 'peter496']",9,"['genrad', 'aminasian5', 'keillenlee', 'irinanazari', 'seungho0377', 'amandaleong', 'rosetta', 'lu500', 'dmg32c']",71,"['jmeneze', 'eheikens', 'bhartant', 'bmodel', 'satishbgowda', 'ford.l.piano.guitar', 'jo30', 'faltens', 'aavlani', 'fvora', 'vogel30', 'ncnweb_outreach1', 'alafzi', 'callahap', 'pnagrani', 'ununez', 'skarumur', 'savetian', 'yao201', 'sah1', 'paulmather', 'owen22', 'mademoiselle0812', 'ssaradhi', 'dbenham', 'abuganza', 'mfarnell', 'jpiazza', 'tan254', 'aidanc_purdue', 'patkip', 'li2736', 'jpdero2', 'ja37989', 'rojas23', 'ncnweb_outreach2', 'jstalba', 'matar', 'lowe52', 'gtribe', 'desai61', 'hu509', 'kulkar72', 'rnaon', 'dewey2', 'jverduzc', 'ericks23', 'sharm284', 'zprofio', 'wang4084', 'byant', 'anaon', 'shanks5', 'smit3159', 'ganeshm', 'reyno105', 'dfarache', 'lgreenle', 'deshpan3', 'askipwor', 'gchsong', 'mcclurez', 'conley39', 'osantang', 'jianwen97', 'kswiatk', 'titus9', 'petrosky', 'mtrivell', 'han602', 'jung248']",82,"['jmeneze', 'eheikens', 'bhartant', 'bmodel', 'satishbgowda', 'ford.l.piano.guitar', 'seungho0377', 'jo30', 'faltens', 'aavlani', 'fvora', 'vogel30', 'ncnweb_outreach1', 'alafzi', 'callahap', 'pnagrani', 'ununez', 'genrad', 'skarumur', 'savetian', 'yao201', 'irinanazari', 'sah1', 'paulmather', 'owen22', 'mademoiselle0812', 'ssaradhi', 'dbenham', 'abuganza', 'mfarnell', 'dmg32c', 'aminasian5', 'jpiazza', 'tan254', 'aidanc_purdue', 'patkip', 'li2736', 'jpdero2', 'ja37989', 'rojas23', 'ncnweb_outreach2', 'jstalba', 'matar', 'lowe52', 'gtribe', 'desai61', 'hu509', 'kulkar72', 'rnaon', 'dewey2', 'jverduzc', 'ericks23', 'kkoradiy', 'sharm284', 'zprofio', 'wang4084', 'byant', 'anaon', 'shanks5', 'smit3159', 'ganeshm', 'reyno105', 'dfarache', 'peter496', 'lgreenle', 'lu500', 'deshpan3', 'askipwor', 'gchsong', 'mcclurez', 'keillenlee', 'conley39', 'osantang', 'jianwen97', 'kswiatk', 'amandaleong', 'titus9', 'rosetta', 'petrosky', 'mtrivell', 'han602', 'jung248']"
102,109,11,7,5,"['aminasian5', 'genrad', 'keillenlee', 'irinanazari', 'amandaleong']",6,"['kkoradiy', 'seungho0377', 'peter496', 'rosetta', 'lu500', 'dmg32c']",2,"['chloeoconnor', 'taylormorris']",13,"['genrad', 'aminasian5', 'keillenlee', 'kkoradiy', 'irinanazari', 'taylormorris', 'seungho0377', 'amandaleong', 'peter496', 'rosetta', 'lu500', 'chloeoconnor', 'dmg32c']"
105,193,11,37,2,"['desbasj001', 'voltafruett']",9,"['ealruqob', 'rodolfopoloniandrietta', 'henriquetheodorsf.ht', 'v157460', 'nykri9', 't206043', 'well33488', 'lrm5060', 'a190710']",35,"['m222157', 'g169127', 'i217947', 'v207054', 'i199092', 'y225901', 'j123765', 'i175460', 'mathepionorio', 'odeiofeec', 'matheusgmmendonca', 'm175011', 'h174308', 'g172497', 'j199681', 'josehenriquerecio', 'heigon77', 'joaopedro', 'w188684', 'aaaaaaaa1', 'd169649', 'd169774', 'b167869', 'gabriel_dutra', 'igorp.lopes', 'frerappa', 'juliombb', 'oozakudesu', 'oozaku', 'joaoppagnan', 'mathbulhoes', 'thiagolim42', 'joe.stifler', 'diogoteles08', 'g172185']",46,"['m222157', 'g169127', 'i217947', 'v207054', 'i199092', 'y225901', 'j123765', 'i175460', 'lrm5060', 'mathepionorio', 'a190710', 'odeiofeec', 'rodolfopoloniandrietta', 'henriquetheodorsf.ht', 'matheusgmmendonca', 'm175011', 'h174308', 'g172497', 'j199681', 'josehenriquerecio', 'joaopedro', 'heigon77', 'voltafruett', 'w188684', 'ealruqob', 'aaaaaaaa1', 'v157460', 't206043', 'd169649', 'well33488', 'd169774', 'b167869', 'gabriel_dutra', 'igorp.lopes', 'desbasj001', 'frerappa', 'juliombb', 'nykri9', 'oozakudesu', 'oozaku', 'joaoppagnan', 'mathbulhoes', 'thiagolim42', 'joe.stifler', 'diogoteles08', 'g172185']"
105,194,11,24,2,"['rodolfopoloniandrietta', 'well33488']",9,"['ealruqob', 'desbasj001', 'henriquetheodorsf.ht', 'a190710', 'v157460', 'nykri9', 't206043', 'lrm5060', 'voltafruett']",22,"['g169127', 'm222059', 'christian.konishi', 'f171043', 'r204952', 'vmmartinez2811', 'a212269', 'c214570', 'w188684', 'matsano', 'l201332', 'cauan_newton', 'thiagoms', 'maronato', 'dominguilherme', 'r204993', 'pietro1704', 'juliombb', 'ppalves10', 'sciecode', 'palmirasara', 'v206586']",33,"['g169127', 'm222059', 'christian.konishi', 'f171043', 'lrm5060', 'r204952', 'a190710', 'rodolfopoloniandrietta', 'henriquetheodorsf.ht', 'vmmartinez2811', 'a212269', 'c214570', 'voltafruett', 'w188684', 'ealruqob', 'matsano', 'v157460', 'l201332', 't206043', 'cauan_newton', 'well33488', 'thiagoms', 'maronato', 'dominguilherme', 'r204993', 'desbasj001', 'pietro1704', 'juliombb', 'nykri9', 'ppalves10', 'sciecode', 'palmirasara', 'v206586']"
105,196,11,8,2,"['a190710', 't206043']",9,"['ealruqob', 'desbasj001', 'rodolfopoloniandrietta', 'henriquetheodorsf.ht', 'v157460', 'nykri9', 'well33488', 'lrm5060', 'voltafruett']",6,"['luizeduardoaraujozucchi', 'serodio', 'matheusgmmendonca', 'marcosdiaz', 'ramireguilherme', 'juangalvez']",17,"['ealruqob', 'v157460', 't206043', 'well33488', 'lrm5060', 'ramireguilherme', 'a190710', 'juangalvez', 'luizeduardoaraujozucchi', 'desbasj001', 'rodolfopoloniandrietta', 'henriquetheodorsf.ht', 'serodio', 'matheusgmmendonca', 'marcosdiaz', 'nykri9', 'voltafruett']"
109,180,10,9,9,"['ahiresumeet123', 'prathamesh903', 'rajharyan786', 'himanshusharma.47986', 'sejalsardal84', 'siddheshparab03', 'pankajdwaykar1999', 'ashwinjad41', 'omkarchalke21']",1,['dineshrsaple'],0,[],10,"['prathamesh903', 'rajharyan786', 'himanshusharma.47986', 'omkarchalke21', 'ahiresumeet123', 'sejalsardal84', 'dineshrsaple', 'siddheshparab03', 'ashwinjad41', 'pankajdwaykar1999']"
110,163,10,11,9,"['juanpabloramirezserrano2123', 'barbozaroger31', 'mariapaulavr', 'monseriver17', 'fabrizio.arias611', 'nicoler9712', 'mofdz', 'yes99iqi', 'vzamorap']",1,['seanryan'],2,"['carla.gomezquiros', 'pamemolinarivera']",12,"['barbozaroger31', 'mariapaulavr', 'monseriver17', 'carla.gomezquiros', 'nicoler9712', 'pamemolinarivera', 'juanpabloramirezserrano2123', 'seanryan', 'fabrizio.arias611', 'yes99iqi', 'mofdz', 'vzamorap']"
112,153,10,49,10,"['ebakretsbew', 'hannahwilen', 'mbelissary1', 'marianitaben', 'brendancheng97', 'horn1720', 'amartzz', 'kurisil00', 'nicemice77', 'angiechristinelei']",0,[],39,"['nightshadequeen', 'ak398', 'hah36', 'lae26', 'davidliu729', 'memelord123', 'shihenglu94', 'sanmitra.roni', 'luciamees2016', 'ashwinmahendra98', 'martincala', 'lindamanyenga', 'aaa504035787', 'hattan.abuzaid', 'jmedway614', 'faris.albarghouthi', 'awodell12', '108claire', 'divmalhotrawork', 'vagpan88', 'brianbosem', 'atm54', 'aarondfranklin', 'jonahhk', 'dl232', 'vivianqw', 'moarabi', 's4rahlim', 'brooke.z.keene', 'acanning24', 'allencao', 'joyqiaoyili', 'uzoigweamauche', 'blc29', 'ari_carri', 'enakshi', 'nano512', 'joanna.li', 'charlotteroh']",49,"['nightshadequeen', 'hannahwilen', 'ak398', 'hah36', 'horn1720', 'lae26', 'davidliu729', 'memelord123', 'shihenglu94', 'sanmitra.roni', 'luciamees2016', 'ashwinmahendra98', 'martincala', 'lindamanyenga', 'marianitaben', 'aaa504035787', 'hattan.abuzaid', 'kurisil00', 'jmedway614', 'faris.albarghouthi', 'awodell12', '108claire', 'divmalhotrawork', 'vagpan88', 'brianbosem', 'atm54', 'aarondfranklin', 'jonahhk', 'brendancheng97', 'dl232', 'amartzz', 'vivianqw', 'angiechristinelei', 'moarabi', 's4rahlim', 'brooke.z.keene', 'acanning24', 'ebakretsbew', 'allencao', 'joyqiaoyili', 'mbelissary1', 'uzoigweamauche', 'blc29', 'ari_carri', 'enakshi', 'nano512', 'joanna.li', 'nicemice77', 'charlotteroh']"
114,47,10,8,5,"['huda001995', 'riyad2015', 'wasanloay19', 'saja1987', 'kamilnada8']",5,"['kazma8338', 'alaa90mohammed', 'vikrambaka', 'monerawheed', 'wedd95eean']",3,"['mohamedalhamed86', 'aa469635295', 'ahmed424800']",13,"['huda001995', 'kazma8338', 'riyad2015', 'alaa90mohammed', 'mohamedalhamed86', 'aa469635295', 'wasanloay19', 'vikrambaka', 'saja1987', 'monerawheed', 'kamilnada8', 'wedd95eean', 'ahmed424800']"
118,141,10,14,2,"['preethiravisankar101', 'palattilhouse']",8,"['harishr3498', 'pranav_peter2050', 'jishadsaiju', 'withflamered', 'nishukamboj95', 'yilin00992', 'safiyahalotaibi', 'ggc37']",12,"['aparnanair2302', 'r.rahul2636', '3mayavismaya9710', 'sarathsathish78', 'ajaymr', 'sneha9192', 'kadarbhai', 'ancycrips123', 'bhadraanil9', 'kailasrj11', 'athulrajhere', 'krishna6023']",22,"['r.rahul2636', '3mayavismaya9710', 'ajaymr', 'palattilhouse', 'ancycrips123', 'jishadsaiju', 'yilin00992', 'nishukamboj95', 'kailasrj11', 'athulrajhere', 'krishna6023', 'harishr3498', 'aparnanair2302', 'sarathsathish78', 'sneha9192', 'kadarbhai', 'pranav_peter2050', 'withflamered', 'safiyahalotaibi', 'ggc37', 'bhadraanil9', 'preethiravisankar101']"
119,224,9,14,2,"['sctsid98', 'mohamadatifkhatib']",7,"['patilvaidehee98', 'dubey41r', 'ameypanchal1234', 'druvesh10', 'sujitpatankar442', 'omkarkelshikar30', 'kaustubh911']",12,"['anushka.kashyap', 'abhipaswan24', 'puniashyamsunder', 'aniketvalwe', 'snehalnayse1', 'sarvandiwakar', 'surajksharma7', 'sarveshsawant1212', 'arkumbhar1012', 'gauravtaral1', 'gauri.shukla', 'yuvraj.rp00099']",21,"['puniashyamsunder', 'abhipaswan24', 'dubey41r', 'snehalnayse1', 'sarvandiwakar', 'ameypanchal1234', 'druvesh10', 'gauri.shukla', 'sujitpatankar442', 'mohamadatifkhatib', 'yuvraj.rp00099', 'omkarkelshikar30', 'kaustubh911', 'patilvaidehee98', 'anushka.kashyap', 'sctsid98', 'aniketvalwe', 'surajksharma7', 'sarveshsawant1212', 'arkumbhar1012', 'gauravtaral1']"
119,228,9,6,1,['sctsid98'],8,"['patilvaidehee98', 'dubey41r', 'ameypanchal1234', 'druvesh10', 'sujitpatankar442', 'mohamadatifkhatib', 'omkarkelshikar30', 'kaustubh911']",5,"['rohankadam82455', 'parthsalunke', 'surajksharma7', 'rohitshinders1997', 'binsypinto']",14,"['rohankadam82455', 'patilvaidehee98', 'sctsid98', 'dubey41r', 'parthsalunke', 'surajksharma7', 'rohitshinders1997', 'ameypanchal1234', 'druvesh10', 'binsypinto', 'sujitpatankar442', 'mohamadatifkhatib', 'omkarkelshikar30', 'kaustubh911']"
120,166,9,10,8,"['dkeller', 'celestin.vallat', 'loreh', 'yoyo.righa', 'eddebbarhyoussef96', 'davidnigri', 'hbocquet', 'calamand']",1,['cfoucher'],2,"['hovadojede', 'derlet']",11,"['dkeller', 'hovadojede', 'eddebbarhyoussef96', 'davidnigri', 'hbocquet', 'celestin.vallat', 'derlet', 'loreh', 'yoyo.righa', 'calamand', 'cfoucher']"
121,161,9,8,5,"['sxk535', 'wqy5096', 'yxc5571', 'man5578', 'peng1998']",4,"['kxz5107', 'ejz5061', 'nick.litak', 'dmr5688']",3,"['lassejensen', 'jkb56', 'hvl5314']",12,"['lassejensen', 'sxk535', 'wqy5096', 'ejz5061', 'yxc5571', 'nick.litak', 'man5578', 'hvl5314', 'peng1998', 'jkb56', 'dmr5688', 'kxz5107']"
122,141,9,14,2,"['sarathsathish78', 'bhadraanil9']",7,"['anjanaajith1234', 'sanjothomas54', 'vrpadmakumar9526', 'dk10', 'gowri_bhagavathi', 'shreelakshmi1709', 'gouriglizzers98']",12,"['aparnanair2302', 'r.rahul2636', '3mayavismaya9710', 'ajaymr', 'sneha9192', 'palattilhouse', 'kadarbhai', 'ancycrips123', 'kailasrj11', 'athulrajhere', 'preethiravisankar101', 'krishna6023']",21,"['anjanaajith1234', 'dk10', 'r.rahul2636', '3mayavismaya9710', 'ajaymr', 'palattilhouse', 'ancycrips123', 'shreelakshmi1709', 'kailasrj11', 'athulrajhere', 'krishna6023', 'vrpadmakumar9526', 'sanjothomas54', 'aparnanair2302', 'gowri_bhagavathi', 'sarathsathish78', 'sneha9192', 'kadarbhai', 'bhadraanil9', 'gouriglizzers98', 'preethiravisankar101']"
122,142,9,9,6,"['anjanaajith1234', 'sanjothomas54', 'vrpadmakumar9526', 'gouriglizzers98', 'gowri_bhagavathi', 'shreelakshmi1709']",3,"['sarathsathish78', 'dk10', 'bhadraanil9']",3,"['nissie.mary.johnson', 'sukeshwins', 'ananthakrishnancv98']",12,"['anjanaajith1234', 'vrpadmakumar9526', 'gouriglizzers98', 'dk10', 'sanjothomas54', 'ananthakrishnancv98', 'gowri_bhagavathi', 'sarathsathish78', 'sukeshwins', 'bhadraanil9', 'shreelakshmi1709', 'nissie.mary.johnson']"
123,225,9,7,6,"['varunmalusare1997', 'akii1998', 'tandenick', 'abhijitsalve25', 'laleshkhairnar6896', 'vishalk1995']",3,"['trishakamble075', 'pradnyabodke886', 'micael.oliveira']",1,['anuellora'],10,"['varunmalusare1997', 'trishakamble075', 'anuellora', 'micael.oliveira', 'akii1998', 'tandenick', 'pradnyabodke886', 'abhijitsalve25', 'laleshkhairnar6896', 'vishalk1995']"
124,154,9,8,8,"['sinaeji', 'jbo20018', 'hyunseon', 'suhyeon', 'leehyunjin', 'hyunjin1550', 'gusckd8956', 'ymk670']",1,['amdes0703'],0,[],9,"['sinaeji', 'amdes0703', 'jbo20018', 'leehyunjin', 'suhyeon', 'hyunseon', 'hyunjin1550', 'gusckd8956', 'ymk670']"
125,186,9,19,3,"['cetolaj', 'rocioborroto', 'megahnb']",6,"['kendalhiatt1', 'tarrwalt', 'tristangainey', 'gabriel_chen', 'imiulescu', 'valma35']",16,"['mtanzi', 'mcdonald.josh', 'johnlanghout', 'sydneyhiggins', 'dbister', 'siyuezheng', 'nerwin', 'bobbimatheson', 'josephwilliams11', 'rachelgjohnson', 'ylanbdr', 'reyda', 'sportmonkey584', 'rricardo0324', 'anamichelena', 'dariushkim']",25,"['mtanzi', 'kendalhiatt1', 'mcdonald.josh', 'sydneyhiggins', 'dbister', 'siyuezheng', 'nerwin', 'bobbimatheson', 'tristangainey', 'reyda', 'ylanbdr', 'imiulescu', 'sportmonkey584', 'rricardo0324', 'anamichelena', 'rocioborroto', 'valma35', 'johnlanghout', 'cetolaj', 'rachelgjohnson', 'tarrwalt', 'josephwilliams11', 'gabriel_chen', 'dariushkim', 'megahnb']"
129,115,9,16,8,"['jvdoorn', 'bramstibbe', 'cce', 'bjornvanloon', 'marcovdp12', 'zarro110', 'jeroens', 'bernard.sohl']",1,['rekenmachine.coolio'],8,"['s06verhoeve', 'tomdaman', 'jibbereuver', 'mikewang004', 'lfeenstravii', 'sjors1000', 'woutg', 'wloeffler']",17,"['rekenmachine.coolio', 'bramstibbe', 'bjornvanloon', 'mikewang004', 'marcovdp12', 'zarro110', 'woutg', 'wloeffler', 's06verhoeve', 'jvdoorn', 'cce', 'tomdaman', 'jibbereuver', 'lfeenstravii', 'jeroens', 'sjors1000', 'bernard.sohl']"
130,100,9,34,9,"['csroberts95', 'aaalrasheed', 'qmduong0', 'ziqinghan', 'zjx80028003', 'shushujie', 'jchang96', 'kingforever10', 'maddala0312']",0,[],25,"['terenetwo', 'rajashreebhatta', 'anniz19', 'jariztoy', 'akampe', 'nigelcarcher1', 'cse2703', 'dbutts', 'mkoizumi', 'yuzhoula', 'yangliu0607', 'tzyk4707', 'manoj158aravind', 'sphu', 'chanyinshing', 'nigelcarcher', 'huynhkenny', 'etfusselman', 'kmei94', 'shivangag97', 'mjackson518', 'scc27', 'flymetothemoon', 'myless', 'jialunz']",34,"['terenetwo', 'aaalrasheed', 'qmduong0', 'anniz19', 'jariztoy', 'rajashreebhatta', 'akampe', 'zjx80028003', 'nigelcarcher1', 'shushujie', 'jchang96', 'cse2703', 'dbutts', 'mkoizumi', 'yuzhoula', 'yangliu0607', 'tzyk4707', 'manoj158aravind', 'sphu', 'chanyinshing', 'nigelcarcher', 'huynhkenny', 'ziqinghan', 'etfusselman', 'kmei94', 'shivangag97', 'kingforever10', 'csroberts95', 'mjackson518', 'scc27', 'flymetothemoon', 'jialunz', 'myless', 'maddala0312']"
130,241,9,19,9,"['csroberts95', 'aaalrasheed', 'qmduong0', 'ziqinghan', 'zjx80028003', 'shushujie', 'jchang96', 'kingforever10', 'maddala0312']",0,[],10,"['manoj158aravind', 'anniz19', 'jariztoy', 'kayleejin', 'kmei94', 'akampe', 'nigelcarcher1', 'flymetothemoon', 'zhangao9706', 'jialunz']",19,"['manoj158aravind', 'aaalrasheed', 'qmduong0', 'anniz19', 'jariztoy', 'kayleejin', 'ziqinghan', 'kmei94', 'akampe', 'zjx80028003', 'nigelcarcher1', 'shushujie', 'jchang96', 'kingforever10', 'zhangao9706', 'csroberts95', 'flymetothemoon', 'jialunz', 'maddala0312']"
130,99,9,7,4,"['zjx80028003', 'qmduong0', 'shushujie', 'jchang96']",5,"['csroberts95', 'aaalrasheed', 'ziqinghan', 'kingforever10', 'maddala0312']",3,"['etfusselman', 'anniz19', 'zhangao9706']",12,"['aaalrasheed', 'qmduong0', 'csroberts95', 'anniz19', 'ziqinghan', 'etfusselman', 'zhangao9706', 'zjx80028003', 'shushujie', 'jchang96', 'kingforever10', 'maddala0312']"
130,242,9,6,1,['kingforever10'],8,"['csroberts95', 'aaalrasheed', 'qmduong0', 'ziqinghan', 'zjx80028003', 'shushujie', 'jchang96', 'maddala0312']",5,"['tzyk4707', 'yangliu0607', 'theiawu', 'chanyinshing', 'jialunz']",14,"['tzyk4707', 'yangliu0607', 'aaalrasheed', 'qmduong0', 'csroberts95', 'theiawu', 'chanyinshing', 'ziqinghan', 'zjx80028003', 'shushujie', 'jchang96', 'jialunz', 'kingforever10', 'maddala0312']"
133,118,8,19,1,['nwegh'],7,"['xu1020', 'tmccoll', 'soni12', 'jmcnaugh', 'lowe77', 'pshashi', 'mathur30']",18,"['patel731', 'abosshar', 'lthursto', 'jmacatan', 'patel784', 'nwegh2017', 'jmickow', 'egarayev', 'cwidak', 'terry51', 'marito', 'vkolar', 'slillig', 'rroggema', 'hschennu', 'behrr', 'jonathanlimp87', 'engc']",26,"['patel731', 'abosshar', 'nwegh', 'xu1020', 'jmacatan', 'cwidak', 'soni12', 'terry51', 'vkolar', 'slillig', 'mathur30', 'hschennu', 'behrr', 'tmccoll', 'lthursto', 'patel784', 'nwegh2017', 'jmickow', 'egarayev', 'rroggema', 'marito', 'jmcnaugh', 'lowe77', 'jonathanlimp87', 'pshashi', 'engc']"
133,123,8,5,1,['xu1020'],7,"['nwegh', 'tmccoll', 'soni12', 'jmcnaugh', 'lowe77', 'pshashi', 'mathur30']",4,"['msargen', 'bgrandst', 'kgp22', 'stark22']",12,"['nwegh', 'bgrandst', 'xu1020', 'jmcnaugh', 'tmccoll', 'msargen', 'kgp22', 'soni12', 'stark22', 'mathur30', 'lowe77', 'pshashi']"
134,75,8,6,2,"['jeenraju', 'aryaps1998']",6,"['sfaraji', 'kashokbhatija', 'kwang49', 'gkerber', 'qpid1011', 'ananthan9398']",4,"['akhilachandran212', 'ancybmarshal97', 'aryalathikaramesh', 'bhavana298']",12,"['sfaraji', 'kashokbhatija', 'ancybmarshal97', 'aryaps1998', 'kwang49', 'bhavana298', 'akhilachandran212', 'aryalathikaramesh', 'gkerber', 'qpid1011', 'jeenraju', 'ananthan9398']"
136,205,8,270,7,"['hyerim100600', 'corozco', 'philg', 'zaubin42', 'sooooooy314', 'kendalhiatt', 'khfrum']",1,['angelina77'],263,"['thddpwls257', 'siyuezheng', 'emt2', 'beper53', 'adrianhochgesang', 'jrichman99', 'abal2474', 'xoangon', 'xogus102929', 'ghtlstnf7', 'itskatomall', 'danielcondetorres', 'koakhyunji', 'jesusgiraldez', 'lwang82', 'caetano.eirea', 'finnclements', 'clara.landesa', 'lukebidulka', 'latourem', 'jlkirk', 'htj1104', 'yougyeongo', 'dish1498', 'hayejord', 'sukjunyeo', 'danielm78', 'estalin', 'lhc33820933', 'nerwin', 'm0650104.ee06g', 'alskdjfh6161', 'anamichelena', 'josig2011', 'andreagcoto', 'coopjord', 'guillermocam', 'martinperezmaneiro', 'miguel_fernandez', 'u1201859', 'msubullies1', 'marniesan', 'mitchell.shields99', 'mmartinezsanchez', 'mis5660', 'ziyue2', 'ohh99o9', 'ophelie10', 'shabnashreej', 'xoanmayo', 'nshamsi', 'foojorge', 'zrm0001', 'doog9601', 'smdesrochers', 'taylordavis678', 'tpollei', 'ye02', 'cjsxodnd12', 'wjdekgus77', 'ekdms0894', 'naitix', 'sportmonkey584', 'cjs476', 'gekco', 'isaac.dominguez4444', 'e.pmcrespo', 'k66773659', 'giacomo.munari.1', 'pedro.julian', 'iflueck2', 'petercp2', 'dariushkim', 'aia00001', 'matthewdailey', 'byeolguri', 'mehdibandali', 'aanupam3', 'marcospascualin', 'qncowlf10', 'spazos', 'supernhtr', 'jasperdeconinck', 'cbnuleejinwoo', 'glevita2', 'toast', 'chohyundong12', 'josedamiangarcianoya', 'jeandavid', 'rohdej', 'gcxmoffice1994', 'ryuhoin2002', 'piri940511', 'ludovick', 'tnqls3409', 'giacomo.bego', 'rricardo0324', 'nakkulab', 'blake.ballou08', 'carlosvigo1997', 'cicalesej', 'sumintnals', 'jboniuk98', 'jdanivc', 'ardisch123', 'dangover94', 'navya.k.shastri', 'therahuul', 'rbb0001', '123whdxor', 'aloptor', 'sschneider874', 'kesu1234', 'jonathan.balent', 'lidiadom', 'junzed2', 'mattmattmerrill', 'logankraus', 'zlapvmf', 'sherwmit', 'bbatuhanbilecen', 'anstjd1542', 'anais3', 'mauro_sg', 'ana.rmteo', 'adp5383', 'bobbimatheson', 'alw0039', 'antonio25', 'tjtks4730', 'bha00001', 'jhryu1994', 'thomas.poulin', 'u0543041', 'antoramp', 'kyserch', 'lsj4677', 'rachelgjohnson', 'yoojeong9925', 'immmin6677', 'xfiles', 'tonni1912', 'hs960531', 'ybso1566', 'roychoudhuryaditya2019', 'samuelfl', 'ignaciomilani', 'aht47', 'uxiavelca', 'pablosande98', '5dustkd', 'jenniferperez1', 'n3b3x', 'suyoneee', 'chvk4161', 'dbeciri45', 'tristram', 'dorxlqmdkdlel', 'juanjoseo', 'francike', 'gonserr', 'macks', 'mcdonald.josh', 'nargene', 'franktib2', 'kirollos.morcos.km', 'yjn3492', 'ezsamsuntung', 'vandelei', 'exareivaj', 'bassel0elgharbawy0', 'u1285150', 'u0360918', 'manuel10suarez10', 'juho4523', 'dale7283', 'dldnals2020', 'mocha7411', 'wodnjssnsk12', 'jn12su27', 'hjshook', 'socrat', 'rygr8576', 'dmeyer1998', 'kunge0054', 'sabintandukar', 'dnlek12', 'mertyamanoglu', 'yassminsabry', 'alberto4', 'dbister', 'eogn1004', 'emilioar', 'b.isenberg', 'gipes', 'bsusol2', 'genius_p', 'ylanbdr', 'juansans98', 'parkface94', 'johnlanghout', 'georgeckchen', 'rachel.blaydes', 'jmy0002', 'matthewleemle2', 'leesk4869', 'nes1011', 'vetterd', 'cbo3', 'palzmq', 'giung0227', 'jaephago', 'jakubpepas', 'kepco2020a', 'reyda', 'qwerty0637', 'boody456366', 'ghobashy445', 'axelbelgarde', 'marshallfrye', 'raymondzhou227', 'foghel96', 'sgu20151463', 'eserafimbortolazzo', 'fofi94', 'graceml2', 'qumo4329', 'b.benson', 'mikesnure', 'hancheyn', 'jiaolh', 'rhrna007', 'student1000', 'tmdorsey', 'pichoncillo1', 'hyerim1006000', 'andrea.oldham97', 'mtanzi', 'cmoauro2', 'sallysong683', 'chzh1341', 'daniel.robin22', 'iagomillanentenza', 'dhkswk96', 'eunice98k', 'soddi1621', 'u1121281', 'jedelkind0117', 'anstpdlffj3', 'titanking231', 'bw02203', 'martinzapatamartinez', 'ganaaa12a', 'chdu6864', 'pablocl', 'yoonek6719', 'idargu90', 'qottkf6194', 'myez', 'hellbomber101', 'declanb', 'qkslqksl951', 'rsp79']",271,"['thddpwls257', 'siyuezheng', 'emt2', 'beper53', 'zaubin42', 'adrianhochgesang', 'jrichman99', 'abal2474', 'xoangon', 'xogus102929', 'ghtlstnf7', 'itskatomall', 'danielcondetorres', 'koakhyunji', 'jesusgiraldez', 'lwang82', 'caetano.eirea', 'finnclements', 'clara.landesa', 'lukebidulka', 'latourem', 'jlkirk', 'htj1104', 'yougyeongo', 'dish1498', 'hayejord', 'sukjunyeo', 'danielm78', 'estalin', 'lhc33820933', 'nerwin', 'm0650104.ee06g', 'alskdjfh6161', 'anamichelena', 'josig2011', 'andreagcoto', 'coopjord', 'guillermocam', 'martinperezmaneiro', 'miguel_fernandez', 'u1201859', 'msubullies1', 'marniesan', 'mitchell.shields99', 'mmartinezsanchez', 'mis5660', 'ziyue2', 'ohh99o9', 'ophelie10', 'shabnashreej', 'xoanmayo', 'nshamsi', 'angelina77', 'foojorge', 'zrm0001', 'doog9601', 'smdesrochers', 'taylordavis678', 'tpollei', 'ye02', 'cjsxodnd12', 'wjdekgus77', 'ekdms0894', 'naitix', 'sportmonkey584', 'kendalhiatt', 'cjs476', 'gekco', 'isaac.dominguez4444', 'e.pmcrespo', 'k66773659', 'giacomo.munari.1', 'pedro.julian', 'iflueck2', 'petercp2', 'dariushkim', 'aia00001', 'matthewdailey', 'hyerim100600', 'byeolguri', 'mehdibandali', 'aanupam3', 'marcospascualin', 'qncowlf10', 'spazos', 'supernhtr', 'jasperdeconinck', 'cbnuleejinwoo', 'glevita2', 'toast', 'chohyundong12', 'josedamiangarcianoya', 'jeandavid', 'rohdej', 'gcxmoffice1994', 'ryuhoin2002', 'piri940511', 'ludovick', 'tnqls3409', 'giacomo.bego', 'philg', 'rricardo0324', 'nakkulab', 'blake.ballou08', 'carlosvigo1997', 'cicalesej', 'sumintnals', 'jboniuk98', 'jdanivc', 'ardisch123', 'dangover94', 'navya.k.shastri', 'therahuul', 'rbb0001', '123whdxor', 'aloptor', 'sschneider874', 'kesu1234', 'jonathan.balent', 'lidiadom', 'junzed2', 'mattmattmerrill', 'logankraus', 'zlapvmf', 'sherwmit', 'bbatuhanbilecen', 'anstjd1542', 'anais3', 'mauro_sg', 'ana.rmteo', 'adp5383', 'bobbimatheson', 'alw0039', 'antonio25', 'tjtks4730', 'bha00001', 'jhryu1994', 'thomas.poulin', 'u0543041', 'antoramp', 'kyserch', 'lsj4677', 'rachelgjohnson', 'yoojeong9925', 'immmin6677', 'xfiles', 'tonni1912', 'hs960531', 'ybso1566', 'roychoudhuryaditya2019', 'samuelfl', 'ignaciomilani', 'aht47', 'uxiavelca', 'pablosande98', '5dustkd', 'jenniferperez1', 'n3b3x', 'suyoneee', 'chvk4161', 'dbeciri45', 'tristram', 'dorxlqmdkdlel', 'juanjoseo', 'francike', 'gonserr', 'macks', 'mcdonald.josh', 'nargene', 'franktib2', 'kirollos.morcos.km', 'yjn3492', 'ezsamsuntung', 'vandelei', 'exareivaj', 'bassel0elgharbawy0', 'u1285150', 'u0360918', 'manuel10suarez10', 'juho4523', 'dale7283', 'dldnals2020', 'mocha7411', 'wodnjssnsk12', 'jn12su27', 'hjshook', 'socrat', 'rygr8576', 'dmeyer1998', 'kunge0054', 'sabintandukar', 'dnlek12', 'mertyamanoglu', 'yassminsabry', 'alberto4', 'dbister', 'eogn1004', 'emilioar', 'b.isenberg', 'gipes', 'bsusol2', 'genius_p', 'ylanbdr', 'juansans98', 'parkface94', 'johnlanghout', 'georgeckchen', 'rachel.blaydes', 'jmy0002', 'matthewleemle2', 'leesk4869', 'nes1011', 'vetterd', 'cbo3', 'palzmq', 'giung0227', 'jaephago', 'jakubpepas', 'kepco2020a', 'reyda', 'qwerty0637', 'boody456366', 'ghobashy445', 'axelbelgarde', 'marshallfrye', 'raymondzhou227', 'foghel96', 'sgu20151463', 'eserafimbortolazzo', 'fofi94', 'graceml2', 'qumo4329', 'corozco', 'b.benson', 'mikesnure', 'hancheyn', 'sooooooy314', 'khfrum', 'jiaolh', 'rhrna007', 'student1000', 'tmdorsey', 'pichoncillo1', 'hyerim1006000', 'andrea.oldham97', 'mtanzi', 'cmoauro2', 'sallysong683', 'chzh1341', 'daniel.robin22', 'iagomillanentenza', 'dhkswk96', 'eunice98k', 'soddi1621', 'u1121281', 'jedelkind0117', 'anstpdlffj3', 'titanking231', 'bw02203', 'martinzapatamartinez', 'ganaaa12a', 'chdu6864', 'pablocl', 'yoonek6719', 'idargu90', 'qottkf6194', 'myez', 'hellbomber101', 'declanb', 'qkslqksl951', 'rsp79']"
136,190,8,42,1,['hyerim100600'],7,"['angelina77', 'corozco', 'philg', 'zaubin42', 'sooooooy314', 'kendalhiatt', 'khfrum']",41,"['mocha7411', 'wodnjssnsk12', 'jn12su27', 'thddpwls257', 'byeolguri', 'qowoans94', 'qncowlf10', 'kunge0054', 'xogus102929', 'dhkswk96', 'ghtlstnf7', 'koakhyunji', 'chvk4161', 'doog9601', 'zlapvmf', 'yougyeongo', 'anstjd1542', 'ye02', 'cjsxodnd12', 'wjdekgus77', 'ryuhoin2002', 'sukjunyeo', 'hj49500494', 'nargene', 'eogn1004', 'tnqls3409', 'bw02203', 'hs960531', 'yoonek6719', 'jhryu1994', 'yjn3492', 'josig2011', 'qottkf6194', 'lsj4677', 'k66773659', 'yoojeong9925', 'leesk4869', 'hyerim1006000', 'dldnals2020', 'ybso1566', 'giung0227']",49,"['mocha7411', 'wodnjssnsk12', 'jn12su27', 'thddpwls257', 'hyerim100600', 'byeolguri', 'zaubin42', 'qowoans94', 'qncowlf10', 'kunge0054', 'xogus102929', 'dhkswk96', 'ghtlstnf7', 'koakhyunji', 'angelina77', 'chvk4161', 'doog9601', 'zlapvmf', 'yougyeongo', 'anstjd1542', 'ye02', 'cjsxodnd12', 'wjdekgus77', 'ryuhoin2002', 'sukjunyeo', 'hj49500494', 'nargene', 'eogn1004', 'corozco', 'tnqls3409', 'bw02203', 'philg', 'sooooooy314', 'kendalhiatt', 'yoonek6719', 'jhryu1994', 'yjn3492', 'khfrum', 'josig2011', 'qottkf6194', 'lsj4677', 'k66773659', 'yoojeong9925', 'leesk4869', 'dldnals2020', 'hyerim1006000', 'hs960531', 'ybso1566', 'giung0227']"
138,41,8,6,2,"['vgi025', 'tobiko11']",6,"['heo999', 'niatra', 'vijisri5', 'benedettocrv', 'samtrino', 'michael2020']",4,"['paulschaffer', 'verena_sch', 'dgrafinger', 'anape']",12,"['heo999', 'niatra', 'anape', 'vijisri5', 'paulschaffer', 'dgrafinger', 'benedettocrv', 'verena_sch', 'samtrino', 'vgi025', 'michael2020', 'tobiko11']"
139,103,8,7,4,"['garrettstubbings', 'grantwlbr', 'newmank', 'rb588309']",4,"['zhxhao007', 'prasadsarang', 'abdullah1404', 'andreyz']",3,"['jenkinsabby', 'zhuqinxin0703', 'fkaadou']",11,"['jenkinsabby', 'zhxhao007', 'andreyz', 'rb588309', 'newmank', 'fkaadou', 'zhuqinxin0703', 'abdullah1404', 'garrettstubbings', 'grantwlbr', 'prasadsarang']"
142,205,8,270,7,"['parkface94', 'hellbomber101', 'raymondzhou227', 'logankraus', 'supernhtr', 'xfiles', 'ardisch123']",1,['ndaniel.baughman'],263,"['thddpwls257', 'siyuezheng', 'emt2', 'beper53', 'zaubin42', 'adrianhochgesang', 'jrichman99', 'abal2474', 'xoangon', 'xogus102929', 'ghtlstnf7', 'itskatomall', 'danielcondetorres', 'koakhyunji', 'jesusgiraldez', 'lwang82', 'caetano.eirea', 'finnclements', 'clara.landesa', 'lukebidulka', 'latourem', 'jlkirk', 'htj1104', 'yougyeongo', 'dish1498', 'hayejord', 'sukjunyeo', 'danielm78', 'estalin', 'lhc33820933', 'nerwin', 'm0650104.ee06g', 'alskdjfh6161', 'anamichelena', 'josig2011', 'andreagcoto', 'coopjord', 'guillermocam', 'martinperezmaneiro', 'miguel_fernandez', 'u1201859', 'msubullies1', 'marniesan', 'mitchell.shields99', 'mmartinezsanchez', 'mis5660', 'ziyue2', 'ohh99o9', 'ophelie10', 'shabnashreej', 'xoanmayo', 'nshamsi', 'foojorge', 'zrm0001', 'doog9601', 'smdesrochers', 'taylordavis678', 'tpollei', 'ye02', 'cjsxodnd12', 'wjdekgus77', 'ekdms0894', 'naitix', 'sportmonkey584', 'kendalhiatt', 'cjs476', 'gekco', 'isaac.dominguez4444', 'e.pmcrespo', 'k66773659', 'giacomo.munari.1', 'pedro.julian', 'iflueck2', 'petercp2', 'dariushkim', 'aia00001', 'matthewdailey', 'hyerim100600', 'byeolguri', 'mehdibandali', 'aanupam3', 'marcospascualin', 'qncowlf10', 'spazos', 'jasperdeconinck', 'cbnuleejinwoo', 'glevita2', 'toast', 'chohyundong12', 'josedamiangarcianoya', 'jeandavid', 'rohdej', 'gcxmoffice1994', 'ryuhoin2002', 'piri940511', 'ludovick', 'tnqls3409', 'giacomo.bego', 'philg', 'rricardo0324', 'nakkulab', 'blake.ballou08', 'carlosvigo1997', 'cicalesej', 'sumintnals', 'jboniuk98', 'jdanivc', 'dangover94', 'navya.k.shastri', 'therahuul', 'rbb0001', '123whdxor', 'aloptor', 'sschneider874', 'kesu1234', 'jonathan.balent', 'lidiadom', 'junzed2', 'mattmattmerrill', 'zlapvmf', 'sherwmit', 'bbatuhanbilecen', 'anstjd1542', 'anais3', 'mauro_sg', 'ana.rmteo', 'adp5383', 'bobbimatheson', 'alw0039', 'antonio25', 'tjtks4730', 'bha00001', 'jhryu1994', 'thomas.poulin', 'u0543041', 'antoramp', 'kyserch', 'lsj4677', 'rachelgjohnson', 'yoojeong9925', 'immmin6677', 'tonni1912', 'hs960531', 'ybso1566', 'roychoudhuryaditya2019', 'samuelfl', 'ignaciomilani', 'aht47', 'uxiavelca', 'pablosande98', '5dustkd', 'jenniferperez1', 'n3b3x', 'suyoneee', 'chvk4161', 'dbeciri45', 'tristram', 'dorxlqmdkdlel', 'juanjoseo', 'francike', 'gonserr', 'macks', 'mcdonald.josh', 'nargene', 'franktib2', 'kirollos.morcos.km', 'yjn3492', 'ezsamsuntung', 'vandelei', 'exareivaj', 'bassel0elgharbawy0', 'u1285150', 'u0360918', 'manuel10suarez10', 'juho4523', 'dale7283', 'dldnals2020', 'mocha7411', 'wodnjssnsk12', 'jn12su27', 'hjshook', 'socrat', 'rygr8576', 'dmeyer1998', 'kunge0054', 'sabintandukar', 'dnlek12', 'mertyamanoglu', 'yassminsabry', 'alberto4', 'dbister', 'eogn1004', 'emilioar', 'b.isenberg', 'gipes', 'bsusol2', 'genius_p', 'ylanbdr', 'juansans98', 'johnlanghout', 'georgeckchen', 'rachel.blaydes', 'jmy0002', 'matthewleemle2', 'leesk4869', 'nes1011', 'vetterd', 'cbo3', 'palzmq', 'giung0227', 'jaephago', 'jakubpepas', 'kepco2020a', 'reyda', 'qwerty0637', 'boody456366', 'ghobashy445', 'axelbelgarde', 'marshallfrye', 'foghel96', 'sgu20151463', 'eserafimbortolazzo', 'fofi94', 'graceml2', 'qumo4329', 'corozco', 'b.benson', 'mikesnure', 'hancheyn', 'sooooooy314', 'khfrum', 'jiaolh', 'rhrna007', 'student1000', 'tmdorsey', 'pichoncillo1', 'hyerim1006000', 'andrea.oldham97', 'mtanzi', 'cmoauro2', 'sallysong683', 'chzh1341', 'daniel.robin22', 'iagomillanentenza', 'dhkswk96', 'eunice98k', 'soddi1621', 'u1121281', 'jedelkind0117', 'anstpdlffj3', 'titanking231', 'bw02203', 'martinzapatamartinez', 'ganaaa12a', 'chdu6864', 'pablocl', 'yoonek6719', 'idargu90', 'qottkf6194', 'myez', 'declanb', 'qkslqksl951', 'rsp79']",271,"['thddpwls257', 'siyuezheng', 'emt2', 'beper53', 'zaubin42', 'adrianhochgesang', 'jrichman99', 'abal2474', 'xoangon', 'xogus102929', 'ghtlstnf7', 'itskatomall', 'danielcondetorres', 'koakhyunji', 'jesusgiraldez', 'lwang82', 'caetano.eirea', 'finnclements', 'clara.landesa', 'lukebidulka', 'latourem', 'jlkirk', 'htj1104', 'yougyeongo', 'dish1498', 'hayejord', 'sukjunyeo', 'danielm78', 'estalin', 'lhc33820933', 'nerwin', 'm0650104.ee06g', 'alskdjfh6161', 'anamichelena', 'josig2011', 'andreagcoto', 'coopjord', 'guillermocam', 'martinperezmaneiro', 'miguel_fernandez', 'u1201859', 'msubullies1', 'marniesan', 'mitchell.shields99', 'mmartinezsanchez', 'mis5660', 'ziyue2', 'ohh99o9', 'ophelie10', 'shabnashreej', 'xoanmayo', 'nshamsi', 'foojorge', 'zrm0001', 'doog9601', 'smdesrochers', 'taylordavis678', 'tpollei', 'ye02', 'cjsxodnd12', 'wjdekgus77', 'ekdms0894', 'naitix', 'sportmonkey584', 'kendalhiatt', 'cjs476', 'gekco', 'isaac.dominguez4444', 'e.pmcrespo', 'k66773659', 'giacomo.munari.1', 'pedro.julian', 'iflueck2', 'petercp2', 'dariushkim', 'aia00001', 'matthewdailey', 'hyerim100600', 'byeolguri', 'mehdibandali', 'aanupam3', 'marcospascualin', 'qncowlf10', 'supernhtr', 'spazos', 'jasperdeconinck', 'cbnuleejinwoo', 'glevita2', 'toast', 'chohyundong12', 'josedamiangarcianoya', 'jeandavid', 'rohdej', 'gcxmoffice1994', 'ryuhoin2002', 'piri940511', 'ludovick', 'tnqls3409', 'giacomo.bego', 'philg', 'rricardo0324', 'nakkulab', 'blake.ballou08', 'carlosvigo1997', 'cicalesej', 'sumintnals', 'jboniuk98', 'ardisch123', 'jdanivc', 'dangover94', 'navya.k.shastri', 'therahuul', 'rbb0001', '123whdxor', 'aloptor', 'sschneider874', 'kesu1234', 'jonathan.balent', 'lidiadom', 'junzed2', 'mattmattmerrill', 'logankraus', 'zlapvmf', 'sherwmit', 'bbatuhanbilecen', 'ndaniel.baughman', 'anstjd1542', 'anais3', 'mauro_sg', 'ana.rmteo', 'adp5383', 'bobbimatheson', 'alw0039', 'antonio25', 'tjtks4730', 'bha00001', 'jhryu1994', 'thomas.poulin', 'u0543041', 'antoramp', 'kyserch', 'lsj4677', 'rachelgjohnson', 'yoojeong9925', 'immmin6677', 'xfiles', 'tonni1912', 'hs960531', 'ybso1566', 'roychoudhuryaditya2019', 'samuelfl', 'ignaciomilani', 'aht47', 'uxiavelca', 'pablosande98', '5dustkd', 'jenniferperez1', 'n3b3x', 'suyoneee', 'chvk4161', 'dbeciri45', 'tristram', 'dorxlqmdkdlel', 'juanjoseo', 'francike', 'gonserr', 'macks', 'mcdonald.josh', 'nargene', 'franktib2', 'kirollos.morcos.km', 'yjn3492', 'ezsamsuntung', 'vandelei', 'exareivaj', 'bassel0elgharbawy0', 'u1285150', 'u0360918', 'manuel10suarez10', 'juho4523', 'dale7283', 'dldnals2020', 'mocha7411', 'wodnjssnsk12', 'jn12su27', 'hjshook', 'socrat', 'rygr8576', 'dmeyer1998', 'kunge0054', 'sabintandukar', 'dnlek12', 'mertyamanoglu', 'yassminsabry', 'alberto4', 'dbister', 'eogn1004', 'emilioar', 'b.isenberg', 'gipes', 'bsusol2', 'genius_p', 'ylanbdr', 'juansans98', 'parkface94', 'johnlanghout', 'georgeckchen', 'rachel.blaydes', 'jmy0002', 'matthewleemle2', 'leesk4869', 'nes1011', 'vetterd', 'cbo3', 'palzmq', 'giung0227', 'jaephago', 'jakubpepas', 'kepco2020a', 'reyda', 'qwerty0637', 'boody456366', 'ghobashy445', 'axelbelgarde', 'marshallfrye', 'raymondzhou227', 'foghel96', 'sgu20151463', 'eserafimbortolazzo', 'fofi94', 'graceml2', 'qumo4329', 'corozco', 'b.benson', 'mikesnure', 'hancheyn', 'sooooooy314', 'khfrum', 'jiaolh', 'rhrna007', 'student1000', 'tmdorsey', 'pichoncillo1', 'hyerim1006000', 'andrea.oldham97', 'mtanzi', 'cmoauro2', 'sallysong683', 'chzh1341', 'daniel.robin22', 'iagomillanentenza', 'dhkswk96', 'eunice98k', 'soddi1621', 'u1121281', 'jedelkind0117', 'anstpdlffj3', 'titanking231', 'bw02203', 'martinzapatamartinez', 'ganaaa12a', 'chdu6864', 'pablocl', 'yoonek6719', 'idargu90', 'qottkf6194', 'myez', 'hellbomber101', 'declanb', 'qkslqksl951', 'rsp79']"
144,122,7,5,1,['wen88'],6,"['anna.collins97', 'sail', 'ni45', 'zooks99', 'mjokar', 'jfleish']",4,"['li2709', 'yao201', 'iyengar1', 'chen2122']",11,"['anna.collins97', 'sail', 'li2709', 'yao201', 'ni45', 'zooks99', 'mjokar', 'wen88', 'iyengar1', 'jfleish', 'chen2122']"
146,146,7,8,7,"['miljenko599', 'mislavnebl', 'jzrinjski34', 'marin95', 'mruza', 'tvisnic', 'grgur.palle']",0,[],1,['goranka'],8,"['goranka', 'miljenko599', 'mislavnebl', 'jzrinjski34', 'marin95', 'mruza', 'tvisnic', 'grgur.palle']"
147,115,7,16,7,"['s06verhoeve', 'tomdaman', 'jibbereuver', 'mikewang004', 'lfeenstravii', 'sjors1000', 'woutg']",0,[],9,"['jvdoorn', 'bramstibbe', 'cce', 'bjornvanloon', 'bernard.sohl', 'marcovdp12', 'zarro110', 'wloeffler', 'jeroens']",16,"['bramstibbe', 'bjornvanloon', 'mikewang004', 'marcovdp12', 'zarro110', 'woutg', 'wloeffler', 's06verhoeve', 'jvdoorn', 'cce', 'tomdaman', 'jibbereuver', 'bernard.sohl', 'lfeenstravii', 'sjors1000', 'jeroens']"
147,113,7,9,7,"['s06verhoeve', 'tomdaman', 'jibbereuver', 'mikewang004', 'lfeenstravii', 'sjors1000', 'woutg']",0,[],2,"['wloeffler', 'nshamsi']",9,"['mikewang004', 'woutg', 'wloeffler', 's06verhoeve', 'nshamsi', 'tomdaman', 'jibbereuver', 'lfeenstravii', 'sjors1000']"
148,61,7,39,7,"['newzilpatel3113', 'newzil3113', 'wrp1997', 'anumula3preetham', '1994.vishaksunil', 'jeong2', 'yzw994']",0,[],32,"['hvmistry', 'revakdemir', 'jiaqiwang1', 'akashm1', 'jagabattula1996', 'rajeshwaripatil1018', 'newzilpatel', 'nitantrajesh', 'mjamal1', 'yujiewang', 'dro3', 'aakashkonda', 'purveebhatia', 'jingbinzhao', 'arojiwadia', 'espinosa4', 'yang19900513', 'adilahsan', 'jianlilu', 'adarshj', 'snagaraj1', 'patil2', 'runyul', 'panumula', 'zheweny', 'revakd16', 'prajwal3', 'rahulgahlot', 'locusgurungsanjib', 'rai1', 'sanjibg', 'syam98']",39,"['newzilpatel3113', 'hvmistry', 'revakdemir', 'wrp1997', 'jiaqiwang1', '1994.vishaksunil', 'akashm1', 'jagabattula1996', 'rajeshwaripatil1018', 'newzilpatel', 'nitantrajesh', 'mjamal1', 'yujiewang', 'dro3', 'aakashkonda', 'purveebhatia', 'yzw994', 'jingbinzhao', 'arojiwadia', 'espinosa4', 'yang19900513', 'adilahsan', 'jianlilu', 'adarshj', 'snagaraj1', 'anumula3preetham', 'patil2', 'runyul', 'panumula', 'zheweny', 'revakd16', 'prajwal3', 'newzil3113', 'rahulgahlot', 'locusgurungsanjib', 'rai1', 'sanjibg', 'syam98', 'jeong2']"
154,159,7,33,7,"['julzha', 'bahodges', 'saway', 'etconley', 'jwokim', 'birdboy', 'saffrondon']",0,[],26,"['zhc12208', 'dlyday', 'jgee99', 'smsandee', 'jayden', 'ghart', 'aaorozco', 'eason888', 'zyj', 'kli0323', 'godguo', 'kphendra', 'dhuang70', 'cwbraga1', 'jzj701', 'esuwandi', 'raltovar', 'hleon16', 'sg630', 'mikhilk', 'aelagoc', 'suzannas', 'nshuman', 'npcalarc', 'jrmurana', 'ajtenorio']",33,"['julzha', 'zhc12208', 'dlyday', 'jgee99', 'etconley', 'smsandee', 'jayden', 'ghart', 'jwokim', 'aaorozco', 'eason888', 'zyj', 'kli0323', 'godguo', 'kphendra', 'dhuang70', 'cwbraga1', 'jzj701', 'saffrondon', 'esuwandi', 'raltovar', 'hleon16', 'bahodges', 'sg630', 'saway', 'mikhilk', 'aelagoc', 'suzannas', 'birdboy', 'nshuman', 'npcalarc', 'jrmurana', 'ajtenorio']"
159,133,7,6,6,"['alba.ribam', 'eric.krameri', 'paudelgado16', 'nanohub333', 'aribenimeli', 'sergivalero99']",1,['lydiaa'],0,[],7,"['lydiaa', 'alba.ribam', 'eric.krameri', 'paudelgado16', 'nanohub333', 'aribenimeli', 'sergivalero99']"
160,137,7,6,4,"['elizaweta.rozhina', 'tomilov.yurok', 'marina1999', 'arslanovkirillvi']",3,"['andrey_borisikhin', 'f4rr9l', 'aldiyar']",2,"['stardust.crusader1999', 'operative.ac']",9,"['stardust.crusader1999', 'elizaweta.rozhina', 'operative.ac', 'marina1999', 'f4rr9l', 'aldiyar', 'tomilov.yurok', 'andrey_borisikhin', 'arslanovkirillvi']"
168,131,6,22,1,['devilbattles99'],5,"['daryoushna', 'timuragal98', 'gorgge233', 'sgu20141429', 'friedrich_liu']",21,"['josecarlo', 'muntsasales', 'pau.asensio', 'rjansa125', 'marcalblasco', 'paula.maynou', 'aleixespada', 'julia.partal', 'quimii1', 'rutxi8', 'isaacexma', 'mrm24', 'paz.aragon', 'evadelalamofillat9', 'paulamaynou', 'aniol.vellvehi', 'andreeaioana.kapas', 'roberto.fagotto', 'ritagrimalt11', 'delmoral1999', 'xavier.x1000']",27,"['daryoushna', 'paulamaynou', 'josecarlo', 'aniol.vellvehi', 'timuragal98', 'muntsasales', 'pau.asensio', 'marcalblasco', 'rjansa125', 'paula.maynou', 'aleixespada', 'andreeaioana.kapas', 'julia.partal', 'devilbattles99', 'quimii1', 'roberto.fagotto', 'ritagrimalt11', 'rutxi8', 'isaacexma', 'delmoral1999', 'mrm24', 'paz.aragon', 'gorgge233', 'sgu20141429', 'evadelalamofillat9', 'xavier.x1000', 'friedrich_liu']"
170,162,6,8,6,"['xl006011', 'joshwilkinson0', 'will1499', 'hnnhalmu', 'adamshepp', 'alexbrown2']",0,[],2,"['angrysaz', 'misty07abc']",8,"['xl006011', 'angrysaz', 'adamshepp', 'will1499', 'joshwilkinson0', 'misty07abc', 'hnnhalmu', 'alexbrown2']"
171,129,6,33,1,['narendarr34'],5,"['mike.hogsed', 'siu854474938', 'yousef.alansari', 'streetlight313', 'cpm3521']",32,"['adithyavardhan', 'ee18btech11044', 'vlnreddy', 'kalyanidp123', 'emani', 'ee18btech11048', 'hrithikraj5', 'shaik123', 'mehar', 'ee18btech11026', 'shreshta126', 'ee18btech11041', 'ee18btech11020', 'aayushgoyal27', 'ee17btech11001', 'tejaswini_anagani', 'nagandlaravalika6', 'saivarshatedla', 'mounika.banothu2', 'ee18btech11021', 'pkrutikmehta', 'ee17btech11010', 'pi_stark', 'cheruu', 'ee18btech11034', 'berisowjanya205', 'rakesh1231', 'ee18btech11016', 'ee18btech11004', 'tprashanth180', 'aashrith', 'sathwikchaitanya']",38,"['adithyavardhan', 'ee18btech11044', 'siu854474938', 'vlnreddy', 'kalyanidp123', 'emani', 'ee18btech11048', 'hrithikraj5', 'shaik123', 'narendarr34', 'mehar', 'ee18btech11026', 'shreshta126', 'ee18btech11041', 'ee18btech11020', 'aayushgoyal27', 'ee17btech11001', 'streetlight313', 'cpm3521', 'tejaswini_anagani', 'nagandlaravalika6', 'saivarshatedla', 'mounika.banothu2', 'mike.hogsed', 'ee18btech11021', 'pkrutikmehta', 'ee17btech11010', 'pi_stark', 'cheruu', 'ee18btech11034', 'berisowjanya205', 'rakesh1231', 'yousef.alansari', 'ee18btech11016', 'ee18btech11004', 'tprashanth180', 'aashrith', 'sathwikchaitanya']"
176,70,6,23,4,"['dmmr2617', 'victormanuelleru', 'jd.parada', 'snowartz7']",2,"['felipevasquez_1998', 'gonzaloemr18']",19,"['s.leonaviles152915', 'sergio.gomez', 'kevingonzalez', 'lgamba56', 'gf.gonzalez', 'sebastianmolano1708', 'jpcdecolombia', 'alizarazo1204', 'ss728', 'cesar310', 'mafetatr', 'martindanielrm15', 'dmartinezcu', 'sebuchaspinzon', 'karlafernanda2524', 'juan.yate.alcala', 'jchavezmass', 'danielalejandro133', 'jaimesariasmjose']",25,"['dmmr2617', 'cesar310', 's.leonaviles152915', 'mafetatr', 'snowartz7', 'gonzaloemr18', 'martindanielrm15', 'sergio.gomez', 'dmartinezcu', 'kevingonzalez', 'lgamba56', 'sebuchaspinzon', 'karlafernanda2524', 'felipevasquez_1998', 'gf.gonzalez', 'sebastianmolano1708', 'jpcdecolombia', 'alizarazo1204', 'ss728', 'juan.yate.alcala', 'jchavezmass', 'danielalejandro133', 'victormanuelleru', 'jd.parada', 'jaimesariasmjose']"
178,151,6,5,2,"['suyueyua', 'tingyuya']",4,"['lambropoulos', 'cameronframpton', 'jamesmorris', 'gavincgl']",3,"['liu396', 'xiaoyu11', 'aryan']",9,"['liu396', 'lambropoulos', 'cameronframpton', 'aryan', 'xiaoyu11', 'jamesmorris', 'suyueyua', 'tingyuya', 'gavincgl']"
182,140,6,7,3,"['jubilyvreji', 'sheethugopal1998', 'ushamadhu963']",3,"['lakshaychandna179', 'prabithaprasad14', 'ravi.ggoel']",4,"['nissie.mary.johnson', 'sreeparvathisharikumar', 'shincy6', '3mayavismaya9710']",10,"['jubilyvreji', 'sheethugopal1998', 'shincy6', '3mayavismaya9710', 'ushamadhu963', 'prabithaprasad14', 'sreeparvathisharikumar', 'lakshaychandna179', 'nissie.mary.johnson', 'ravi.ggoel']"
185,108,6,73,4,"['rnaon', 'gchsong', 'satishbgowda', 'conley39']",2,"['arci.bryan', 'hunt136']",69,"['jmeneze', 'eheikens', 'bhartant', 'bmodel', 'ford.l.piano.guitar', 'jo30', 'faltens', 'aavlani', 'fvora', 'vogel30', 'ncnweb_outreach1', 'alafzi', 'callahap', 'pnagrani', 'ununez', 'skarumur', 'savetian', 'yao201', 'sah1', 'paulmather', 'owen22', 'mademoiselle0812', 'ssaradhi', 'dbenham', 'abuganza', 'mfarnell', 'jpiazza', 'tan254', 'aidanc_purdue', 'patkip', 'li2736', 'jpdero2', 'ja37989', 'rojas23', 'ncnweb_outreach2', 'jstalba', 'matar', 'lowe52', 'gtribe', 'desai61', 'hu509', 'kulkar72', 'dewey2', 'jverduzc', 'ericks23', 'kkoradiy', 'sharm284', 'zprofio', 'wang4084', 'byant', 'anaon', 'shanks5', 'smit3159', 'ganeshm', 'reyno105', 'dfarache', 'peter496', 'lgreenle', 'deshpan3', 'askipwor', 'mcclurez', 'osantang', 'jianwen97', 'kswiatk', 'titus9', 'petrosky', 'mtrivell', 'han602', 'jung248']",75,"['jmeneze', 'eheikens', 'satishbgowda', 'bhartant', 'bmodel', 'ford.l.piano.guitar', 'jo30', 'faltens', 'aavlani', 'fvora', 'vogel30', 'ncnweb_outreach1', 'alafzi', 'callahap', 'pnagrani', 'ununez', 'arci.bryan', 'skarumur', 'savetian', 'yao201', 'sah1', 'paulmather', 'owen22', 'mademoiselle0812', 'ssaradhi', 'dbenham', 'abuganza', 'mfarnell', 'jpiazza', 'tan254', 'aidanc_purdue', 'patkip', 'li2736', 'jpdero2', 'ja37989', 'rojas23', 'ncnweb_outreach2', 'jstalba', 'hunt136', 'matar', 'lowe52', 'gtribe', 'desai61', 'hu509', 'kulkar72', 'rnaon', 'dewey2', 'jverduzc', 'ericks23', 'kkoradiy', 'sharm284', 'zprofio', 'wang4084', 'byant', 'anaon', 'shanks5', 'smit3159', 'ganeshm', 'reyno105', 'dfarache', 'peter496', 'lgreenle', 'deshpan3', 'askipwor', 'gchsong', 'mcclurez', 'conley39', 'osantang', 'jianwen97', 'kswiatk', 'titus9', 'petrosky', 'mtrivell', 'han602', 'jung248']"
186,211,6,51,5,"['fosbackta17', 'andrew2016', 'manolisc23', 'izumi98077', 'rileymccarthy27']",1,['hovt29'],46,"['rbb0001', 'hjshook', 'nicaponti', 'npd54', 'i217947', 'aht47', 'fredysanchez2', 'ziyue2', 'daglis', 'r204952', 'mvp55', 'lwang82', 'mattmattmerrill', 'finnclements', 'ganassinandrea', 'thalesrogerio', 'a212269', 'judgeofduty', 'macks', 'hrilina12', 'ecegeekece', 'emilioar', 'alw0039', 'ganaaa12a', 'mikesnure', 'anaya.g2623', 'mbatra310', 'tflong71', 'profjanser', 'd169774', 'michael.breeding31', 'cjs476', 'blake.ballou08', 'fedeenav', 'sjl328', 'rburkins1', 'pedro.julian', 'oozaku', 'e.sdavidm', 'jte55', 'v206586', 'petercp2', 'jboniuk98', 'roychoudhuryaditya2019', 'aia00001', 'rsp79']",52,"['rbb0001', 'hjshook', 'nicaponti', 'npd54', 'i217947', 'aht47', 'fredysanchez2', 'ziyue2', 'daglis', 'r204952', 'rileymccarthy27', 'mvp55', 'lwang82', 'andrew2016', 'mattmattmerrill', 'finnclements', 'ganassinandrea', 'thalesrogerio', 'a212269', 'judgeofduty', 'fosbackta17', 'macks', 'hrilina12', 'ecegeekece', 'emilioar', 'alw0039', 'ganaaa12a', 'mikesnure', 'anaya.g2623', 'hovt29', 'mbatra310', 'tflong71', 'profjanser', 'd169774', 'michael.breeding31', 'cjs476', 'izumi98077', 'blake.ballou08', 'fedeenav', 'sjl328', 'rburkins1', 'manolisc23', 'pedro.julian', 'oozaku', 'e.sdavidm', 'jte55', 'v206586', 'petercp2', 'jboniuk98', 'roychoudhuryaditya2019', 'aia00001', 'rsp79']"
186,191,6,5,5,"['fosbackta17', 'andrew2016', 'manolisc23', 'izumi98077', 'rileymccarthy27']",1,['hovt29'],0,[],6,"['fosbackta17', 'andrew2016', 'manolisc23', 'hovt29', 'izumi98077', 'rileymccarthy27']"
187,205,6,270,6,"['n3b3x', 'chzh1341', 'chdu6864', 'dale7283', 'kesu1234', 'abal2474']",0,[],264,"['thddpwls257', 'siyuezheng', 'emt2', 'beper53', 'zaubin42', 'adrianhochgesang', 'jrichman99', 'xoangon', 'xogus102929', 'ghtlstnf7', 'itskatomall', 'danielcondetorres', 'koakhyunji', 'jesusgiraldez', 'lwang82', 'caetano.eirea', 'finnclements', 'clara.landesa', 'lukebidulka', 'latourem', 'jlkirk', 'htj1104', 'yougyeongo', 'dish1498', 'hayejord', 'sukjunyeo', 'danielm78', 'estalin', 'lhc33820933', 'nerwin', 'm0650104.ee06g', 'alskdjfh6161', 'anamichelena', 'josig2011', 'andreagcoto', 'coopjord', 'guillermocam', 'martinperezmaneiro', 'miguel_fernandez', 'u1201859', 'msubullies1', 'marniesan', 'mitchell.shields99', 'mmartinezsanchez', 'mis5660', 'ziyue2', 'ohh99o9', 'ophelie10', 'shabnashreej', 'xoanmayo', 'nshamsi', 'foojorge', 'zrm0001', 'doog9601', 'smdesrochers', 'taylordavis678', 'tpollei', 'ye02', 'cjsxodnd12', 'wjdekgus77', 'ekdms0894', 'naitix', 'sportmonkey584', 'kendalhiatt', 'cjs476', 'gekco', 'isaac.dominguez4444', 'e.pmcrespo', 'k66773659', 'giacomo.munari.1', 'pedro.julian', 'iflueck2', 'petercp2', 'dariushkim', 'aia00001', 'matthewdailey', 'hyerim100600', 'byeolguri', 'mehdibandali', 'aanupam3', 'marcospascualin', 'qncowlf10', 'spazos', 'supernhtr', 'jasperdeconinck', 'cbnuleejinwoo', 'glevita2', 'toast', 'chohyundong12', 'josedamiangarcianoya', 'jeandavid', 'rohdej', 'gcxmoffice1994', 'ryuhoin2002', 'piri940511', 'ludovick', 'tnqls3409', 'giacomo.bego', 'philg', 'rricardo0324', 'nakkulab', 'blake.ballou08', 'carlosvigo1997', 'cicalesej', 'sumintnals', 'jboniuk98', 'jdanivc', 'ardisch123', 'dangover94', 'navya.k.shastri', 'therahuul', 'rbb0001', '123whdxor', 'aloptor', 'sschneider874', 'jonathan.balent', 'lidiadom', 'junzed2', 'mattmattmerrill', 'logankraus', 'zlapvmf', 'sherwmit', 'bbatuhanbilecen', 'anstjd1542', 'anais3', 'mauro_sg', 'ana.rmteo', 'adp5383', 'bobbimatheson', 'alw0039', 'antonio25', 'tjtks4730', 'bha00001', 'jhryu1994', 'thomas.poulin', 'u0543041', 'antoramp', 'kyserch', 'lsj4677', 'rachelgjohnson', 'yoojeong9925', 'immmin6677', 'xfiles', 'tonni1912', 'hs960531', 'ybso1566', 'roychoudhuryaditya2019', 'samuelfl', 'ignaciomilani', 'aht47', 'uxiavelca', 'pablosande98', '5dustkd', 'jenniferperez1', 'suyoneee', 'chvk4161', 'dbeciri45', 'tristram', 'dorxlqmdkdlel', 'juanjoseo', 'francike', 'gonserr', 'macks', 'mcdonald.josh', 'nargene', 'franktib2', 'kirollos.morcos.km', 'yjn3492', 'ezsamsuntung', 'vandelei', 'exareivaj', 'bassel0elgharbawy0', 'u1285150', 'u0360918', 'manuel10suarez10', 'juho4523', 'dldnals2020', 'mocha7411', 'wodnjssnsk12', 'jn12su27', 'hjshook', 'socrat', 'rygr8576', 'dmeyer1998', 'kunge0054', 'sabintandukar', 'dnlek12', 'mertyamanoglu', 'yassminsabry', 'alberto4', 'dbister', 'eogn1004', 'emilioar', 'b.isenberg', 'gipes', 'bsusol2', 'genius_p', 'ylanbdr', 'juansans98', 'parkface94', 'johnlanghout', 'georgeckchen', 'rachel.blaydes', 'jmy0002', 'matthewleemle2', 'leesk4869', 'nes1011', 'vetterd', 'cbo3', 'palzmq', 'giung0227', 'jaephago', 'jakubpepas', 'kepco2020a', 'reyda', 'qwerty0637', 'boody456366', 'ghobashy445', 'axelbelgarde', 'marshallfrye', 'raymondzhou227', 'foghel96', 'sgu20151463', 'eserafimbortolazzo', 'fofi94', 'graceml2', 'qumo4329', 'corozco', 'b.benson', 'mikesnure', 'hancheyn', 'sooooooy314', 'khfrum', 'jiaolh', 'rhrna007', 'student1000', 'tmdorsey', 'pichoncillo1', 'hyerim1006000', 'andrea.oldham97', 'mtanzi', 'cmoauro2', 'sallysong683', 'daniel.robin22', 'iagomillanentenza', 'dhkswk96', 'eunice98k', 'soddi1621', 'u1121281', 'jedelkind0117', 'anstpdlffj3', 'titanking231', 'bw02203', 'martinzapatamartinez', 'ganaaa12a', 'pablocl', 'yoonek6719', 'idargu90', 'qottkf6194', 'myez', 'hellbomber101', 'declanb', 'qkslqksl951', 'rsp79']",270,"['thddpwls257', 'siyuezheng', 'emt2', 'beper53', 'zaubin42', 'adrianhochgesang', 'jrichman99', 'abal2474', 'xoangon', 'xogus102929', 'ghtlstnf7', 'itskatomall', 'danielcondetorres', 'koakhyunji', 'jesusgiraldez', 'lwang82', 'caetano.eirea', 'finnclements', 'clara.landesa', 'lukebidulka', 'latourem', 'jlkirk', 'htj1104', 'yougyeongo', 'dish1498', 'hayejord', 'sukjunyeo', 'danielm78', 'estalin', 'lhc33820933', 'nerwin', 'm0650104.ee06g', 'alskdjfh6161', 'anamichelena', 'josig2011', 'andreagcoto', 'coopjord', 'guillermocam', 'martinperezmaneiro', 'miguel_fernandez', 'u1201859', 'msubullies1', 'marniesan', 'mitchell.shields99', 'mmartinezsanchez', 'mis5660', 'ziyue2', 'ohh99o9', 'ophelie10', 'shabnashreej', 'xoanmayo', 'nshamsi', 'foojorge', 'zrm0001', 'doog9601', 'smdesrochers', 'taylordavis678', 'tpollei', 'ye02', 'cjsxodnd12', 'wjdekgus77', 'ekdms0894', 'naitix', 'sportmonkey584', 'kendalhiatt', 'cjs476', 'gekco', 'isaac.dominguez4444', 'e.pmcrespo', 'k66773659', 'giacomo.munari.1', 'pedro.julian', 'iflueck2', 'petercp2', 'dariushkim', 'aia00001', 'matthewdailey', 'hyerim100600', 'byeolguri', 'mehdibandali', 'aanupam3', 'marcospascualin', 'qncowlf10', 'spazos', 'supernhtr', 'jasperdeconinck', 'cbnuleejinwoo', 'glevita2', 'toast', 'chohyundong12', 'josedamiangarcianoya', 'jeandavid', 'rohdej', 'gcxmoffice1994', 'ryuhoin2002', 'piri940511', 'ludovick', 'tnqls3409', 'giacomo.bego', 'philg', 'rricardo0324', 'nakkulab', 'blake.ballou08', 'carlosvigo1997', 'cicalesej', 'sumintnals', 'jboniuk98', 'jdanivc', 'ardisch123', 'dangover94', 'navya.k.shastri', 'therahuul', 'rbb0001', '123whdxor', 'aloptor', 'kesu1234', 'sschneider874', 'jonathan.balent', 'lidiadom', 'junzed2', 'mattmattmerrill', 'logankraus', 'zlapvmf', 'sherwmit', 'bbatuhanbilecen', 'anstjd1542', 'anais3', 'mauro_sg', 'ana.rmteo', 'adp5383', 'bobbimatheson', 'alw0039', 'antonio25', 'tjtks4730', 'bha00001', 'jhryu1994', 'thomas.poulin', 'u0543041', 'antoramp', 'kyserch', 'lsj4677', 'rachelgjohnson', 'yoojeong9925', 'immmin6677', 'xfiles', 'tonni1912', 'hs960531', 'ybso1566', 'roychoudhuryaditya2019', 'samuelfl', 'ignaciomilani', 'aht47', 'uxiavelca', 'pablosande98', '5dustkd', 'jenniferperez1', 'n3b3x', 'suyoneee', 'chvk4161', 'dbeciri45', 'tristram', 'dorxlqmdkdlel', 'juanjoseo', 'francike', 'gonserr', 'macks', 'mcdonald.josh', 'nargene', 'franktib2', 'kirollos.morcos.km', 'yjn3492', 'ezsamsuntung', 'vandelei', 'exareivaj', 'bassel0elgharbawy0', 'u1285150', 'u0360918', 'manuel10suarez10', 'dale7283', 'juho4523', 'dldnals2020', 'mocha7411', 'wodnjssnsk12', 'jn12su27', 'hjshook', 'socrat', 'rygr8576', 'dmeyer1998', 'kunge0054', 'sabintandukar', 'dnlek12', 'mertyamanoglu', 'yassminsabry', 'alberto4', 'dbister', 'eogn1004', 'emilioar', 'b.isenberg', 'gipes', 'bsusol2', 'genius_p', 'ylanbdr', 'juansans98', 'parkface94', 'johnlanghout', 'georgeckchen', 'rachel.blaydes', 'jmy0002', 'matthewleemle2', 'leesk4869', 'nes1011', 'vetterd', 'cbo3', 'palzmq', 'giung0227', 'jaephago', 'jakubpepas', 'kepco2020a', 'reyda', 'qwerty0637', 'boody456366', 'ghobashy445', 'axelbelgarde', 'marshallfrye', 'raymondzhou227', 'foghel96', 'sgu20151463', 'eserafimbortolazzo', 'fofi94', 'graceml2', 'qumo4329', 'corozco', 'b.benson', 'mikesnure', 'hancheyn', 'sooooooy314', 'khfrum', 'jiaolh', 'rhrna007', 'student1000', 'tmdorsey', 'pichoncillo1', 'hyerim1006000', 'andrea.oldham97', 'mtanzi', 'cmoauro2', 'sallysong683', 'chzh1341', 'daniel.robin22', 'iagomillanentenza', 'dhkswk96', 'eunice98k', 'soddi1621', 'u1121281', 'jedelkind0117', 'anstpdlffj3', 'titanking231', 'bw02203', 'martinzapatamartinez', 'ganaaa12a', 'chdu6864', 'pablocl', 'yoonek6719', 'idargu90', 'qottkf6194', 'myez', 'hellbomber101', 'declanb', 'qkslqksl951', 'rsp79']"
187,16,6,10,6,"['n3b3x', 'chzh1341', 'chdu6864', 'dale7283', 'kesu1234', 'abal2474']",0,[],4,"['chwi7664', 'dish1498', 'qumo4329', 'elmu6301']",10,"['chwi7664', 'qumo4329', 'chzh1341', 'chdu6864', 'kesu1234', 'abal2474', 'n3b3x', 'elmu6301', 'dale7283', 'dish1498']"
191,129,6,33,5,"['ee18btech11026', 'shreshta126', 'ee17btech11010', 'hrithikraj5', 'emani']",1,['deep2903'],28,"['adithyavardhan', 'ee18btech11044', 'vlnreddy', 'kalyanidp123', 'ee18btech11048', 'shaik123', 'mehar', 'narendarr34', 'ee18btech11041', 'ee18btech11020', 'aayushgoyal27', 'ee17btech11001', 'tejaswini_anagani', 'nagandlaravalika6', 'saivarshatedla', 'mounika.banothu2', 'ee18btech11021', 'pkrutikmehta', 'pi_stark', 'cheruu', 'ee18btech11034', 'berisowjanya205', 'rakesh1231', 'ee18btech11016', 'ee18btech11004', 'tprashanth180', 'aashrith', 'sathwikchaitanya']",34,"['adithyavardhan', 'ee18btech11044', 'deep2903', 'vlnreddy', 'emani', 'kalyanidp123', 'ee18btech11048', 'hrithikraj5', 'shaik123', 'mehar', 'narendarr34', 'ee18btech11026', 'shreshta126', 'ee18btech11041', 'ee18btech11020', 'aayushgoyal27', 'ee17btech11001', 'tejaswini_anagani', 'nagandlaravalika6', 'saivarshatedla', 'mounika.banothu2', 'ee18btech11021', 'pkrutikmehta', 'ee17btech11010', 'pi_stark', 'cheruu', 'ee18btech11034', 'berisowjanya205', 'rakesh1231', 'ee18btech11016', 'ee18btech11004', 'tprashanth180', 'aashrith', 'sathwikchaitanya']"
192,110,6,10,1,['sritapaswi2007'],5,"['huang670', 'ganti', 'pkolis', 'uditrawat469', 'kabdelaz']",9,"['jiang402', 'bageesey', 'markleightonfisher', 'hsvalladares88', 'cmousoul', 'ho141', 'harbinz', 'cedrichan', 'llosadar']",15,"['jiang402', 'markleightonfisher', 'hsvalladares88', 'pkolis', 'harbinz', 'uditrawat469', 'llosadar', 'huang670', 'ganti', 'sritapaswi2007', 'bageesey', 'cmousoul', 'ho141', 'cedrichan', 'kabdelaz']"
195,62,6,13,2,"['brunodigeronimo', 'andrea00']",4,"['erikzupa6', 'into88msl', 'gchiduza', 'chloekeller3']",11,"['mariardzsoe', 'paulezcano7', 'mariarodriguezst13', 'aslopez17', 'anaye', 'monipetrilli', 'lola7110', 'gemmaarce', 'carlaposada', 'rodrigogp', 'moonnni__']",17,"['mariardzsoe', 'aslopez17', 'brunodigeronimo', 'gemmaarce', 'moonnni__', 'gchiduza', 'paulezcano7', 'mariarodriguezst13', 'andrea00', 'anaye', 'monipetrilli', 'lola7110', 'into88msl', 'chloekeller3', 'carlaposada', 'erikzupa6', 'rodrigogp']"
196,62,6,13,4,"['aslopez17', 'anaye', 'monipetrilli', 'lola7110']",2,"['tretyacv', 'pilarbc123']",9,"['mariardzsoe', 'paulezcano7', 'mariarodriguezst13', 'brunodigeronimo', 'andrea00', 'gemmaarce', 'carlaposada', 'rodrigogp', 'moonnni__']",15,"['mariardzsoe', 'aslopez17', 'tretyacv', 'brunodigeronimo', 'gemmaarce', 'pilarbc123', 'moonnni__', 'paulezcano7', 'mariarodriguezst13', 'andrea00', 'anaye', 'monipetrilli', 'lola7110', 'carlaposada', 'rodrigogp']"
198,141,6,14,1,['ancycrips123'],5,"['abdo.mahran_96', 'hisham98', 'abdelrahman96', 'shehab162519', 'rash.jadhav']",13,"['aparnanair2302', 'r.rahul2636', '3mayavismaya9710', 'sarathsathish78', 'ajaymr', 'sneha9192', 'palattilhouse', 'kadarbhai', 'bhadraanil9', 'kailasrj11', 'athulrajhere', 'preethiravisankar101', 'krishna6023']",19,"['abdo.mahran_96', 'r.rahul2636', '3mayavismaya9710', 'ajaymr', 'palattilhouse', 'ancycrips123', 'kailasrj11', 'athulrajhere', 'shehab162519', 'krishna6023', 'aparnanair2302', 'sarathsathish78', 'hisham98', 'sneha9192', 'kadarbhai', 'abdelrahman96', 'bhadraanil9', 'preethiravisankar101', 'rash.jadhav']"
202,29,5,8,1,['elena_lopez'],4,"['konstantinannenkov', 'karina_ght_', 'marina7', 'nhoup']",7,"['dariogarred', 'pmvd95', 'darkrising', 'ejg98', 'emilioar', 'julioug1', 'miguellopezcardenas98']",12,"['dariogarred', 'darkrising', 'pmvd95', 'ejg98', 'emilioar', 'elena_lopez', 'julioug1', 'nhoup', 'marina7', 'konstantinannenkov', 'miguellopezcardenas98', 'karina_ght_']"
202,33,5,8,1,['elena_lopez'],4,"['konstantinannenkov', 'karina_ght_', 'marina7', 'nhoup']",7,"['dariogarred', 'darkrising', 'ejg98', 'emilioar', 'alexsanchezcast', 'julioug1', 'plmolina4']",12,"['dariogarred', 'darkrising', 'ejg98', 'emilioar', 'elena_lopez', 'nhoup', 'plmolina4', 'alexsanchezcast', 'marina7', 'konstantinannenkov', 'julioug1', 'karina_ght_']"
202,13,5,7,1,['elena_lopez'],4,"['konstantinannenkov', 'karina_ght_', 'marina7', 'nhoup']",6,"['dariogarred', 'marinabm', 'emilioar', 'julioug1', 'elena.j.g', 'miguellopezcardenas98']",11,"['dariogarred', 'marinabm', 'emilioar', 'elena_lopez', 'julioug1', 'nhoup', 'marina7', 'elena.j.g', 'konstantinannenkov', 'miguellopezcardenas98', 'karina_ght_']"
202,25,5,7,1,['konstantinannenkov'],4,"['elena_lopez', 'karina_ght_', 'marina7', 'nhoup']",6,"['liza290820', 'markov_n', 'ivanovdenis568', 'waldemar.bereznikov', 'evgeny11', 'lordipsi']",11,"['liza290820', 'elena_lopez', 'nhoup', 'markov_n', 'ivanovdenis568', 'marina7', 'waldemar.bereznikov', 'konstantinannenkov', 'evgeny11', 'karina_ght_', 'lordipsi']"
202,32,5,7,1,['konstantinannenkov'],4,"['elena_lopez', 'karina_ght_', 'marina7', 'nhoup']",6,"['roman345', 'vladimirgolubchikov', 'markov_n', 'ivanovdenis568', 'waldemar.bereznikov', 'lordipsi']",11,"['roman345', 'elena_lopez', 'vladimirgolubchikov', 'nhoup', 'markov_n', 'ivanovdenis568', 'marina7', 'waldemar.bereznikov', 'konstantinannenkov', 'karina_ght_', 'lordipsi']"
203,36,5,10,4,"['stewa311', 'ng104', 'mstrade', 'park1131']",1,['subramap'],6,"['mscheker', 'novak43', 'chiu35', 'mmorefie', 'bartosz.stoppel', 'calder25']",11,"['mscheker', 'subramap', 'mstrade', 'park1131', 'novak43', 'chiu35', 'mmorefie', 'ng104', 'stewa311', 'bartosz.stoppel', 'calder25']"
204,116,5,13,4,"['eddiehong', 'zw2583', 'qf2143', 'yol']",1,['aurban'],9,"['asiv21', 'qw2318', 'aab2243', 'vipul2310', 'voh2105', 'wq940411', 'hh2811', 'vipulmann2310', 'xinhao']",14,"['eddiehong', 'asiv21', 'qw2318', 'aab2243', 'vipul2310', 'voh2105', 'hh2811', 'aurban', 'vipulmann2310', 'xinhao', 'qf2143', 'zw2583', 'wq940411', 'yol']"
206,1,5,6,4,"['ukolov.dmitriy2804', 'makthaverskan', 'alex97w97', 'ibelikov980q']",1,['baron492'],2,"['pmorozova41', 'daniilanikanov21']",7,"['makthaverskan', 'ibelikov980q', 'baron492', 'daniilanikanov21', 'ukolov.dmitriy2804', 'pmorozova41', 'alex97w97']"
208,119,5,13,1,['mdroege'],4,"['saminaayanifard', 'nnauman', 'bstegma', 'geiger15']",12,"['hill399', 'hsmoke', 'adamdmiller17', 'kozelr', 'zfrank64', 'epiergal', 'sgrzych', 'verma52', 'harri670', 'amoravec', 'dmassow', 'tdarmon20']",17,"['hill399', 'hsmoke', 'kozelr', 'bstegma', 'epiergal', 'verma52', 'amoravec', 'dmassow', 'nnauman', 'mdroege', 'adamdmiller17', 'zfrank64', 'saminaayanifard', 'sgrzych', 'harri670', 'tdarmon20', 'geiger15']"
208,121,5,5,1,['bstegma'],4,"['saminaayanifard', 'mdroege', 'geiger15', 'nnauman']",4,"['mmshank16', 'bowman96', 'kinserc', 'gleasonb']",9,"['mdroege', 'saminaayanifard', 'mmshank16', 'bowman96', 'bstegma', 'kinserc', 'gleasonb', 'nnauman', 'geiger15']"
214,217,5,8,5,"['kwon91559152', 'hwijun1011', 'ycy990912', 'junyub0804', 'jjyy826']",0,[],3,"['sjm3944', 'wodbs5658', 'kimyumin']",8,"['kwon91559152', 'wodbs5658', 'hwijun1011', 'ycy990912', 'junyub0804', 'kimyumin', 'sjm3944', 'jjyy826']"
215,101,5,9,4,"['liorv', 'nadavrubin123', 'shon95', 'hadasidoku']",1,['leebinyamin94'],5,"['eden356876', 'barak.achkenazi', 'hd2584', 'pazanani', 'omerisrael']",10,"['eden356876', 'leebinyamin94', 'hd2584', 'barak.achkenazi', 'pazanani', 'nadavrubin123', 'omerisrael', 'liorv', 'shon95', 'hadasidoku']"
218,226,5,10,5,"['rahul.nirban', 'shivani.kshirsagar', 'ajinkya.mujumdar', 'unnit.dedhia', 'davkhardheeraj2230']",0,[],5,"['abhipaswan24', 'nutandongare01', 'arkumbhar1012', 'ruchirasa123', 'truptikhairnar77']",10,"['rahul.nirban', 'abhipaswan24', 'shivani.kshirsagar', 'nutandongare01', 'ajinkya.mujumdar', 'arkumbhar1012', 'ruchirasa123', 'unnit.dedhia', 'davkhardheeraj2230', 'truptikhairnar77']"
220,181,5,7,5,"['khijarzuhair', 'prathameshpatankar303', 'vishalbmx07', 'shashank24', 'vaishnavi.pataki']",0,[],2,"['sangleshrikant98', 'prashantdesale10']",7,"['khijarzuhair', 'prathameshpatankar303', 'shashank24', 'vishalbmx07', 'sangleshrikant98', 'vaishnavi.pataki', 'prashantdesale10']"
222,73,5,7,4,"['kimwalker', 'fisherhr', 'casonpa', 'dalott']",1,['mardakani'],3,"['omoussa', 'zahra.sadeghizadeh', 'suleimanalsweiss']",8,"['omoussa', 'fisherhr', 'casonpa', 'dalott', 'suleimanalsweiss', 'zahra.sadeghizadeh', 'kimwalker', 'mardakani']"
224,224,5,14,4,"['sarveshsawant1212', 'anushka.kashyap', 'yuvraj.rp00099', 'gauri.shukla']",1,['swapnilshelatkar09'],10,"['puniashyamsunder', 'abhipaswan24', 'sctsid98', 'aniketvalwe', 'snehalnayse1', 'sarvandiwakar', 'surajksharma7', 'arkumbhar1012', 'gauravtaral1', 'mohamadatifkhatib']",15,"['puniashyamsunder', 'abhipaswan24', 'snehalnayse1', 'sarvandiwakar', 'swapnilshelatkar09', 'gauri.shukla', 'yuvraj.rp00099', 'mohamadatifkhatib', 'anushka.kashyap', 'sctsid98', 'aniketvalwe', 'surajksharma7', 'sarveshsawant1212', 'arkumbhar1012', 'gauravtaral1']"
225,166,5,10,2,"['hovadojede', 'derlet']",3,"['mehdi530', 'akashssmenon', 'kanying1984']",8,"['dkeller', 'celestin.vallat', 'loreh', 'yoyo.righa', 'eddebbarhyoussef96', 'davidnigri', 'hbocquet', 'calamand']",13,"['mehdi530', 'dkeller', 'akashssmenon', 'celestin.vallat', 'hovadojede', 'derlet', 'loreh', 'yoyo.righa', 'eddebbarhyoussef96', 'davidnigri', 'hbocquet', 'calamand', 'kanying1984']"
226,24,5,8,3,"['jtpaquet', 'jean00491', 'remi.caron90']",2,"['max1028d', 'antoinegf1997']",5,"['franktib2', 'ophelie10', 'jeandavid', 'thomas.poulin', 'anais3']",10,"['remi.caron90', 'antoinegf1997', 'franktib2', 'ophelie10', 'jtpaquet', 'jeandavid', 'max1028d', 'thomas.poulin', 'anais3', 'jean00491']"
226,7,5,7,1,['max1028d'],4,"['jtpaquet', 'antoinegf1997', 'jean00491', 'remi.caron90']",6,"['watashi.legion', 'atilyacez', 'gbatzorig268', 'delegbayanmunkh9', 'ochirhuyag', 'tsogooanurad']",11,"['watashi.legion', 'atilyacez', 'remi.caron90', 'gbatzorig268', 'antoinegf1997', 'delegbayanmunkh9', 'jtpaquet', 'ochirhuyag', 'tsogooanurad', 'max1028d', 'jean00491']"
227,66,5,225,4,"['jess24', 'lowe77.purdue', 'justindcambridge', 'zhan2846']",1,['lizlaskowski'],221,"['dunca108', 'abosshar', 'deshmukp', 'msargen', 'jaloi', 'natoli0', 'malhamm', 'slillig', 'freyg', 'awoodwa', 'klipiszk', 'hschennu', 'winstontinople', 'amcgoff', 'tglavan', 'dangratz99', 'smit3184', 'psmading', 'lthursto', 'suixiong8', 'lrigsbee', 'jone1573', 'xu1085', 'rdrager', 'peter514', 'marito', 'kbebris', 'choi333', 'mart1380', 'jeigenbr', 'jlorah', 'patel731', 'engc', 'ecave', 'cblackm', 'mfess', 'zubik', 'nkhuu', 'lswentor', 'yao201', 'hopkin43', 'terry51', 'amoravec', 'smit3177', 'agrillo', 'xose.amo', 'akapko', 'rathi4', 'wertzm', 'chao26', 'zfrank64', 'hillej', 'patel784', 'sgrzych', 'gnishibu', 'ceckste', 'adams410', 'rweedon', 'flore170', 'bwitchie', 'yang1865', 'layyar', 'tdarmon20', 'sedgerto', 'abora', 'davidsml', 'anniebreidinger', 'thornt21', 'xul9044', 'baile261', 'daviskahmann', 'gcesar', 'chiang56', 'abreidin', 'wonhyukdo', 'bgrandst', 'lauerc', 'dewittl', 'wade59', 'efeldman', 'dleoni', 'bernarm', 's1p6a1r8a', 'ghosh36', 'racroth35', 'schuman1', 'jfitzhu', 'cregers', 'konerua', 'colewilloughby1125', 'hsmoke', 'jo46', 'allnic21', 'mart1180', 'tpownell', 'mheighwa', 'verma52', 'gezbbl7', 'mohdshah', 'pickera', 'iczajkow', 'li3604', 'cvasq69', 'stewa238', 'ewilhite', 'adamdmiller17', 'brewer66', 'ltopliff', 'richtern', 'kinserc', 'awennin', 'nwegh2017', 'ander754', 'kiefern', 'glevine', 'nfei', 'ericshen628', 'rroggema', 'koverley', 'redmanr', 'nnoraziz', 'bamorim', 'cmenden', 'shethm', 'lregalad', 'mcginn1', 'cwidak', 'siu2', 'cheeseballs99', 'ghais', 'girouxm', 'ccurto', 'ashwarts', 'white559', 'boyle49', 'smit3458', 'rhinesj', 'woo49', 'stark22', 'cibrahim', 'jvanben', 'aaprelik', 'aperitor', 'bullock8', 'uuraechu', 'pattiya2002', 'qpitter', 'gct246', 'kozelr', 'george92', 'ltoy', 'ftangpoo', 'davidrgowan', 'nhuntine', 'jhulsize', 'hall363', 'jin376', 'wang3138', 'jmickow', 'ttayeb', 'cho372', 'zhao988', 'dlarocco', 'bcasler', 'singer15', 'edreifue', 'gupta393', 'kmotwan', 'msulaima', 'lmackin', 'hill399', 'dixon82', 'cccyyj720', 'apanuga', 'choyc', 'abano', 'bkeel', 'hgrover', 'vkolar', 'chen2122', 'dmassow', 'lawrencr', 'goodma27', 'kzeligso', 'mart1391', 'mtbarrette01', 'liu2512', 'dragoneye', 'gleasonb', 'saboa', 'pcase', 'iyengar1', 'harri670', 'etitheyeti98', 'moore763', 'schro118', 'butzz', 'gao499', 'tnoor', 'bowman96', 'jmacatan', 'ithakor', 'sanjivdamodaran', 'rumplem', 'ali113', 'lm45000', 'peck28', 'abhalcha', 'bcaffert', 'mmohdzai', 'deane1', 'mmshank16', 'li2722', 'lee2614', 'ellis99', 'wisler0', 'mann78', 'eloewe', 'mtrivell', 'roj', 'akick']",226,"['dunca108', 'abosshar', 'lowe77.purdue', 'deshmukp', 'msargen', 'jaloi', 'natoli0', 'malhamm', 'slillig', 'freyg', 'awoodwa', 'klipiszk', 'hschennu', 'winstontinople', 'amcgoff', 'tglavan', 'dangratz99', 'smit3184', 'psmading', 'lthursto', 'suixiong8', 'lrigsbee', 'jone1573', 'xu1085', 'rdrager', 'peter514', 'jess24', 'marito', 'kbebris', 'choi333', 'mart1380', 'jeigenbr', 'jlorah', 'patel731', 'engc', 'ecave', 'cblackm', 'mfess', 'zubik', 'nkhuu', 'lswentor', 'yao201', 'hopkin43', 'terry51', 'amoravec', 'smit3177', 'agrillo', 'xose.amo', 'akapko', 'rathi4', 'wertzm', 'chao26', 'justindcambridge', 'zfrank64', 'hillej', 'patel784', 'sgrzych', 'gnishibu', 'ceckste', 'adams410', 'rweedon', 'flore170', 'bwitchie', 'yang1865', 'layyar', 'tdarmon20', 'sedgerto', 'abora', 'davidsml', 'anniebreidinger', 'thornt21', 'xul9044', 'baile261', 'daviskahmann', 'gcesar', 'chiang56', 'abreidin', 'wonhyukdo', 'bgrandst', 'lauerc', 'dewittl', 'wade59', 'efeldman', 'dleoni', 'bernarm', 's1p6a1r8a', 'ghosh36', 'racroth35', 'schuman1', 'jfitzhu', 'cregers', 'konerua', 'colewilloughby1125', 'hsmoke', 'jo46', 'allnic21', 'mart1180', 'tpownell', 'mheighwa', 'verma52', 'gezbbl7', 'mohdshah', 'pickera', 'iczajkow', 'li3604', 'cvasq69', 'stewa238', 'ewilhite', 'adamdmiller17', 'brewer66', 'ltopliff', 'richtern', 'kinserc', 'awennin', 'nwegh2017', 'ander754', 'kiefern', 'glevine', 'nfei', 'ericshen628', 'rroggema', 'koverley', 'redmanr', 'nnoraziz', 'bamorim', 'cmenden', 'shethm', 'lregalad', 'mcginn1', 'cwidak', 'siu2', 'cheeseballs99', 'ghais', 'girouxm', 'ccurto', 'ashwarts', 'white559', 'boyle49', 'smit3458', 'rhinesj', 'woo49', 'stark22', 'cibrahim', 'jvanben', 'aaprelik', 'aperitor', 'bullock8', 'uuraechu', 'pattiya2002', 'qpitter', 'gct246', 'kozelr', 'george92', 'ltoy', 'ftangpoo', 'davidrgowan', 'nhuntine', 'jhulsize', 'hall363', 'jin376', 'wang3138', 'jmickow', 'ttayeb', 'cho372', 'zhao988', 'dlarocco', 'bcasler', 'singer15', 'edreifue', 'gupta393', 'kmotwan', 'msulaima', 'lmackin', 'hill399', 'dixon82', 'cccyyj720', 'apanuga', 'choyc', 'abano', 'bkeel', 'hgrover', 'vkolar', 'chen2122', 'dmassow', 'lizlaskowski', 'lawrencr', 'goodma27', 'kzeligso', 'mart1391', 'mtbarrette01', 'liu2512', 'dragoneye', 'gleasonb', 'saboa', 'pcase', 'iyengar1', 'harri670', 'etitheyeti98', 'moore763', 'schro118', 'butzz', 'gao499', 'tnoor', 'bowman96', 'jmacatan', 'ithakor', 'sanjivdamodaran', 'rumplem', 'ali113', 'lm45000', 'peck28', 'abhalcha', 'bcaffert', 'mmohdzai', 'deane1', 'mmshank16', 'li2722', 'lee2614', 'ellis99', 'wisler0', 'mann78', 'zhan2846', 'eloewe', 'mtrivell', 'roj', 'akick']"
229,216,5,5,4,"['h20190015', 'uravisaraogi7', 'h20190017', 'h20190005']",1,['avimkumar16'],1,['h20190008'],6,"['h20190008', 'uravisaraogi7', 'avimkumar16', 'h20190005', 'h20190015', 'h20190017']"
232,212,5,113,4,"['jsimmon9', 'fedeenav', 'dtononi', 'ctjett']",1,['nicaponti'],109,"['b194658', 'm222157', 'v207054', 'i217947', 'h236651', 'christian.konishi', 'y225901', 'j123765', 'zanoni', 'f171043', 'andreispurim', 'juangalvez', 'msueker', 'odeiofeec', 'luizeduardoaraujozucchi', 'jasperdeconinck', 'lwang82', 'serodio', 'camilahyfhgf', 'magodocona', 'matheusgmmendonca', 'marcosdiaz', 'h174308', 'g172497', 'ganassinandrea', 'j199681', 'a212269', 'i174932', 'josehenriquerecio', 'lcnzg', 'c214570', 'd169448', 'heigon77', 'w188684', 'isa.caroline930', 'gnsoares', 'matsano', 'lucask', 'leyte', 'l201332', 'cauan_newton', 'mbatra310', 'gabriella', 'd169649', 'd169774', 'drbburcham', 'bdniels1', 'gabriel_dutra', 'juststopmenow', 'maronato', 'mbcoppag', 'r204993', 'j170582', 'r186454', 'juliombb', 'ppalves10', 'oozakudesu', 'sciecode', 'oozaku', 'mathbulhoes', 'joe.stifler', 'v206586', 'kadus27', 'diogoteles08', 'g169127', 'm222059', 'i199092', 'l171941', 'pengchenucla', 'evenysle', 'i175460', 'daglis', 'r204952', 'mathepionorio', 'g171932', 'm175011', 'vmmartinez2811', 'thalesrogerio', 'lostinsocorro', 'joaopedro', 'acabellocano', 'hrilina12', 'ecegeekece', 'aaaaaaaa1', 'luccassa', 'g155646', 'michael.breeding31', 'thiagoms', 'b167869', 'ramireguilherme', 'g216116', 'igorp.lopes', 'dominguilherme', 'pietro1704', 'gtzintzarov', 'cristiano.urban.slack', 'prafael18', 'larafalquetob', 'frerappa', 'pedro.julian', 'palmirasara', 'joaoppagnan', 'm156531', 'thiagolim42', 'fernandobrsales', 'jkruse', 'davicarvalho', 'v225162', 'g172185']",114,"['b194658', 'm222157', 'v207054', 'i217947', 'h236651', 'christian.konishi', 'y225901', 'j123765', 'zanoni', 'f171043', 'andreispurim', 'dtononi', 'juangalvez', 'msueker', 'odeiofeec', 'luizeduardoaraujozucchi', 'jasperdeconinck', 'lwang82', 'serodio', 'camilahyfhgf', 'magodocona', 'matheusgmmendonca', 'marcosdiaz', 'h174308', 'g172497', 'ganassinandrea', 'j199681', 'a212269', 'i174932', 'josehenriquerecio', 'lcnzg', 'c214570', 'd169448', 'heigon77', 'w188684', 'isa.caroline930', 'gnsoares', 'matsano', 'lucask', 'jsimmon9', 'leyte', 'l201332', 'cauan_newton', 'mbatra310', 'gabriella', 'd169649', 'd169774', 'drbburcham', 'bdniels1', 'gabriel_dutra', 'juststopmenow', 'maronato', 'mbcoppag', 'r204993', 'j170582', 'r186454', 'juliombb', 'ppalves10', 'oozakudesu', 'sciecode', 'oozaku', 'mathbulhoes', 'joe.stifler', 'v206586', 'kadus27', 'diogoteles08', 'nicaponti', 'g169127', 'm222059', 'i199092', 'l171941', 'pengchenucla', 'evenysle', 'i175460', 'daglis', 'r204952', 'mathepionorio', 'g171932', 'm175011', 'vmmartinez2811', 'thalesrogerio', 'lostinsocorro', 'joaopedro', 'acabellocano', 'hrilina12', 'ecegeekece', 'aaaaaaaa1', 'luccassa', 'g155646', 'michael.breeding31', 'thiagoms', 'b167869', 'ramireguilherme', 'g216116', 'igorp.lopes', 'fedeenav', 'dominguilherme', 'pietro1704', 'gtzintzarov', 'cristiano.urban.slack', 'prafael18', 'larafalquetob', 'frerappa', 'pedro.julian', 'palmirasara', 'joaoppagnan', 'm156531', 'thiagolim42', 'fernandobrsales', 'ctjett', 'jkruse', 'davicarvalho', 'v225162', 'g172185']"
232,211,5,51,2,"['nicaponti', 'fedeenav']",3,"['jsimmon9', 'dtononi', 'ctjett']",49,"['rbb0001', 'hjshook', 'npd54', 'i217947', 'aht47', 'fredysanchez2', 'ziyue2', 'daglis', 'r204952', 'rileymccarthy27', 'mvp55', 'lwang82', 'andrew2016', 'mattmattmerrill', 'finnclements', 'ganassinandrea', 'thalesrogerio', 'a212269', 'judgeofduty', 'fosbackta17', 'macks', 'hrilina12', 'ecegeekece', 'emilioar', 'alw0039', 'ganaaa12a', 'mikesnure', 'anaya.g2623', 'mbatra310', 'tflong71', 'profjanser', 'd169774', 'michael.breeding31', 'cjs476', 'izumi98077', 'blake.ballou08', 'sjl328', 'rburkins1', 'manolisc23', 'pedro.julian', 'oozaku', 'e.sdavidm', 'jte55', 'v206586', 'petercp2', 'jboniuk98', 'roychoudhuryaditya2019', 'aia00001', 'rsp79']",54,"['rbb0001', 'nicaponti', 'hjshook', 'npd54', 'i217947', 'aht47', 'fredysanchez2', 'ziyue2', 'daglis', 'r204952', 'rileymccarthy27', 'mvp55', 'dtononi', 'lwang82', 'andrew2016', 'mattmattmerrill', 'finnclements', 'ganassinandrea', 'thalesrogerio', 'a212269', 'judgeofduty', 'fosbackta17', 'macks', 'hrilina12', 'ecegeekece', 'emilioar', 'alw0039', 'jsimmon9', 'ganaaa12a', 'mikesnure', 'anaya.g2623', 'mbatra310', 'tflong71', 'profjanser', 'd169774', 'michael.breeding31', 'cjs476', 'izumi98077', 'blake.ballou08', 'fedeenav', 'sjl328', 'rburkins1', 'manolisc23', 'pedro.julian', 'oozaku', 'e.sdavidm', 'jte55', 'v206586', 'petercp2', 'ctjett', 'jboniuk98', 'roychoudhuryaditya2019', 'aia00001', 'rsp79']"
233,62,5,13,3,"['mariardzsoe', 'paulezcano7', 'rodrigogp']",2,"['slevendu', 'aliciiiiiiia']",10,"['mariarodriguezst13', 'aslopez17', 'andrea00', 'anaye', 'brunodigeronimo', 'monipetrilli', 'lola7110', 'gemmaarce', 'carlaposada', 'moonnni__']",15,"['mariardzsoe', 'aslopez17', 'brunodigeronimo', 'gemmaarce', 'moonnni__', 'paulezcano7', 'mariarodriguezst13', 'andrea00', 'anaye', 'monipetrilli', 'lola7110', 'carlaposada', 'aliciiiiiiia', 'slevendu', 'rodrigogp']"
237,201,5,23,5,"['pe268318', 'buereddyvarunireddy', 'ee18btech11031', 'abdurnawaz.2011', 'lambkin.optics']",0,[],18,"['dks2000', 'es17btech11024', 'sudeepv', 'junghun80', 'tejaswinianagani75', 'ee18btech11006', 'ee18btech11050', 'ee18btech11021', 'varuni123', 'yashguguloth', 'jevalenzuela', 'tanmay.chavan94', 'aayushgoyal27', 'tejaswini_anagani', 'ee18btech11048', 'hatem.babaa', 'rebeccaeagleton', 'mehar']",23,"['pe268318', 'dks2000', 'es17btech11024', 'sudeepv', 'ee18btech11006', 'ee18btech11021', 'varuni123', 'yashguguloth', 'abdurnawaz.2011', 'ee18btech11048', 'hatem.babaa', 'mehar', 'buereddyvarunireddy', 'junghun80', 'tejaswinianagani75', 'ee18btech11050', 'ee18btech11031', 'jevalenzuela', 'tanmay.chavan94', 'aayushgoyal27', 'lambkin.optics', 'tejaswini_anagani', 'rebeccaeagleton']"
238,112,5,5,1,['nh_engagement'],4,"['ycao99', 'jreynolds19', 'anastasia.l', 'skundu4']",4,"['eheikens', 'ericks23', 'krishn73', 'white494']",9,"['ycao99', 'ericks23', 'anastasia.l', 'eheikens', 'jreynolds19', 'krishn73', 'skundu4', 'white494', 'nh_engagement']"
239,177,5,6,4,"['vanesw', 'tmamani', 'mcoats', 'ward.michael0356']",1,['dmosemaniii'],2,"['ashornikov', 'nadelstein']",7,"['ashornikov', 'dmosemaniii', 'nadelstein', 'vanesw', 'mcoats', 'tmamani', 'ward.michael0356']"
